clusterTimeSimilarity.txt
clusterHashTagSimilarity_charge.txt
clusterNameEntitySetSimilarity_charge.txt

0.0 0.0 1.0 686: 0.918882
0.0 0.1 0.9 686: 0.918747
0.0 0.2 0.8 686: 0.922279
0.0 0.3 0.7 686: 0.922138
0.0 0.4 0.6 686: 0.924397
0.0 0.5 0.5 686: 0.926859
0.0 0.6 0.4 686: 0.927464
0.0 0.7 0.3 686: 0.925609
0.0 0.8 0.2 686: 0.926016
0.0 0.9 0.1 686: 0.925458
0.0 1.0 0.0 686: 0.881737
0.1 0.0 0.9 686: 0.917754
0.1 0.1 0.8 686: 0.922492
0.1 0.2 0.7 686: 0.925664
0.1 0.3 0.6 686: 0.926757
0.1 0.4 0.5 686: 0.932375
0.1 0.5 0.4 686: 0.939282
0.1 0.6 0.3 686: 0.939583
0.1 0.7 0.2 686: 0.940467
0.1 0.8 0.1 686: 0.943746
0.1 0.9 0.0 686: 0.938000
0.2 0.0 0.8 686: 0.920897
0.2 0.1 0.7 686: 0.925935
0.2 0.2 0.6 686: 0.927814
0.2 0.3 0.5 686: 0.933250
0.2 0.4 0.4 686: 0.938655
0.2 0.5 0.3 686: 0.945036
0.2 0.6 0.2 686: 0.945016
0.2 0.7 0.1 686: 0.943358
0.2 0.8 0.0 686: 0.938226
0.3 0.0 0.7 686: 0.922780
0.3 0.1 0.6 686: 0.930949
0.3 0.2 0.5 686: 0.942740
0.3 0.3 0.4 686: 0.945268
0.3 0.4 0.3 686: 0.946574
0.3 0.5 0.2 686: 0.944952
0.3 0.6 0.1 686: 0.943149
0.3 0.7 -0.0 686: 0.938684
0.4 0.0 0.6 686: 0.939031
0.4 0.1 0.5 686: 0.942667
0.4 0.2 0.4 686: 0.945014
0.4 0.3 0.3 686: 0.944237
0.4 0.4 0.2 686: 0.944357
0.4 0.5 0.1 686: 0.943923
0.4 0.6 -0.0 686: 0.938857
0.5 0.0 0.5 686: 0.939409
0.5 0.1 0.4 686: 0.941451
0.5 0.2 0.3 686: 0.943837
0.5 0.3 0.2 686: 0.943863
0.5 0.4 0.1 686: 0.942060
0.5 0.5 0.0 686: 0.938914
0.6 0.0 0.4 686: 0.938180
0.6 0.1 0.3 686: 0.940116
0.6 0.2 0.2 686: 0.942886
0.6 0.3 0.1 686: 0.941248
0.6 0.4 -0.0 686: 0.937818
0.7 0.0 0.3 686: 0.937361
0.7 0.1 0.2 686: 0.939614
0.7 0.2 0.1 686: 0.938703
0.7 0.3 -0.0 686: 0.937586
0.8 0.0 0.2 686: 0.936039
0.8 0.1 0.1 686: 0.936723
0.8 0.2 -0.0 686: 0.936118
0.9 0.0 0.1 686: 0.933683
0.9 0.1 -0.0 686: 0.933893
1.0 0.0 0.0 686: 0.930149

Max NMI:
0.3 0.4 0.3 686: 0.946574
