clusterTimeSimilarity.txt
clusterHashTagSimilarity_charge.txt
clusterNameEntitySetSimilarity_charge.txt

0.0 0.0 1.0 686: 0.662584
0.0 0.1 0.9 686: 0.706535
0.0 0.2 0.8 686: 0.700976
0.0 0.3 0.7 686: 0.698819
0.0 0.4 0.6 686: 0.702214
0.0 0.5 0.5 686: 0.705106
0.0 0.6 0.4 686: 0.692957
0.0 0.7 0.3 686: 0.700779
0.0 0.8 0.2 686: 0.713338
0.0 0.9 0.1 686: 0.702900
0.0 1.0 0.0 686: 0.501777
0.1 0.0 0.9 686: 0.858591
0.1 0.1 0.8 686: 0.857036
0.1 0.2 0.7 686: 0.850025
0.1 0.3 0.6 686: 0.857883
0.1 0.4 0.5 686: 0.854828
0.1 0.5 0.4 686: 0.850447
0.1 0.6 0.3 686: 0.843343
0.1 0.7 0.2 686: 0.849676
0.1 0.8 0.1 686: 0.841573
0.1 0.9 0.0 686: 0.850351
0.2 0.0 0.8 686: 0.856376
0.2 0.1 0.7 686: 0.856936
0.2 0.2 0.6 686: 0.854415
0.2 0.3 0.5 686: 0.843823
0.2 0.4 0.4 686: 0.845083
0.2 0.5 0.3 686: 0.842414
0.2 0.6 0.2 686: 0.829901
0.2 0.7 0.1 686: 0.833411
0.2 0.8 0.0 686: 0.850136
0.3 0.0 0.7 686: 0.854359
0.3 0.1 0.6 686: 0.849690
0.3 0.2 0.5 686: 0.852897
0.3 0.3 0.4 686: 0.841224
0.3 0.4 0.3 686: 0.823087
0.3 0.5 0.2 686: 0.834836
0.3 0.6 0.1 686: 0.833688
0.3 0.7 -0.0 686: 0.837254
0.4 0.0 0.6 686: 0.843671
0.4 0.1 0.5 686: 0.843095
0.4 0.2 0.4 686: 0.840470
0.4 0.3 0.3 686: 0.838730
0.4 0.4 0.2 686: 0.835895
0.4 0.5 0.1 686: 0.834462
0.4 0.6 -0.0 686: 0.834459
0.5 0.0 0.5 686: 0.844035
0.5 0.1 0.4 686: 0.842104
0.5 0.2 0.3 686: 0.840473
0.5 0.3 0.2 686: 0.834383
0.5 0.4 0.1 686: 0.841732
0.5 0.5 0.0 686: 0.837842
0.6 0.0 0.4 686: 0.852638
0.6 0.1 0.3 686: 0.842521
0.6 0.2 0.2 686: 0.844463
0.6 0.3 0.1 686: 0.849231
0.6 0.4 -0.0 686: 0.831796
0.7 0.0 0.3 686: 0.844271
0.7 0.1 0.2 686: 0.834633
0.7 0.2 0.1 686: 0.839841
0.7 0.3 -0.0 686: 0.831876
0.8 0.0 0.2 686: 0.842749
0.8 0.1 0.1 686: 0.837339
0.8 0.2 -0.0 686: 0.844865
0.9 0.0 0.1 686: 0.842856
0.9 0.1 -0.0 686: 0.843266
1.0 0.0 0.0 686: 0.848397

Max NMI:
0.1 0.0 0.9 686: 0.858591
