clusterTimeSimilarity.txt
clusterHashTagSimilarity_charge.txt
clusterNameEntitySetSimilarity_charge.txt

0.0 0.0 1.0 686: 0.920131
0.0 0.1 0.9 686: 0.927590
0.0 0.2 0.8 686: 0.929711
0.0 0.3 0.7 686: 0.931677
0.0 0.4 0.6 686: 0.932571
0.0 0.5 0.5 686: 0.934155
0.0 0.6 0.4 686: 0.933987
0.0 0.7 0.3 686: 0.935593
0.0 0.8 0.2 686: 0.934911
0.0 0.9 0.1 686: 0.935503
0.0 1.0 0.0 686: 0.885840
0.1 0.0 0.9 686: 0.926021
0.1 0.1 0.8 686: 0.930343
0.1 0.2 0.7 686: 0.932194
0.1 0.3 0.6 686: 0.934557
0.1 0.4 0.5 686: 0.935745
0.1 0.5 0.4 686: 0.937250
0.1 0.6 0.3 686: 0.937898
0.1 0.7 0.2 686: 0.940238
0.1 0.8 0.1 686: 0.941258
0.1 0.9 0.0 686: 0.938235
0.2 0.0 0.8 686: 0.928676
0.2 0.1 0.7 686: 0.932547
0.2 0.2 0.6 686: 0.934207
0.2 0.3 0.5 686: 0.938692
0.2 0.4 0.4 686: 0.939971
0.2 0.5 0.3 686: 0.942759
0.2 0.6 0.2 686: 0.943779
0.2 0.7 0.1 686: 0.943543
0.2 0.8 0.0 686: 0.939729
0.3 0.0 0.7 686: 0.933510
0.3 0.1 0.6 686: 0.935914
0.3 0.2 0.5 686: 0.939488
0.3 0.3 0.4 686: 0.941282
0.3 0.4 0.3 686: 0.941467
0.3 0.5 0.2 686: 0.943768
0.3 0.6 0.1 686: 0.942348
0.3 0.7 -0.0 686: 0.939475
0.4 0.0 0.6 686: 0.935879
0.4 0.1 0.5 686: 0.938276
0.4 0.2 0.4 686: 0.940017
0.4 0.3 0.3 686: 0.942972
0.4 0.4 0.2 686: 0.941693
0.4 0.5 0.1 686: 0.940707
0.4 0.6 -0.0 686: 0.938816
0.5 0.0 0.5 686: 0.936491
0.5 0.1 0.4 686: 0.940898
0.5 0.2 0.3 686: 0.941090
0.5 0.3 0.2 686: 0.940604
0.5 0.4 0.1 686: 0.940138
0.5 0.5 0.0 686: 0.937984
0.6 0.0 0.4 686: 0.938157
0.6 0.1 0.3 686: 0.938945
0.6 0.2 0.2 686: 0.939362
0.6 0.3 0.1 686: 0.937985
0.6 0.4 -0.0 686: 0.936582
0.7 0.0 0.3 686: 0.936517
0.7 0.1 0.2 686: 0.937398
0.7 0.2 0.1 686: 0.936334
0.7 0.3 -0.0 686: 0.935634
0.8 0.0 0.2 686: 0.935252
0.8 0.1 0.1 686: 0.935308
0.8 0.2 -0.0 686: 0.934900
0.9 0.0 0.1 686: 0.933174
0.9 0.1 -0.0 686: 0.933907
1.0 0.0 0.0 686: 0.930488

Max NMI:
0.2 0.6 0.2 686: 0.943779
