clusterTimeSimilarity.txt
clusterHashTagSimilarity_charge.txt
clusterNameEntitySetSimilarity_charge.txt

0.0 0.0 1.0 686: 0.910069
0.0 0.1 0.9 686: 0.905894
0.0 0.2 0.8 686: 0.896827
0.0 0.3 0.7 686: 0.896553
0.0 0.4 0.6 686: 0.901076
0.0 0.5 0.5 686: 0.900445
0.0 0.6 0.4 686: 0.896230
0.0 0.7 0.3 686: 0.898790
0.0 0.8 0.2 686: 0.900018
0.0 0.9 0.1 686: 0.911338
0.0 1.0 0.0 686: 0.891684
0.1 0.0 0.9 686: 0.927138
0.1 0.1 0.8 686: 0.922620
0.1 0.2 0.7 686: 0.921426
0.1 0.3 0.6 686: 0.921819
0.1 0.4 0.5 686: 0.920051
0.1 0.5 0.4 686: 0.920431
0.1 0.6 0.3 686: 0.919670
0.1 0.7 0.2 686: 0.921639
0.1 0.8 0.1 686: 0.921019
0.1 0.9 0.0 686: 0.929436
0.2 0.0 0.8 686: 0.926925
0.2 0.1 0.7 686: 0.922646
0.2 0.2 0.6 686: 0.921781
0.2 0.3 0.5 686: 0.921765
0.2 0.4 0.4 686: 0.921412
0.2 0.5 0.3 686: 0.920860
0.2 0.6 0.2 686: 0.923244
0.2 0.7 0.1 686: 0.923719
0.2 0.8 0.0 686: 0.929704
0.3 0.0 0.7 686: 0.926032
0.3 0.1 0.6 686: 0.921884
0.3 0.2 0.5 686: 0.922329
0.3 0.3 0.4 686: 0.923508
0.3 0.4 0.3 686: 0.921715
0.3 0.5 0.2 686: 0.924076
0.3 0.6 0.1 686: 0.924183
0.3 0.7 -0.0 686: 0.929704
0.4 0.0 0.6 686: 0.928166
0.4 0.1 0.5 686: 0.924034
0.4 0.2 0.4 686: 0.923207
0.4 0.3 0.3 686: 0.923453
0.4 0.4 0.2 686: 0.923478
0.4 0.5 0.1 686: 0.923987
0.4 0.6 -0.0 686: 0.928733
0.5 0.0 0.5 686: 0.927193
0.5 0.1 0.4 686: 0.924045
0.5 0.2 0.3 686: 0.923651
0.5 0.3 0.2 686: 0.924846
0.5 0.4 0.1 686: 0.925706
0.5 0.5 0.0 686: 0.930108
0.6 0.0 0.4 686: 0.925501
0.6 0.1 0.3 686: 0.924661
0.6 0.2 0.2 686: 0.924133
0.6 0.3 0.1 686: 0.926998
0.6 0.4 -0.0 686: 0.929765
0.7 0.0 0.3 686: 0.925142
0.7 0.1 0.2 686: 0.926303
0.7 0.2 0.1 686: 0.926725
0.7 0.3 -0.0 686: 0.929613
0.8 0.0 0.2 686: 0.925745
0.8 0.1 0.1 686: 0.928691
0.8 0.2 -0.0 686: 0.930080
0.9 0.0 0.1 686: 0.927532
0.9 0.1 -0.0 686: 0.929432
1.0 0.0 0.0 686: 0.931328

Max NMI:
1.0 0.0 0.0 686: 0.931328
