clusterTimeSimilarity.txt
clusterHashTagSimilarity_charge.txt
clusterNameEntitySetSimilarity_charge.txt

0.0 0.0 1.0 686: 0.919935
0.0 0.1 0.9 686: 0.924577
0.0 0.2 0.8 686: 0.926764
0.0 0.3 0.7 686: 0.928745
0.0 0.4 0.6 686: 0.929357
0.0 0.5 0.5 686: 0.931583
0.0 0.6 0.4 686: 0.935632
0.0 0.7 0.3 686: 0.933194
0.0 0.8 0.2 686: 0.939041
0.0 0.9 0.1 686: 0.940708
0.0 1.0 0.0 686: 0.891267
0.1 0.0 0.9 686: 0.923591
0.1 0.1 0.8 686: 0.927854
0.1 0.2 0.7 686: 0.931402
0.1 0.3 0.6 686: 0.934580
0.1 0.4 0.5 686: 0.940302
0.1 0.5 0.4 686: 0.943494
0.1 0.6 0.3 686: 0.943517
0.1 0.7 0.2 686: 0.944924
0.1 0.8 0.1 686: 0.944078
0.1 0.9 0.0 686: 0.939233
0.2 0.0 0.8 686: 0.930730
0.2 0.1 0.7 686: 0.936019
0.2 0.2 0.6 686: 0.940940
0.2 0.3 0.5 686: 0.944182
0.2 0.4 0.4 686: 0.945914
0.2 0.5 0.3 686: 0.946658
0.2 0.6 0.2 686: 0.944722
0.2 0.7 0.1 686: 0.942806
0.2 0.8 0.0 686: 0.939368
0.3 0.0 0.7 686: 0.939315
0.3 0.1 0.6 686: 0.944073
0.3 0.2 0.5 686: 0.945355
0.3 0.3 0.4 686: 0.945915
0.3 0.4 0.3 686: 0.945736
0.3 0.5 0.2 686: 0.944426
0.3 0.6 0.1 686: 0.943176
0.3 0.7 -0.0 686: 0.939816
0.4 0.0 0.6 686: 0.941508
0.4 0.1 0.5 686: 0.944083
0.4 0.2 0.4 686: 0.944152
0.4 0.3 0.3 686: 0.944449
0.4 0.4 0.2 686: 0.944245
0.4 0.5 0.1 686: 0.942466
0.4 0.6 -0.0 686: 0.939863
0.5 0.0 0.5 686: 0.940651
0.5 0.1 0.4 686: 0.942379
0.5 0.2 0.3 686: 0.942440
0.5 0.3 0.2 686: 0.943391
0.5 0.4 0.1 686: 0.941496
0.5 0.5 0.0 686: 0.938667
0.6 0.0 0.4 686: 0.939023
0.6 0.1 0.3 686: 0.940708
0.6 0.2 0.2 686: 0.942265
0.6 0.3 0.1 686: 0.940523
0.6 0.4 -0.0 686: 0.937648
0.7 0.0 0.3 686: 0.938400
0.7 0.1 0.2 686: 0.939523
0.7 0.2 0.1 686: 0.939416
0.7 0.3 -0.0 686: 0.937355
0.8 0.0 0.2 686: 0.936885
0.8 0.1 0.1 686: 0.937263
0.8 0.2 -0.0 686: 0.936427
0.9 0.0 0.1 686: 0.934697
0.9 0.1 -0.0 686: 0.934628
1.0 0.0 0.0 686: 0.930914

Max NMI:
0.2 0.5 0.3 686: 0.946658
