clusterTimeSimilarity.txt
clusterHashTagSimilarity_charge.txt
clusterNameEntitySetSimilarity_charge.txt

0.0 0.0 1.0 686: 0.917590
0.0 0.1 0.9 686: 0.917945
0.0 0.2 0.8 686: 0.922873
0.0 0.3 0.7 686: 0.924071
0.0 0.4 0.6 686: 0.925438
0.0 0.5 0.5 686: 0.930208
0.0 0.6 0.4 686: 0.930735
0.0 0.7 0.3 686: 0.926300
0.0 0.8 0.2 686: 0.927126
0.0 0.9 0.1 686: 0.923707
0.0 1.0 0.0 686: 0.881737
0.1 0.0 0.9 686: 0.917408
0.1 0.1 0.8 686: 0.920588
0.1 0.2 0.7 686: 0.925309
0.1 0.3 0.6 686: 0.927222
0.1 0.4 0.5 686: 0.934025
0.1 0.5 0.4 686: 0.939786
0.1 0.6 0.3 686: 0.939180
0.1 0.7 0.2 686: 0.939739
0.1 0.8 0.1 686: 0.942834
0.1 0.9 0.0 686: 0.936899
0.2 0.0 0.8 686: 0.921904
0.2 0.1 0.7 686: 0.925392
0.2 0.2 0.6 686: 0.927707
0.2 0.3 0.5 686: 0.934560
0.2 0.4 0.4 686: 0.940574
0.2 0.5 0.3 686: 0.944849
0.2 0.6 0.2 686: 0.945035
0.2 0.7 0.1 686: 0.944018
0.2 0.8 0.0 686: 0.938203
0.3 0.0 0.7 686: 0.923883
0.3 0.1 0.6 686: 0.931623
0.3 0.2 0.5 686: 0.943073
0.3 0.3 0.4 686: 0.945929
0.3 0.4 0.3 686: 0.946309
0.3 0.5 0.2 686: 0.944680
0.3 0.6 0.1 686: 0.943149
0.3 0.7 -0.0 686: 0.938684
0.4 0.0 0.6 686: 0.939153
0.4 0.1 0.5 686: 0.942838
0.4 0.2 0.4 686: 0.944416
0.4 0.3 0.3 686: 0.943888
0.4 0.4 0.2 686: 0.945415
0.4 0.5 0.1 686: 0.943414
0.4 0.6 -0.0 686: 0.938957
0.5 0.0 0.5 686: 0.938691
0.5 0.1 0.4 686: 0.941076
0.5 0.2 0.3 686: 0.943620
0.5 0.3 0.2 686: 0.944063
0.5 0.4 0.1 686: 0.941828
0.5 0.5 0.0 686: 0.939722
0.6 0.0 0.4 686: 0.938161
0.6 0.1 0.3 686: 0.940417
0.6 0.2 0.2 686: 0.942377
0.6 0.3 0.1 686: 0.941248
0.6 0.4 -0.0 686: 0.937818
0.7 0.0 0.3 686: 0.937826
0.7 0.1 0.2 686: 0.939614
0.7 0.2 0.1 686: 0.938585
0.7 0.3 -0.0 686: 0.937586
0.8 0.0 0.2 686: 0.936039
0.8 0.1 0.1 686: 0.936605
0.8 0.2 -0.0 686: 0.936118
0.9 0.0 0.1 686: 0.933683
0.9 0.1 -0.0 686: 0.933893
1.0 0.0 0.0 686: 0.930149

Max NMI:
0.3 0.4 0.3 686: 0.946309
