clusterTimeSimilarity.txt
clusterHashTagSimilarity_charge.txt
clusterNameEntitySetSimilarity_charge.txt

0.0 0.0 1.0 686: 0.707890
0.0 0.1 0.9 686: 0.781945
0.0 0.2 0.8 686: 0.782094
0.0 0.3 0.7 686: 0.780874
0.0 0.4 0.6 686: 0.781475
0.0 0.5 0.5 686: 0.781498
0.0 0.6 0.4 686: 0.781120
0.0 0.7 0.3 686: 0.780169
0.0 0.8 0.2 686: 0.781349
0.0 0.9 0.1 686: 0.781796
0.0 1.0 0.0 686: 0.518504
0.1 0.0 0.9 686: 0.929706
0.1 0.1 0.8 686: 0.930353
0.1 0.2 0.7 686: 0.928590
0.1 0.3 0.6 686: 0.929416
0.1 0.4 0.5 686: 0.924734
0.1 0.5 0.4 686: 0.931745
0.1 0.6 0.3 686: 0.926431
0.1 0.7 0.2 686: 0.925559
0.1 0.8 0.1 686: 0.927110
0.1 0.9 0.0 686: 0.930609
0.2 0.0 0.8 686: 0.927307
0.2 0.1 0.7 686: 0.927587
0.2 0.2 0.6 686: 0.926822
0.2 0.3 0.5 686: 0.926193
0.2 0.4 0.4 686: 0.927792
0.2 0.5 0.3 686: 0.925037
0.2 0.6 0.2 686: 0.926198
0.2 0.7 0.1 686: 0.929002
0.2 0.8 0.0 686: 0.928681
0.3 0.0 0.7 686: 0.927905
0.3 0.1 0.6 686: 0.927293
0.3 0.2 0.5 686: 0.928411
0.3 0.3 0.4 686: 0.926898
0.3 0.4 0.3 686: 0.924408
0.3 0.5 0.2 686: 0.926437
0.3 0.6 0.1 686: 0.926763
0.3 0.7 -0.0 686: 0.929181
0.4 0.0 0.6 686: 0.928479
0.4 0.1 0.5 686: 0.929917
0.4 0.2 0.4 686: 0.925908
0.4 0.3 0.3 686: 0.928609
0.4 0.4 0.2 686: 0.927413
0.4 0.5 0.1 686: 0.926063
0.4 0.6 -0.0 686: 0.927478
0.5 0.0 0.5 686: 0.929083
0.5 0.1 0.4 686: 0.926521
0.5 0.2 0.3 686: 0.927166
0.5 0.3 0.2 686: 0.926383
0.5 0.4 0.1 686: 0.926009
0.5 0.5 0.0 686: 0.927978
0.6 0.0 0.4 686: 0.928755
0.6 0.1 0.3 686: 0.927999
0.6 0.2 0.2 686: 0.929101
0.6 0.3 0.1 686: 0.927613
0.6 0.4 -0.0 686: 0.929679
0.7 0.0 0.3 686: 0.926208
0.7 0.1 0.2 686: 0.926988
0.7 0.2 0.1 686: 0.927344
0.7 0.3 -0.0 686: 0.928007
0.8 0.0 0.2 686: 0.927470
0.8 0.1 0.1 686: 0.929391
0.8 0.2 -0.0 686: 0.929880
0.9 0.0 0.1 686: 0.927494
0.9 0.1 -0.0 686: 0.928743
1.0 0.0 0.0 686: 0.929542

Max NMI:
0.1 0.5 0.4 686: 0.931745
