clusterTimeSimilarity.txt
clusterHashTagSimilarity_charge.txt
clusterNameEntitySetSimilarity_charge.txt

0.0 0.0 1.0 686: 0.866699
0.0 0.1 0.9 686: 0.866545
0.0 0.2 0.8 686: 0.866545
0.0 0.3 0.7 686: 0.866890
0.0 0.4 0.6 686: 0.864089
0.0 0.5 0.5 686: 0.859963
0.0 0.6 0.4 686: 0.868762
0.0 0.7 0.3 686: 0.870891
0.0 0.8 0.2 686: 0.870827
0.0 0.9 0.1 686: 0.870827
0.0 1.0 0.0 686: 0.871664
0.1 0.0 0.9 686: 0.882471
0.1 0.1 0.8 686: 0.882471
0.1 0.2 0.7 686: 0.882471
0.1 0.3 0.6 686: 0.882800
0.1 0.4 0.5 686: 0.898477
0.1 0.5 0.4 686: 0.904624
0.1 0.6 0.3 686: 0.903616
0.1 0.7 0.2 686: 0.905629
0.1 0.8 0.1 686: 0.907183
0.1 0.9 0.0 686: 0.910998
0.2 0.0 0.8 686: 0.882471
0.2 0.1 0.7 686: 0.882471
0.2 0.2 0.6 686: 0.882800
0.2 0.3 0.5 686: 0.898642
0.2 0.4 0.4 686: 0.903240
0.2 0.5 0.3 686: 0.904958
0.2 0.6 0.2 686: 0.907183
0.2 0.7 0.1 686: 0.909922
0.2 0.8 0.0 686: 0.910998
0.3 0.0 0.7 686: 0.882471
0.3 0.1 0.6 686: 0.893020
0.3 0.2 0.5 686: 0.897905
0.3 0.3 0.4 686: 0.906421
0.3 0.4 0.3 686: 0.909199
0.3 0.5 0.2 686: 0.917755
0.3 0.6 0.1 686: 0.912012
0.3 0.7 -0.0 686: 0.910998
0.4 0.0 0.6 686: 0.891331
0.4 0.1 0.5 686: 0.909758
0.4 0.2 0.4 686: 0.916558
0.4 0.3 0.3 686: 0.931596
0.4 0.4 0.2 686: 0.932445
0.4 0.5 0.1 686: 0.925463
0.4 0.6 -0.0 686: 0.925661
0.5 0.0 0.5 686: 0.925434
0.5 0.1 0.4 686: 0.934028
0.5 0.2 0.3 686: 0.935204
0.5 0.3 0.2 686: 0.935513
0.5 0.4 0.1 686: 0.933810
0.5 0.5 0.0 686: 0.931966
0.6 0.0 0.4 686: 0.931915
0.6 0.1 0.3 686: 0.935087
0.6 0.2 0.2 686: 0.936594
0.6 0.3 0.1 686: 0.933474
0.6 0.4 -0.0 686: 0.932022
0.7 0.0 0.3 686: 0.932123
0.7 0.1 0.2 686: 0.932080
0.7 0.2 0.1 686: 0.933417
0.7 0.3 -0.0 686: 0.933572
0.8 0.0 0.2 686: 0.930638
0.8 0.1 0.1 686: 0.931483
0.8 0.2 -0.0 686: 0.933976
0.9 0.0 0.1 686: 0.929582
0.9 0.1 -0.0 686: 0.930396
1.0 0.0 0.0 686: 0.928255

Max NMI:
0.6 0.2 0.2 686: 0.936594
