clusterTimeSimilarity.txt
clusterHashTagSimilarity.txt
clusterNameEntitySetSimilarity.txt

0.0 0.0 1.0 686: 0.918587
0.0 0.1 0.9 686: 0.919312
0.0 0.2 0.8 686: 0.929039
0.0 0.3 0.7 686: 0.930158
0.0 0.4 0.6 686: 0.932348
0.0 0.5 0.5 686: 0.933534
0.0 0.6 0.4 686: 0.934400
0.0 0.7 0.3 686: 0.936048
0.0 0.8 0.2 686: 0.936162
0.0 0.9 0.1 686: 0.934038
0.0 1.0 0.0 686: 0.881737
0.1 0.0 0.9 686: 0.922019
0.1 0.1 0.8 686: 0.929470
0.1 0.2 0.7 686: 0.932474
0.1 0.3 0.6 686: 0.934706
0.1 0.4 0.5 686: 0.936097
0.1 0.5 0.4 686: 0.938068
0.1 0.6 0.3 686: 0.939537
0.1 0.7 0.2 686: 0.941441
0.1 0.8 0.1 686: 0.944697
0.1 0.9 0.0 686: 0.938138
0.2 0.0 0.8 686: 0.927798
0.2 0.1 0.7 686: 0.932811
0.2 0.2 0.6 686: 0.934175
0.2 0.3 0.5 686: 0.938260
0.2 0.4 0.4 686: 0.941607
0.2 0.5 0.3 686: 0.942985
0.2 0.6 0.2 686: 0.945949
0.2 0.7 0.1 686: 0.945860
0.2 0.8 0.0 686: 0.939855
0.3 0.0 0.7 686: 0.932730
0.3 0.1 0.6 686: 0.938235
0.3 0.2 0.5 686: 0.939371
0.3 0.3 0.4 686: 0.941521
0.3 0.4 0.3 686: 0.946029
0.3 0.5 0.2 686: 0.947748
0.3 0.6 0.1 686: 0.945475
0.3 0.7 -0.0 686: 0.940265
0.4 0.0 0.6 686: 0.935493
0.4 0.1 0.5 686: 0.939477
0.4 0.2 0.4 686: 0.944112
0.4 0.3 0.3 686: 0.946060
0.4 0.4 0.2 686: 0.944937
0.4 0.5 0.1 686: 0.943697
0.4 0.6 -0.0 686: 0.940296
0.5 0.0 0.5 686: 0.938554
0.5 0.1 0.4 686: 0.943369
0.5 0.2 0.3 686: 0.944167
0.5 0.3 0.2 686: 0.943838
0.5 0.4 0.1 686: 0.942768
0.5 0.5 0.0 686: 0.938913
0.6 0.0 0.4 686: 0.939965
0.6 0.1 0.3 686: 0.942433
0.6 0.2 0.2 686: 0.942996
0.6 0.3 0.1 686: 0.941032
0.6 0.4 -0.0 686: 0.938712
0.7 0.0 0.3 686: 0.938291
0.7 0.1 0.2 686: 0.939455
0.7 0.2 0.1 686: 0.940261
0.7 0.3 -0.0 686: 0.937679
0.8 0.0 0.2 686: 0.936381
0.8 0.1 0.1 686: 0.938160
0.8 0.2 -0.0 686: 0.936054
0.9 0.0 0.1 686: 0.934389
0.9 0.1 -0.0 686: 0.934725
1.0 0.0 0.0 686: 0.930149

Max NMI:
0.3 0.5 0.2 686: 0.947748
