clusterTimeSimilarity.txt
clusterHashTagSimilarity.txt
clusterNameEntitySetSimilarity.txt

0.0 0.0 1.0 686: 0.919058
0.0 0.1 0.9 686: 0.927559
0.0 0.2 0.8 686: 0.929144
0.0 0.3 0.7 686: 0.930132
0.0 0.4 0.6 686: 0.932719
0.0 0.5 0.5 686: 0.933502
0.0 0.6 0.4 686: 0.934315
0.0 0.7 0.3 686: 0.935183
0.0 0.8 0.2 686: 0.934968
0.0 0.9 0.1 686: 0.934849
0.0 1.0 0.0 686: 0.881337
0.1 0.0 0.9 686: 0.925519
0.1 0.1 0.8 686: 0.930400
0.1 0.2 0.7 686: 0.931861
0.1 0.3 0.6 686: 0.934766
0.1 0.4 0.5 686: 0.935582
0.1 0.5 0.4 686: 0.936521
0.1 0.6 0.3 686: 0.938145
0.1 0.7 0.2 686: 0.940401
0.1 0.8 0.1 686: 0.943749
0.1 0.9 0.0 686: 0.938249
0.2 0.0 0.8 686: 0.928174
0.2 0.1 0.7 686: 0.933656
0.2 0.2 0.6 686: 0.934687
0.2 0.3 0.5 686: 0.938589
0.2 0.4 0.4 686: 0.940862
0.2 0.5 0.3 686: 0.942959
0.2 0.6 0.2 686: 0.944834
0.2 0.7 0.1 686: 0.944633
0.2 0.8 0.0 686: 0.938902
0.3 0.0 0.7 686: 0.933416
0.3 0.1 0.6 686: 0.937845
0.3 0.2 0.5 686: 0.939842
0.3 0.3 0.4 686: 0.942199
0.3 0.4 0.3 686: 0.945106
0.3 0.5 0.2 686: 0.946365
0.3 0.6 0.1 686: 0.945429
0.3 0.7 -0.0 686: 0.940365
0.4 0.0 0.6 686: 0.935602
0.4 0.1 0.5 686: 0.939830
0.4 0.2 0.4 686: 0.944432
0.4 0.3 0.3 686: 0.945926
0.4 0.4 0.2 686: 0.944937
0.4 0.5 0.1 686: 0.942657
0.4 0.6 -0.0 686: 0.939468
0.5 0.0 0.5 686: 0.938502
0.5 0.1 0.4 686: 0.943344
0.5 0.2 0.3 686: 0.944564
0.5 0.3 0.2 686: 0.943745
0.5 0.4 0.1 686: 0.942768
0.5 0.5 0.0 686: 0.938913
0.6 0.0 0.4 686: 0.939466
0.6 0.1 0.3 686: 0.942433
0.6 0.2 0.2 686: 0.942996
0.6 0.3 0.1 686: 0.940905
0.6 0.4 -0.0 686: 0.938392
0.7 0.0 0.3 686: 0.938291
0.7 0.1 0.2 686: 0.939455
0.7 0.2 0.1 686: 0.940261
0.7 0.3 -0.0 686: 0.937253
0.8 0.0 0.2 686: 0.936381
0.8 0.1 0.1 686: 0.938160
0.8 0.2 -0.0 686: 0.935714
0.9 0.0 0.1 686: 0.934389
0.9 0.1 -0.0 686: 0.934725
1.0 0.0 0.0 686: 0.930149

Max NMI:
0.3 0.5 0.2 686: 0.946365
