clusterTimeSimilarity.txt
clusterHashTagSimilarity.txt
clusterNameEntitySetSimilarity.txt

0.0 0.0 1.0 686: 0.914425
0.0 0.1 0.9 686: 0.902278
0.0 0.2 0.8 686: 0.907419
0.0 0.3 0.7 686: 0.894958
0.0 0.4 0.6 686: 0.905362
0.0 0.5 0.5 686: 0.906612
0.0 0.6 0.4 686: 0.900405
0.0 0.7 0.3 686: 0.894826
0.0 0.8 0.2 686: 0.894860
0.0 0.9 0.1 686: 0.900247
0.0 1.0 0.0 686: 0.894618
0.1 0.0 0.9 686: 0.927439
0.1 0.1 0.8 686: 0.920039
0.1 0.2 0.7 686: 0.919590
0.1 0.3 0.6 686: 0.918991
0.1 0.4 0.5 686: 0.918550
0.1 0.5 0.4 686: 0.917923
0.1 0.6 0.3 686: 0.919327
0.1 0.7 0.2 686: 0.918513
0.1 0.8 0.1 686: 0.919792
0.1 0.9 0.0 686: 0.929289
0.2 0.0 0.8 686: 0.927590
0.2 0.1 0.7 686: 0.919734
0.2 0.2 0.6 686: 0.919423
0.2 0.3 0.5 686: 0.919622
0.2 0.4 0.4 686: 0.918892
0.2 0.5 0.3 686: 0.918182
0.2 0.6 0.2 686: 0.917932
0.2 0.7 0.1 686: 0.919720
0.2 0.8 0.0 686: 0.929289
0.3 0.0 0.7 686: 0.927762
0.3 0.1 0.6 686: 0.918864
0.3 0.2 0.5 686: 0.920086
0.3 0.3 0.4 686: 0.919953
0.3 0.4 0.3 686: 0.918672
0.3 0.5 0.2 686: 0.918782
0.3 0.6 0.1 686: 0.921488
0.3 0.7 -0.0 686: 0.929289
0.4 0.0 0.6 686: 0.927264
0.4 0.1 0.5 686: 0.921578
0.4 0.2 0.4 686: 0.921199
0.4 0.3 0.3 686: 0.919403
0.4 0.4 0.2 686: 0.919924
0.4 0.5 0.1 686: 0.921655
0.4 0.6 -0.0 686: 0.929282
0.5 0.0 0.5 686: 0.927204
0.5 0.1 0.4 686: 0.921388
0.5 0.2 0.3 686: 0.920102
0.5 0.3 0.2 686: 0.919237
0.5 0.4 0.1 686: 0.921812
0.5 0.5 0.0 686: 0.929329
0.6 0.0 0.4 686: 0.927515
0.6 0.1 0.3 686: 0.921357
0.6 0.2 0.2 686: 0.919932
0.6 0.3 0.1 686: 0.921909
0.6 0.4 -0.0 686: 0.929704
0.7 0.0 0.3 686: 0.927836
0.7 0.1 0.2 686: 0.922112
0.7 0.2 0.1 686: 0.922557
0.7 0.3 -0.0 686: 0.929882
0.8 0.0 0.2 686: 0.927161
0.8 0.1 0.1 686: 0.920471
0.8 0.2 -0.0 686: 0.929718
0.9 0.0 0.1 686: 0.926788
0.9 0.1 -0.0 686: 0.929722
1.0 0.0 0.0 686: 0.931422

Max NMI:
1.0 0.0 0.0 686: 0.931422
