clusterTimeSimilarity.txt
clusterHashTagSimilarity.txt
clusterNameEntitySetSimilarity.txt

0.0 0.0 1.0 686: 0.887682
0.0 0.1 0.9 686: 0.887682
0.0 0.2 0.8 686: 0.887760
0.0 0.3 0.7 686: 0.897992
0.0 0.4 0.6 686: 0.897992
0.0 0.5 0.5 686: 0.894282
0.0 0.6 0.4 686: 0.894393
0.0 0.7 0.3 686: 0.899636
0.0 0.8 0.2 686: 0.901545
0.0 0.9 0.1 686: 0.902210
0.0 1.0 0.0 686: 0.869456
0.1 0.0 0.9 686: 0.888345
0.1 0.1 0.8 686: 0.888364
0.1 0.2 0.7 686: 0.899027
0.1 0.3 0.6 686: 0.901585
0.1 0.4 0.5 686: 0.903825
0.1 0.5 0.4 686: 0.908834
0.1 0.6 0.3 686: 0.911199
0.1 0.7 0.2 686: 0.921481
0.1 0.8 0.1 686: 0.912343
0.1 0.9 0.0 686: 0.919133
0.2 0.0 0.8 686: 0.885950
0.2 0.1 0.7 686: 0.891038
0.2 0.2 0.6 686: 0.904560
0.2 0.3 0.5 686: 0.909287
0.2 0.4 0.4 686: 0.908222
0.2 0.5 0.3 686: 0.917105
0.2 0.6 0.2 686: 0.909345
0.2 0.7 0.1 686: 0.934536
0.2 0.8 0.0 686: 0.931136
0.3 0.0 0.7 686: 0.887507
0.3 0.1 0.6 686: 0.898919
0.3 0.2 0.5 686: 0.900849
0.3 0.3 0.4 686: 0.904750
0.3 0.4 0.3 686: 0.908356
0.3 0.5 0.2 686: 0.930761
0.3 0.6 0.1 686: 0.936644
0.3 0.7 -0.0 686: 0.932985
0.4 0.0 0.6 686: 0.896508
0.4 0.1 0.5 686: 0.903207
0.4 0.2 0.4 686: 0.907431
0.4 0.3 0.3 686: 0.932419
0.4 0.4 0.2 686: 0.937554
0.4 0.5 0.1 686: 0.935574
0.4 0.6 -0.0 686: 0.933749
0.5 0.0 0.5 686: 0.901114
0.5 0.1 0.4 686: 0.929555
0.5 0.2 0.3 686: 0.933872
0.5 0.3 0.2 686: 0.936720
0.5 0.4 0.1 686: 0.936081
0.5 0.5 0.0 686: 0.934569
0.6 0.0 0.4 686: 0.930161
0.6 0.1 0.3 686: 0.935023
0.6 0.2 0.2 686: 0.935772
0.6 0.3 0.1 686: 0.933962
0.6 0.4 -0.0 686: 0.934758
0.7 0.0 0.3 686: 0.932104
0.7 0.1 0.2 686: 0.933692
0.7 0.2 0.1 686: 0.934955
0.7 0.3 -0.0 686: 0.934767
0.8 0.0 0.2 686: 0.930863
0.8 0.1 0.1 686: 0.933631
0.8 0.2 -0.0 686: 0.933275
0.9 0.0 0.1 686: 0.931207
0.9 0.1 -0.0 686: 0.931321
1.0 0.0 0.0 686: 0.928255

Max NMI:
0.4 0.4 0.2 686: 0.937554
