clusterTimeSimilarity.txt
clusterHashTagSimilarity.txt
clusterNameEntitySetSimilarity.txt

0.0 0.0 1.0 686: 0.692021
0.0 0.1 0.9 686: 0.759099
0.0 0.2 0.8 686: 0.758488
0.0 0.3 0.7 686: 0.758907
0.0 0.4 0.6 686: 0.757851
0.0 0.5 0.5 686: 0.760628
0.0 0.6 0.4 686: 0.757065
0.0 0.7 0.3 686: 0.757705
0.0 0.8 0.2 686: 0.755768
0.0 0.9 0.1 686: 0.756746
0.0 1.0 0.0 686: 0.512386
0.1 0.0 0.9 686: 0.890334
0.1 0.1 0.8 686: 0.893752
0.1 0.2 0.7 686: 0.888994
0.1 0.3 0.6 686: 0.895516
0.1 0.4 0.5 686: 0.893647
0.1 0.5 0.4 686: 0.889778
0.1 0.6 0.3 686: 0.895127
0.1 0.7 0.2 686: 0.896404
0.1 0.8 0.1 686: 0.889335
0.1 0.9 0.0 686: 0.872569
0.2 0.0 0.8 686: 0.891682
0.2 0.1 0.7 686: 0.898193
0.2 0.2 0.6 686: 0.897939
0.2 0.3 0.5 686: 0.894601
0.2 0.4 0.4 686: 0.893731
0.2 0.5 0.3 686: 0.897745
0.2 0.6 0.2 686: 0.895765
0.2 0.7 0.1 686: 0.897378
0.2 0.8 0.0 686: 0.879032
0.3 0.0 0.7 686: 0.897132
0.3 0.1 0.6 686: 0.896561
0.3 0.2 0.5 686: 0.896974
0.3 0.3 0.4 686: 0.898747
0.3 0.4 0.3 686: 0.898145
0.3 0.5 0.2 686: 0.895897
0.3 0.6 0.1 686: 0.896654
0.3 0.7 -0.0 686: 0.882468
0.4 0.0 0.6 686: 0.900614
0.4 0.1 0.5 686: 0.900323
0.4 0.2 0.4 686: 0.900543
0.4 0.3 0.3 686: 0.897874
0.4 0.4 0.2 686: 0.899314
0.4 0.5 0.1 686: 0.896395
0.4 0.6 -0.0 686: 0.887115
0.5 0.0 0.5 686: 0.902017
0.5 0.1 0.4 686: 0.898183
0.5 0.2 0.3 686: 0.897292
0.5 0.3 0.2 686: 0.897965
0.5 0.4 0.1 686: 0.895728
0.5 0.5 0.0 686: 0.887499
0.6 0.0 0.4 686: 0.900579
0.6 0.1 0.3 686: 0.900144
0.6 0.2 0.2 686: 0.896438
0.6 0.3 0.1 686: 0.898170
0.6 0.4 -0.0 686: 0.893277
0.7 0.0 0.3 686: 0.899995
0.7 0.1 0.2 686: 0.900591
0.7 0.2 0.1 686: 0.903532
0.7 0.3 -0.0 686: 0.894371
0.8 0.0 0.2 686: 0.902051
0.8 0.1 0.1 686: 0.900712
0.8 0.2 -0.0 686: 0.899453
0.9 0.0 0.1 686: 0.904672
0.9 0.1 -0.0 686: 0.895970
1.0 0.0 0.0 686: 0.890498

Max NMI:
0.9 0.0 0.1 686: 0.904672
