clusterTimeSimilarity.txt
clusterHashTagSimilarity.txt
clusterNameEntitySetSimilarity.txt

0.0 0.0 1.0 686: 0.893429
0.0 0.1 0.9 686: 0.907945
0.0 0.2 0.8 686: 0.901508
0.0 0.3 0.7 686: 0.911022
0.0 0.4 0.6 686: 0.906925
0.0 0.5 0.5 686: 0.907224
0.0 0.6 0.4 686: 0.899971
0.0 0.7 0.3 686: 0.905200
0.0 0.8 0.2 686: 0.902466
0.0 0.9 0.1 686: 0.909496
0.0 1.0 0.0 686: 0.880538
0.1 0.0 0.9 686: 0.922806
0.1 0.1 0.8 686: 0.920659
0.1 0.2 0.7 686: 0.919239
0.1 0.3 0.6 686: 0.921878
0.1 0.4 0.5 686: 0.921698
0.1 0.5 0.4 686: 0.922795
0.1 0.6 0.3 686: 0.921999
0.1 0.7 0.2 686: 0.921272
0.1 0.8 0.1 686: 0.920972
0.1 0.9 0.0 686: 0.928240
0.2 0.0 0.8 686: 0.920397
0.2 0.1 0.7 686: 0.920376
0.2 0.2 0.6 686: 0.921650
0.2 0.3 0.5 686: 0.921286
0.2 0.4 0.4 686: 0.920456
0.2 0.5 0.3 686: 0.920655
0.2 0.6 0.2 686: 0.919072
0.2 0.7 0.1 686: 0.919928
0.2 0.8 0.0 686: 0.925123
0.3 0.0 0.7 686: 0.921494
0.3 0.1 0.6 686: 0.919664
0.3 0.2 0.5 686: 0.920999
0.3 0.3 0.4 686: 0.921571
0.3 0.4 0.3 686: 0.921528
0.3 0.5 0.2 686: 0.920585
0.3 0.6 0.1 686: 0.920436
0.3 0.7 -0.0 686: 0.923628
0.4 0.0 0.6 686: 0.920496
0.4 0.1 0.5 686: 0.920476
0.4 0.2 0.4 686: 0.921028
0.4 0.3 0.3 686: 0.920382
0.4 0.4 0.2 686: 0.920112
0.4 0.5 0.1 686: 0.920678
0.4 0.6 -0.0 686: 0.922830
0.5 0.0 0.5 686: 0.920432
0.5 0.1 0.4 686: 0.920714
0.5 0.2 0.3 686: 0.921414
0.5 0.3 0.2 686: 0.919964
0.5 0.4 0.1 686: 0.919280
0.5 0.5 0.0 686: 0.923642
0.6 0.0 0.4 686: 0.920379
0.6 0.1 0.3 686: 0.920734
0.6 0.2 0.2 686: 0.920047
0.6 0.3 0.1 686: 0.919670
0.6 0.4 -0.0 686: 0.922431
0.7 0.0 0.3 686: 0.919726
0.7 0.1 0.2 686: 0.919196
0.7 0.2 0.1 686: 0.919802
0.7 0.3 -0.0 686: 0.921918
0.8 0.0 0.2 686: 0.921890
0.8 0.1 0.1 686: 0.920225
0.8 0.2 -0.0 686: 0.919722
0.9 0.0 0.1 686: 0.922346
0.9 0.1 -0.0 686: 0.919376
1.0 0.0 0.0 686: 0.854402

Max NMI:
0.1 0.9 0.0 686: 0.928240
