clusterTimeSimilarity.txt
clusterHashTagSimilarity.txt
clusterNameEntitySetSimilarity.txt

0.0 0.0 1.0 686: 0.922454
0.0 0.1 0.9 686: 0.928779
0.0 0.2 0.8 686: 0.930193
0.0 0.3 0.7 686: 0.931340
0.0 0.4 0.6 686: 0.932375
0.0 0.5 0.5 686: 0.934720
0.0 0.6 0.4 686: 0.934831
0.0 0.7 0.3 686: 0.935418
0.0 0.8 0.2 686: 0.935650
0.0 0.9 0.1 686: 0.935408
0.0 1.0 0.0 686: 0.892056
0.1 0.0 0.9 686: 0.926199
0.1 0.1 0.8 686: 0.929917
0.1 0.2 0.7 686: 0.931377
0.1 0.3 0.6 686: 0.933342
0.1 0.4 0.5 686: 0.936520
0.1 0.5 0.4 686: 0.938002
0.1 0.6 0.3 686: 0.939234
0.1 0.7 0.2 686: 0.941854
0.1 0.8 0.1 686: 0.945715
0.1 0.9 0.0 686: 0.938328
0.2 0.0 0.8 686: 0.928969
0.2 0.1 0.7 686: 0.932974
0.2 0.2 0.6 686: 0.936527
0.2 0.3 0.5 686: 0.939309
0.2 0.4 0.4 686: 0.941745
0.2 0.5 0.3 686: 0.943608
0.2 0.6 0.2 686: 0.948260
0.2 0.7 0.1 686: 0.945156
0.2 0.8 0.0 686: 0.939806
0.3 0.0 0.7 686: 0.934538
0.3 0.1 0.6 686: 0.939057
0.3 0.2 0.5 686: 0.941090
0.3 0.3 0.4 686: 0.943728
0.3 0.4 0.3 686: 0.947442
0.3 0.5 0.2 686: 0.946231
0.3 0.6 0.1 686: 0.945359
0.3 0.7 -0.0 686: 0.940155
0.4 0.0 0.6 686: 0.937408
0.4 0.1 0.5 686: 0.941308
0.4 0.2 0.4 686: 0.945544
0.4 0.3 0.3 686: 0.945081
0.4 0.4 0.2 686: 0.945214
0.4 0.5 0.1 686: 0.942809
0.4 0.6 -0.0 686: 0.940362
0.5 0.0 0.5 686: 0.941433
0.5 0.1 0.4 686: 0.943166
0.5 0.2 0.3 686: 0.943478
0.5 0.3 0.2 686: 0.943114
0.5 0.4 0.1 686: 0.941753
0.5 0.5 0.0 686: 0.939920
0.6 0.0 0.4 686: 0.940126
0.6 0.1 0.3 686: 0.942141
0.6 0.2 0.2 686: 0.942334
0.6 0.3 0.1 686: 0.940650
0.6 0.4 -0.0 686: 0.938575
0.7 0.0 0.3 686: 0.938453
0.7 0.1 0.2 686: 0.940333
0.7 0.2 0.1 686: 0.940061
0.7 0.3 -0.0 686: 0.937055
0.8 0.0 0.2 686: 0.937061
0.8 0.1 0.1 686: 0.938313
0.8 0.2 -0.0 686: 0.936030
0.9 0.0 0.1 686: 0.935340
0.9 0.1 -0.0 686: 0.934870
1.0 0.0 0.0 686: 0.930914

Max NMI:
0.2 0.6 0.2 686: 0.948260
