clusterTimeSimilarity.txt
clusterHashTagSimilarity.txt
clusterNameEntitySetSimilarity.txt

0.0 0.0 1.0 686: 0.925507
0.0 0.1 0.9 686: 0.932621
0.0 0.2 0.8 686: 0.933532
0.0 0.3 0.7 686: 0.934976
0.0 0.4 0.6 686: 0.936051
0.0 0.5 0.5 686: 0.936892
0.0 0.6 0.4 686: 0.937526
0.0 0.7 0.3 686: 0.937330
0.0 0.8 0.2 686: 0.938771
0.0 0.9 0.1 686: 0.938185
0.0 1.0 0.0 686: 0.889841
0.1 0.0 0.9 686: 0.930145
0.1 0.1 0.8 686: 0.934575
0.1 0.2 0.7 686: 0.936538
0.1 0.3 0.6 686: 0.937994
0.1 0.4 0.5 686: 0.938306
0.1 0.5 0.4 686: 0.939867
0.1 0.6 0.3 686: 0.941032
0.1 0.7 0.2 686: 0.942710
0.1 0.8 0.1 686: 0.945752
0.1 0.9 0.0 686: 0.939157
0.2 0.0 0.8 686: 0.933602
0.2 0.1 0.7 686: 0.937702
0.2 0.2 0.6 686: 0.938969
0.2 0.3 0.5 686: 0.939958
0.2 0.4 0.4 686: 0.941501
0.2 0.5 0.3 686: 0.943094
0.2 0.6 0.2 686: 0.946773
0.2 0.7 0.1 686: 0.943232
0.2 0.8 0.0 686: 0.939449
0.3 0.0 0.7 686: 0.935176
0.3 0.1 0.6 686: 0.938920
0.3 0.2 0.5 686: 0.940175
0.3 0.3 0.4 686: 0.943850
0.3 0.4 0.3 686: 0.946872
0.3 0.5 0.2 686: 0.945903
0.3 0.6 0.1 686: 0.943787
0.3 0.7 -0.0 686: 0.939908
0.4 0.0 0.6 686: 0.936921
0.4 0.1 0.5 686: 0.942101
0.4 0.2 0.4 686: 0.945363
0.4 0.3 0.3 686: 0.944504
0.4 0.4 0.2 686: 0.944471
0.4 0.5 0.1 686: 0.942902
0.4 0.6 -0.0 686: 0.939571
0.5 0.0 0.5 686: 0.941166
0.5 0.1 0.4 686: 0.942918
0.5 0.2 0.3 686: 0.943578
0.5 0.3 0.2 686: 0.942259
0.5 0.4 0.1 686: 0.941800
0.5 0.5 0.0 686: 0.939233
0.6 0.0 0.4 686: 0.939972
0.6 0.1 0.3 686: 0.942141
0.6 0.2 0.2 686: 0.942247
0.6 0.3 0.1 686: 0.940390
0.6 0.4 -0.0 686: 0.937659
0.7 0.0 0.3 686: 0.938453
0.7 0.1 0.2 686: 0.940333
0.7 0.2 0.1 686: 0.939761
0.7 0.3 -0.0 686: 0.937055
0.8 0.0 0.2 686: 0.936821
0.8 0.1 0.1 686: 0.938313
0.8 0.2 -0.0 686: 0.936030
0.9 0.0 0.1 686: 0.935340
0.9 0.1 -0.0 686: 0.934870
1.0 0.0 0.0 686: 0.930914

Max NMI:
0.3 0.4 0.3 686: 0.946872
