clusterTimeSimilarity.txt
clusterHashTagSimilarity.txt
clusterNameEntitySetSimilarity.txt

0.05 0.95 686: 0.898527
0.10 0.90 686: 0.906618
0.15 0.85 686: 0.893399
0.20 0.80 686: 0.886725
0.25 0.75 686: 0.906128
0.30 0.70 686: 0.903072
0.35 0.65 686: 0.904892
0.40 0.60 686: 0.902021
0.45 0.55 686: 0.881350
0.50 0.50 686: 0.903732
0.55 0.45 686: 0.900373
0.60 0.40 686: 0.899294
0.65 0.35 686: 0.906054
0.70 0.30 686: 0.906114
0.75 0.25 686: 0.901742
0.80 0.20 686: 0.909693
0.85 0.15 686: 0.905672
0.90 0.10 686: 0.905995
0.95 0.05 686: 0.894441
1.00 0.00 686: 0.906494

Max NMI:
0.80 0.20 686: 0.909693
