clusterTimeSimilarity.txt
clusterHashTagSimilarity.txt
clusterNameEntitySetSimilarity.txt

0.05 0.95 686: 0.912487
0.10 0.90 686: 0.913432
0.15 0.85 686: 0.915344
0.20 0.80 686: 0.912734
0.25 0.75 686: 0.913154
0.30 0.70 686: 0.912500
0.35 0.65 686: 0.913240
0.40 0.60 686: 0.912415
0.45 0.55 686: 0.915978
0.50 0.50 686: 0.916202
0.55 0.45 686: 0.914246
0.60 0.40 686: 0.913843
0.65 0.35 686: 0.913201
0.70 0.30 686: 0.914107
0.75 0.25 686: 0.914031
0.80 0.20 686: 0.915602
0.85 0.15 686: 0.914118
0.90 0.10 686: 0.910049
0.95 0.05 686: 0.913175
1.00 0.00 686: 0.905233

Max NMI:
0.50 0.50 686: 0.916202
