10,208
10,929
10,1771
9,495
9,641
9,806
8,152
8,226
8,711
8,1073
8,1290
8,2032
8,2842
7,8
7,22
7,248
7,292
7,329
7,393
7,398
7,657
7,764
7,772
7,1016
7,1049
7,1160
7,1283
7,1448
7,10585
7,10587
7,10619
7,10926
7,11015
7,11358
7,11962
7,12958
6,24
6,40
6,125
6,184
6,194
6,287
6,380
6,434
6,504
6,613
6,677
6,784
6,820
6,1038
6,1255
6,1391
6,1446
6,2085
6,2732
6,2893
6,2965
6,5875
6,6224
6,6873
6,7463
6,10197
6,10525
6,10915
6,11014
6,11028
6,11131
6,11181
6,11264
6,12265
6,12432
5,43
5,114
5,181
5,195
5,211
5,312
5,353
5,405
5,421
5,424
5,481
5,531
5,696
5,741
5,785
5,822
5,860
5,872
5,879
5,918
5,1018
5,1334
5,1675
5,1716
5,2143
5,2282
5,2503
5,2578
5,2661
5,3180
5,3245
5,3415
5,3509
5,3569
5,3575
5,4931
5,5672
5,5979
5,6124
5,6325
5,6894
5,7571
5,8825
5,9350
5,9493
5,9857
5,10518
5,10535
5,10551
5,10907
5,10954
5,10958
5,11069
5,11125
5,11144
5,11342
5,12447
5,12981
5,13051
5,13274
5,13412
5,13603
5,13711
5,13833
5,13870
4,26
4,34
4,35
4,65
4,77
4,116
4,138
4,176
4,187
4,199
4,204
4,214
4,217
4,252
4,279
4,298
4,343
4,351
4,397
4,402
4,411
4,415
4,427
4,546
4,624
4,633
4,669
4,775
4,853
4,944
4,1148
4,1210
4,1362
4,1423
4,1470
4,1539
4,1563
4,1576
4,1588
4,1601
4,1653
4,1808
4,1908
4,2029
4,2118
4,2142
4,2193
4,2224
4,2240
4,2347
4,2398
4,2473
4,2536
4,2708
4,3230
4,3410
4,3612
4,4131
4,4756
4,4780
4,4927
4,4986
4,5227
4,5463
4,5695
4,5706
4,5736
4,6040
4,6218
4,6578
4,6828
4,6958
4,7019
4,7338
4,7793
4,8190
4,8267
4,9619
4,9692
4,10058
4,10287
4,10456
4,10517
4,10564
4,10650
4,10682
4,10710
4,10909
4,10919
4,10945
4,12089
4,12703
4,12900
4,13281
4,13364
4,13441
4,13830
4,13851
4,13884
3,6
3,29
3,83
3,87
3,88
3,106
3,111
3,141
3,180
3,218
3,267
3,315
3,324
3,348
3,356
3,360
3,363
3,475
3,479
3,491
3,501
3,503
3,597
3,690
3,697
3,749
3,757
3,790
3,850
3,895
3,927
3,1011
3,1040
3,1056
3,1084
3,1090
3,1118
3,1121
3,1128
3,1130
3,1168
3,1222
3,1294
3,1325
3,1474
3,1542
3,1640
3,1667
3,1673
3,1687
3,1693
3,1741
3,1960
3,1984
3,2069
3,2199
3,2340
3,2539
3,2590
3,2669
3,2696
3,2787
3,2933
3,3043
3,3208
3,3374
3,3534
3,3592
3,3779
3,3834
3,3859
3,3900
3,3901
3,4166
3,4190
3,4218
3,4917
3,4934
3,5116
3,5418
3,5424
3,5517
3,5714
3,5960
3,6000
3,6010
3,6071
3,6177
3,6210
3,6394
3,6529
3,6547
3,6651
3,6676
3,6739
3,6995
3,7202
3,7414
3,7715
3,7732
3,7886
3,8106
3,8143
3,8150
3,8221
3,8327
3,8468
3,8934
3,8962
3,8982
3,9149
3,9157
3,9199
3,9289
3,9319
3,9573
3,9584
3,9636
3,9691
3,9861
3,9951
3,10388
3,10415
3,10507
3,10522
3,10539
3,10550
3,10552
3,10571
3,10660
3,10709
3,10729
3,10797
3,10891
3,10922
3,10986
3,11090
3,11118
3,11128
3,11129
3,11456
3,11527
3,11529
3,11677
3,12134
3,12825
3,12941
3,13012
3,13601
3,13697
3,13842
3,13913
3,13924
2,7
2,27
2,31
2,37
2,57
2,59
2,62
2,155
2,158
2,175
2,185
2,190
2,229
2,250
2,258
2,266
2,294
2,304
2,330
2,359
2,361
2,369
2,388
2,453
2,477
2,492
2,496
2,507
2,536
2,557
2,579
2,617
2,634
2,671
2,683
2,685
2,709
2,729
2,745
2,753
2,763
2,801
2,825
2,834
2,838
2,885
2,898
2,1026
2,1048
2,1078
2,1204
2,1219
2,1275
2,1308
2,1361
2,1447
2,1454
2,1465
2,1549
2,1603
2,1613
2,1658
2,1690
2,1777
2,1820
2,1832
2,1836
2,1940
2,1946
2,1971
2,2053
2,2120
2,2147
2,2213
2,2276
2,2387
2,2561
2,2727
2,2741
2,2812
2,3034
2,3072
2,3087
2,3186
2,3210
2,3360
2,3412
2,3416
2,3497
2,3551
2,3570
2,3722
2,3803
2,3903
2,3987
2,4195
2,4295
2,4333
2,4492
2,4598
2,4698
2,4705
2,4744
2,4859
2,4990
2,5032
2,5048
2,5103
2,5171
2,5208
2,5333
2,5373
2,5383
2,5387
2,5570
2,5601
2,5603
2,5638
2,5701
2,5702
2,5720
2,5729
2,5805
2,5817
2,5818
2,5832
2,5842
2,5905
2,5934
2,5964
2,6066
2,6367
2,6471
2,6630
2,6684
2,6686
2,6775
2,6852
2,6921
2,7198
2,7317
2,7320
2,7375
2,7511
2,7568
2,7764
2,7830
2,7889
2,7902
2,7934
2,8016
2,8061
2,8065
2,8192
2,8430
2,8674
2,8792
2,8989
2,9092
2,9184
2,9269
2,9335
2,9407
2,9412
2,9483
2,9517
2,9549
2,9608
2,9613
2,9726
2,9736
2,9884
2,9938
2,10013
2,10110
2,10164
2,10165
2,10247
2,10268
2,10359
2,10402
2,10411
2,10508
2,10513
2,10519
2,10536
2,10554
2,10573
2,10577
2,10596
2,10603
2,10606
2,10618
2,10627
2,10655
2,10661
2,10664
2,10665
2,10700
2,10701
2,10727
2,10740
2,10751
2,10767
2,10819
2,10825
2,10849
2,10857
2,10882
2,10883
2,10894
2,10960
2,11169
2,11309
2,11506
2,11633
2,11744
2,12110
2,12196
2,12203
2,12453
2,12879
2,12902
2,13076
2,13251
2,13291
2,13535
2,13828
2,13860
1,4
1,20
1,23
1,45
1,48
1,60
1,63
1,66
1,71
1,101
1,105
1,115
1,120
1,128
1,129
1,144
1,145
1,177
1,186
1,192
1,196
1,225
1,245
1,268
1,289
1,314
1,364
1,374
1,376
1,409
1,423
1,429
1,432
1,441
1,450
1,476
1,493
1,527
1,537
1,544
1,553
1,590
1,600
1,602
1,618
1,643
1,651
1,663
1,673
1,680
1,731
1,765
1,779
1,814
1,846
1,876
1,877
1,894
1,950
1,980
1,994
1,999
1,1014
1,1030
1,1034
1,1057
1,1061
1,1063
1,1129
1,1164
1,1203
1,1264
1,1293
1,1307
1,1322
1,1381
1,1385
1,1386
1,1419
1,1511
1,1527
1,1590
1,1607
1,1624
1,1627
1,1662
1,1809
1,1830
1,1838
1,1840
1,1892
1,1964
1,2026
1,2077
1,2094
1,2121
1,2133
1,2134
1,2141
1,2159
1,2163
1,2179
1,2280
1,2283
1,2342
1,2360
1,2439
1,2517
1,2651
1,2690
1,2703
1,2704
1,2713
1,2781
1,2799
1,2833
1,2866
1,2875
1,2910
1,2997
1,3099
1,3198
1,3238
1,3267
1,3365
1,3394
1,3404
1,3450
1,3465
1,3473
1,3474
1,3676
1,3683
1,3711
1,3737
1,3800
1,3912
1,3938
1,3941
1,3975
1,4046
1,4062
1,4081
1,4086
1,4156
1,4174
1,4225
1,4312
1,4338
1,4343
1,4346
1,4497
1,4551
1,4558
1,4597
1,4632
1,4659
1,4668
1,4679
1,4720
1,4754
1,4759
1,4787
1,4847
1,4854
1,4860
1,4904
1,4919
1,4996
1,5126
1,5156
1,5245
1,5266
1,5442
1,5556
1,5586
1,5618
1,5671
1,5686
1,5708
1,5930
1,6069
1,6139
1,6158
1,6254
1,6303
1,6439
1,6463
1,6497
1,6692
1,6705
1,6706
1,6713
1,6742
1,6764
1,6787
1,6838
1,6872
1,6930
1,6950
1,6983
1,7106
1,7221
1,7267
1,7277
1,7397
1,7454
1,7479
1,7532
1,7706
1,7709
1,7725
1,7758
1,7790
1,8163
1,8220
1,8557
1,8562
1,8602
1,8644
1,8668
1,8687
1,8695
1,8781
1,8869
1,8875
1,9115
1,9144
1,9192
1,9263
1,9292
1,9317
1,9426
1,9576
1,9597
1,9718
1,9843
1,9876
1,9994
1,10060
1,10092
1,10101
1,10145
1,10265
1,10267
1,10317
1,10332
1,10358
1,10547
1,10590
1,10592
1,10651
1,10669
1,10730
1,10786
1,10801
1,10811
1,10814
1,10846
1,10916
1,10939
1,11056
1,11068
1,11107
1,11565
1,11651
1,11664
1,11916
1,12112
1,12129
1,12969
1,13149
1,13423
1,13546
1,13600
1,13687
1,13717
1,13864
