6,208
5,152
5,184
5,226
5,287
5,424
5,495
5,641
5,806
5,5672
4,8
4,22
4,24
4,125
4,504
4,613
4,624
4,657
4,711
4,929
4,1016
4,1771
4,1908
4,2032
4,2142
4,3230
4,3410
4,4927
4,5695
4,5875
4,6828
4,6873
4,7793
4,10619
3,6
3,40
3,65
3,87
3,111
3,116
3,181
3,194
3,199
3,211
3,217
3,248
3,292
3,329
3,353
3,380
3,393
3,398
3,491
3,531
3,669
3,677
3,741
3,764
3,772
3,820
3,850
3,853
3,872
3,1011
3,1049
3,1084
3,1130
3,1160
3,1283
3,1294
3,1325
3,1448
3,1588
3,1675
3,1716
3,1808
3,1984
3,2069
3,2578
3,2708
3,2787
3,3180
3,3534
3,3569
3,3575
3,3592
3,3834
3,3901
3,4218
3,4756
3,5418
3,5517
3,6124
3,6210
3,6325
3,6394
3,6651
3,6739
3,7571
3,7886
3,8106
3,8327
3,9350
3,9573
3,9584
3,9691
3,9857
3,10518
3,10535
3,10954
3,11015
3,11028
3,11358
3,13603
3,13697
3,13711
3,13830
3,13870
3,13884
3,13924
2,7
2,27
2,37
2,43
2,59
2,62
2,83
2,114
2,138
2,141
2,158
2,187
2,195
2,204
2,214
2,252
2,294
2,298
2,312
2,330
2,343
2,359
2,360
2,361
2,363
2,397
2,402
2,405
2,434
2,475
2,481
2,501
2,546
2,633
2,671
2,685
2,763
2,775
2,784
2,785
2,801
2,822
2,825
2,927
2,1018
2,1038
2,1048
2,1073
2,1078
2,1148
2,1168
2,1219
2,1255
2,1275
2,1290
2,1391
2,1423
2,1446
2,1454
2,1465
2,1470
2,1563
2,1601
2,1613
2,1658
2,1690
2,1836
2,1971
2,2029
2,2053
2,2085
2,2143
2,2193
2,2213
2,2224
2,2240
2,2347
2,2398
2,2536
2,2661
2,2727
2,2732
2,2741
2,2812
2,2842
2,2893
2,2965
2,3034
2,3072
2,3208
2,3245
2,3360
2,3416
2,3570
2,3612
2,3722
2,3803
2,3987
2,4131
2,4195
2,4333
2,4598
2,4705
2,4931
2,5227
2,5333
2,5373
2,5424
2,5463
2,5570
2,5603
2,5701
2,5729
2,5832
2,5905
2,6066
2,6177
2,6218
2,6224
2,6547
2,6684
2,6775
2,6852
2,6894
2,6921
2,7019
2,7198
2,7202
2,7338
2,7463
2,7511
2,7732
2,7830
2,7889
2,7902
2,7934
2,8016
2,8061
2,8143
2,8192
2,8221
2,8267
2,8792
2,8825
2,8982
2,9092
2,9269
2,9407
2,9483
2,9613
2,9619
2,9692
2,9884
2,10110
2,10164
2,10388
2,10402
2,10411
2,10456
2,10513
2,10519
2,10525
2,10539
2,10551
2,10552
2,10564
2,10585
2,10587
2,10603
2,10606
2,10650
2,10655
2,10660
2,10661
2,10682
2,10709
2,10751
2,10767
2,10797
2,10849
2,10882
2,10883
2,10909
2,10915
2,11014
2,11090
2,11118
2,11131
2,11144
2,11181
2,11264
2,11744
2,11962
2,12134
2,12981
2,13076
2,13251
2,13281
2,13291
2,13441
2,13601
2,13833
2,13851
2,13860
1,4
1,23
1,26
1,31
1,35
1,45
1,57
1,66
1,88
1,106
1,115
1,120
1,128
1,129
1,144
1,175
1,176
1,177
1,180
1,185
1,190
1,192
1,196
1,218
1,225
1,229
1,245
1,250
1,258
1,266
1,268
1,279
1,314
1,315
1,324
1,348
1,351
1,356
1,364
1,374
1,376
1,388
1,409
1,411
1,415
1,423
1,429
1,441
1,450
1,453
1,477
1,479
1,492
1,493
1,503
1,507
1,527
1,536
1,537
1,544
1,557
1,579
1,590
1,597
1,602
1,617
1,618
1,643
1,651
1,663
1,673
1,680
1,683
1,690
1,696
1,709
1,729
1,731
1,749
1,765
1,779
1,846
1,860
1,876
1,877
1,879
1,885
1,894
1,895
1,898
1,918
1,944
1,950
1,980
1,994
1,999
1,1014
1,1026
1,1030
1,1034
1,1040
1,1056
1,1090
1,1118
1,1128
1,1129
1,1164
1,1203
1,1204
1,1210
1,1222
1,1264
1,1307
1,1322
1,1334
1,1362
1,1381
1,1385
1,1386
1,1419
1,1447
1,1474
1,1527
1,1539
1,1542
1,1576
1,1590
1,1603
1,1607
1,1624
1,1627
1,1653
1,1673
1,1687
1,1693
1,1809
1,1820
1,1830
1,1832
1,1840
1,1940
1,1960
1,1964
1,2026
1,2077
1,2094
1,2118
1,2133
1,2134
1,2141
1,2147
1,2179
1,2199
1,2276
1,2280
1,2282
1,2283
1,2340
1,2342
1,2360
1,2387
1,2439
1,2473
1,2539
1,2561
1,2590
1,2651
1,2669
1,2690
1,2696
1,2703
1,2704
1,2781
1,2833
1,2866
1,2875
1,2910
1,2933
1,2997
1,3043
1,3099
1,3186
1,3198
1,3210
1,3238
1,3267
1,3365
1,3374
1,3394
1,3415
1,3465
1,3509
1,3551
1,3683
1,3711
1,3779
1,3859
1,3903
1,3912
1,3938
1,3941
1,4046
1,4062
1,4081
1,4086
1,4156
1,4166
1,4174
1,4312
1,4338
1,4343
1,4346
1,4497
1,4551
1,4558
1,4597
1,4632
1,4659
1,4720
1,4759
1,4780
1,4787
1,4847
1,4854
1,4859
1,4904
1,4917
1,4919
1,4934
1,4986
1,5032
1,5116
1,5126
1,5156
1,5245
1,5266
1,5556
1,5586
1,5618
1,5638
1,5671
1,5686
1,5708
1,5720
1,5736
1,5817
1,5842
1,5930
1,5960
1,5979
1,6000
1,6010
1,6040
1,6069
1,6071
1,6139
1,6158
1,6254
1,6303
1,6463
1,6497
1,6529
1,6578
1,6630
1,6676
1,6705
1,6706
1,6713
1,6764
1,6787
1,6838
1,6930
1,6950
1,6983
1,6995
1,7106
1,7221
1,7277
1,7317
1,7397
1,7414
1,7454
1,7479
1,7706
1,7709
1,7715
1,7758
1,7790
1,8150
1,8163
1,8220
1,8468
1,8557
1,8562
1,8644
1,8668
1,8674
1,8687
1,8695
1,8781
1,8869
1,8934
1,8962
1,9115
1,9144
1,9149
1,9199
1,9263
1,9289
1,9292
1,9317
1,9319
1,9426
1,9493
1,9608
1,9636
1,9736
1,9843
1,9861
1,9951
1,10013
1,10058
1,10060
1,10092
1,10101
1,10145
1,10165
1,10197
1,10265
1,10267
1,10287
1,10317
1,10332
1,10358
1,10508
1,10522
1,10536
1,10554
1,10590
1,10596
1,10618
1,10651
1,10664
1,10665
1,10669
1,10710
1,10727
1,10729
1,10730
1,10740
1,10801
1,10811
1,10857
1,10891
1,10894
1,10907
1,10926
1,10945
1,10958
1,10986
1,11068
1,11069
1,11125
1,11128
1,11129
1,11309
1,11342
1,11651
1,11677
1,12089
1,12110
1,12112
1,12129
1,12196
1,12265
1,12703
1,12825
1,12900
1,12941
1,12958
1,13012
1,13149
1,13364
1,13687
1,13717
1,13828
1,13913
