clusterTimeSimilarity.txt
clusterTfIdfSimilarity.txt
clusterNameEntitySetSimilarity.txt

0.0 0.0 1.0 686: 0.918981
0.0 0.1 0.9 686: 0.920875
0.0 0.2 0.8 686: 0.924476
0.0 0.3 0.7 686: 0.928906
0.0 0.4 0.6 686: 0.930057
0.0 0.5 0.5 686: 0.934040
0.0 0.6 0.4 686: 0.938114
0.0 0.7 0.3 686: 0.942335
0.0 0.8 0.2 686: 0.947023
0.0 0.9 0.1 686: 0.955306
0.0 1.0 0.0 686: 0.957342
0.1 0.0 0.9 686: 0.920662
0.1 0.1 0.8 686: 0.926651
0.1 0.2 0.7 686: 0.928699
0.1 0.3 0.6 686: 0.932419
0.1 0.4 0.5 686: 0.936122
0.1 0.5 0.4 686: 0.939735
0.1 0.6 0.3 686: 0.945217
0.1 0.7 0.2 686: 0.951769
0.1 0.8 0.1 686: 0.962029
0.1 0.9 0.0 686: 0.962953
0.2 0.0 0.8 686: 0.925435
0.2 0.1 0.7 686: 0.930912
0.2 0.2 0.6 686: 0.935810
0.2 0.3 0.5 686: 0.940771
0.2 0.4 0.4 686: 0.944879
0.2 0.5 0.3 686: 0.948377
0.2 0.6 0.2 686: 0.956758
0.2 0.7 0.1 686: 0.960518
0.2 0.8 0.0 686: 0.961586
0.3 0.0 0.7 686: 0.929454
0.3 0.1 0.6 686: 0.939383
0.3 0.2 0.5 686: 0.944838
0.3 0.3 0.4 686: 0.946314
0.3 0.4 0.3 686: 0.951651
0.3 0.5 0.2 686: 0.956200
0.3 0.6 0.1 686: 0.957534
0.3 0.7 -0.0 686: 0.957768
0.4 0.0 0.6 686: 0.935368
0.4 0.1 0.5 686: 0.941238
0.4 0.2 0.4 686: 0.948538
0.4 0.3 0.3 686: 0.951365
0.4 0.4 0.2 686: 0.953323
0.4 0.5 0.1 686: 0.954536
0.4 0.6 -0.0 686: 0.954062
0.5 0.0 0.5 686: 0.937909
0.5 0.1 0.4 686: 0.946699
0.5 0.2 0.3 686: 0.950518
0.5 0.3 0.2 686: 0.951627
0.5 0.4 0.1 686: 0.952368
0.5 0.5 0.0 686: 0.950762
0.6 0.0 0.4 686: 0.940120
0.6 0.1 0.3 686: 0.944397
0.6 0.2 0.2 686: 0.948456
0.6 0.3 0.1 686: 0.949641
0.6 0.4 -0.0 686: 0.948428
0.7 0.0 0.3 686: 0.938468
0.7 0.1 0.2 686: 0.943625
0.7 0.2 0.1 686: 0.946722
0.7 0.3 -0.0 686: 0.946730
0.8 0.0 0.2 686: 0.936381
0.8 0.1 0.1 686: 0.940803
0.8 0.2 -0.0 686: 0.942817
0.9 0.0 0.1 686: 0.934389
0.9 0.1 -0.0 686: 0.938123
1.0 0.0 0.0 686: 0.930149

Max NMI:
0.1 0.9 0.0 686: 0.962953
