clusterTimeSimilarity.txt
clusterTfIdfSimilarity.txt
clusterNameEntitySetSimilarity.txt

0.0 0.0 1.0 686: 0.708282
0.0 0.1 0.9 686: 0.915968
0.0 0.2 0.8 686: 0.921888
0.0 0.3 0.7 686: 0.919685
0.0 0.4 0.6 686: 0.921387
0.0 0.5 0.5 686: 0.932190
0.0 0.6 0.4 686: 0.931996
0.0 0.7 0.3 686: 0.931990
0.0 0.8 0.2 686: 0.933033
0.0 0.9 0.1 686: 0.937124
0.0 1.0 0.0 686: 0.936045
0.1 0.0 0.9 686: 0.929816
0.1 0.1 0.8 686: 0.926296
0.1 0.2 0.7 686: 0.925174
0.1 0.3 0.6 686: 0.926492
0.1 0.4 0.5 686: 0.927010
0.1 0.5 0.4 686: 0.927909
0.1 0.6 0.3 686: 0.933693
0.1 0.7 0.2 686: 0.931379
0.1 0.8 0.1 686: 0.933431
0.1 0.9 0.0 686: 0.937285
0.2 0.0 0.8 686: 0.927513
0.2 0.1 0.7 686: 0.924452
0.2 0.2 0.6 686: 0.926210
0.2 0.3 0.5 686: 0.925203
0.2 0.4 0.4 686: 0.930756
0.2 0.5 0.3 686: 0.927783
0.2 0.6 0.2 686: 0.927890
0.2 0.7 0.1 686: 0.930452
0.2 0.8 0.0 686: 0.935277
0.3 0.0 0.7 686: 0.928096
0.3 0.1 0.6 686: 0.925340
0.3 0.2 0.5 686: 0.923307
0.3 0.3 0.4 686: 0.926858
0.3 0.4 0.3 686: 0.929853
0.3 0.5 0.2 686: 0.928315
0.3 0.6 0.1 686: 0.928415
0.3 0.7 -0.0 686: 0.930381
0.4 0.0 0.6 686: 0.928243
0.4 0.1 0.5 686: 0.926336
0.4 0.2 0.4 686: 0.927164
0.4 0.3 0.3 686: 0.930612
0.4 0.4 0.2 686: 0.927386
0.4 0.5 0.1 686: 0.928179
0.4 0.6 -0.0 686: 0.929352
0.5 0.0 0.5 686: 0.925565
0.5 0.1 0.4 686: 0.926811
0.5 0.2 0.3 686: 0.927715
0.5 0.3 0.2 686: 0.927306
0.5 0.4 0.1 686: 0.925085
0.5 0.5 0.0 686: 0.928939
0.6 0.0 0.4 686: 0.926918
0.6 0.1 0.3 686: 0.925215
0.6 0.2 0.2 686: 0.925205
0.6 0.3 0.1 686: 0.928880
0.6 0.4 -0.0 686: 0.929877
0.7 0.0 0.3 686: 0.927574
0.7 0.1 0.2 686: 0.926860
0.7 0.2 0.1 686: 0.925209
0.7 0.3 -0.0 686: 0.928263
0.8 0.0 0.2 686: 0.926989
0.8 0.1 0.1 686: 0.929301
0.8 0.2 -0.0 686: 0.926875
0.9 0.0 0.1 686: 0.927098
0.9 0.1 -0.0 686: 0.926610
1.0 0.0 0.0 686: 0.928583

Max NMI:
0.1 0.9 0.0 686: 0.937285
