clusterTimeSimilarity.txt
clusterTfIdfSimilarity.txt
clusterNameEntitySetSimilarity.txt

0.0 0.0 1.0 686: 0.918587
0.0 0.1 0.9 686: 0.917989
0.0 0.2 0.8 686: 0.925154
0.0 0.3 0.7 686: 0.930813
0.0 0.4 0.6 686: 0.931983
0.0 0.5 0.5 686: 0.935764
0.0 0.6 0.4 686: 0.940320
0.0 0.7 0.3 686: 0.942907
0.0 0.8 0.2 686: 0.947152
0.0 0.9 0.1 686: 0.955553
0.0 1.0 0.0 686: 0.957164
0.1 0.0 0.9 686: 0.922019
0.1 0.1 0.8 686: 0.926737
0.1 0.2 0.7 686: 0.930558
0.1 0.3 0.6 686: 0.933580
0.1 0.4 0.5 686: 0.937720
0.1 0.5 0.4 686: 0.940910
0.1 0.6 0.3 686: 0.945343
0.1 0.7 0.2 686: 0.951331
0.1 0.8 0.1 686: 0.961282
0.1 0.9 0.0 686: 0.962805
0.2 0.0 0.8 686: 0.927798
0.2 0.1 0.7 686: 0.935130
0.2 0.2 0.6 686: 0.938676
0.2 0.3 0.5 686: 0.942942
0.2 0.4 0.4 686: 0.945854
0.2 0.5 0.3 686: 0.948472
0.2 0.6 0.2 686: 0.956726
0.2 0.7 0.1 686: 0.960355
0.2 0.8 0.0 686: 0.961235
0.3 0.0 0.7 686: 0.932730
0.3 0.1 0.6 686: 0.941221
0.3 0.2 0.5 686: 0.944664
0.3 0.3 0.4 686: 0.946440
0.3 0.4 0.3 686: 0.952185
0.3 0.5 0.2 686: 0.955791
0.3 0.6 0.1 686: 0.956836
0.3 0.7 -0.0 686: 0.957993
0.4 0.0 0.6 686: 0.935493
0.4 0.1 0.5 686: 0.941919
0.4 0.2 0.4 686: 0.948427
0.4 0.3 0.3 686: 0.951481
0.4 0.4 0.2 686: 0.952938
0.4 0.5 0.1 686: 0.954121
0.4 0.6 -0.0 686: 0.953008
0.5 0.0 0.5 686: 0.938554
0.5 0.1 0.4 686: 0.946250
0.5 0.2 0.3 686: 0.950123
0.5 0.3 0.2 686: 0.950418
0.5 0.4 0.1 686: 0.951721
0.5 0.5 0.0 686: 0.950784
0.6 0.0 0.4 686: 0.939965
0.6 0.1 0.3 686: 0.944419
0.6 0.2 0.2 686: 0.948066
0.6 0.3 0.1 686: 0.948895
0.6 0.4 -0.0 686: 0.948009
0.7 0.0 0.3 686: 0.938291
0.7 0.1 0.2 686: 0.943548
0.7 0.2 0.1 686: 0.946362
0.7 0.3 -0.0 686: 0.946700
0.8 0.0 0.2 686: 0.936381
0.8 0.1 0.1 686: 0.941072
0.8 0.2 -0.0 686: 0.943113
0.9 0.0 0.1 686: 0.934389
0.9 0.1 -0.0 686: 0.938378
1.0 0.0 0.0 686: 0.930149

Max NMI:
0.1 0.9 0.0 686: 0.962805
