clusterTimeSimilarity.txt
clusterTfIdfSimilarity.txt
clusterNameEntitySetSimilarity.txt

0.0 0.0 1.0 686: 0.899782
0.0 0.1 0.9 686: 0.920284
0.0 0.2 0.8 686: 0.921325
0.0 0.3 0.7 686: 0.922195
0.0 0.4 0.6 686: 0.925253
0.0 0.5 0.5 686: 0.928168
0.0 0.6 0.4 686: 0.927972
0.0 0.7 0.3 686: 0.929154
0.0 0.8 0.2 686: 0.932599
0.0 0.9 0.1 686: 0.933650
0.0 1.0 0.0 686: 0.936358
0.1 0.0 0.9 686: 0.927439
0.1 0.1 0.8 686: 0.929493
0.1 0.2 0.7 686: 0.929938
0.1 0.3 0.6 686: 0.929815
0.1 0.4 0.5 686: 0.930751
0.1 0.5 0.4 686: 0.931997
0.1 0.6 0.3 686: 0.930696
0.1 0.7 0.2 686: 0.933212
0.1 0.8 0.1 686: 0.936438
0.1 0.9 0.0 686: 0.935283
0.2 0.0 0.8 686: 0.927590
0.2 0.1 0.7 686: 0.927636
0.2 0.2 0.6 686: 0.928889
0.2 0.3 0.5 686: 0.929233
0.2 0.4 0.4 686: 0.930340
0.2 0.5 0.3 686: 0.930731
0.2 0.6 0.2 686: 0.932234
0.2 0.7 0.1 686: 0.935041
0.2 0.8 0.0 686: 0.935941
0.3 0.0 0.7 686: 0.927685
0.3 0.1 0.6 686: 0.926386
0.3 0.2 0.5 686: 0.929365
0.3 0.3 0.4 686: 0.929516
0.3 0.4 0.3 686: 0.929750
0.3 0.5 0.2 686: 0.930026
0.3 0.6 0.1 686: 0.934449
0.3 0.7 -0.0 686: 0.935097
0.4 0.0 0.6 686: 0.927264
0.4 0.1 0.5 686: 0.924728
0.4 0.2 0.4 686: 0.928286
0.4 0.3 0.3 686: 0.931668
0.4 0.4 0.2 686: 0.931775
0.4 0.5 0.1 686: 0.934725
0.4 0.6 -0.0 686: 0.936451
0.5 0.0 0.5 686: 0.927204
0.5 0.1 0.4 686: 0.923777
0.5 0.2 0.3 686: 0.928635
0.5 0.3 0.2 686: 0.932295
0.5 0.4 0.1 686: 0.936188
0.5 0.5 0.0 686: 0.937221
0.6 0.0 0.4 686: 0.927515
0.6 0.1 0.3 686: 0.925885
0.6 0.2 0.2 686: 0.927681
0.6 0.3 0.1 686: 0.934528
0.6 0.4 -0.0 686: 0.937006
0.7 0.0 0.3 686: 0.927836
0.7 0.1 0.2 686: 0.926050
0.7 0.2 0.1 686: 0.932073
0.7 0.3 -0.0 686: 0.935895
0.8 0.0 0.2 686: 0.927119
0.8 0.1 0.1 686: 0.929721
0.8 0.2 -0.0 686: 0.936155
0.9 0.0 0.1 686: 0.926603
0.9 0.1 -0.0 686: 0.932994
1.0 0.0 0.0 686: 0.931328

Max NMI:
0.5 0.5 0.0 686: 0.937221
