clusterTimeSimilarity.txt
clusterTfIdfSimilarity.txt
clusterNameEntitySetSimilarity.txt

0.0 0.0 1.0 686: 0.692324
0.0 0.1 0.9 686: 0.864085
0.0 0.2 0.8 686: 0.871420
0.0 0.3 0.7 686: 0.882539
0.0 0.4 0.6 686: 0.880187
0.0 0.5 0.5 686: 0.890564
0.0 0.6 0.4 686: 0.905224
0.0 0.7 0.3 686: 0.906984
0.0 0.8 0.2 686: 0.901982
0.0 0.9 0.1 686: 0.902330
0.0 1.0 0.0 686: 0.904636
0.1 0.0 0.9 686: 0.886018
0.1 0.1 0.8 686: 0.890012
0.1 0.2 0.7 686: 0.891065
0.1 0.3 0.6 686: 0.892513
0.1 0.4 0.5 686: 0.894484
0.1 0.5 0.4 686: 0.892600
0.1 0.6 0.3 686: 0.903186
0.1 0.7 0.2 686: 0.905496
0.1 0.8 0.1 686: 0.905535
0.1 0.9 0.0 686: 0.906068
0.2 0.0 0.8 686: 0.876265
0.2 0.1 0.7 686: 0.880289
0.2 0.2 0.6 686: 0.881390
0.2 0.3 0.5 686: 0.886746
0.2 0.4 0.4 686: 0.888549
0.2 0.5 0.3 686: 0.892825
0.2 0.6 0.2 686: 0.893503
0.2 0.7 0.1 686: 0.905184
0.2 0.8 0.0 686: 0.903786
0.3 0.0 0.7 686: 0.863469
0.3 0.1 0.6 686: 0.867030
0.3 0.2 0.5 686: 0.866878
0.3 0.3 0.4 686: 0.878733
0.3 0.4 0.3 686: 0.883906
0.3 0.5 0.2 686: 0.878377
0.3 0.6 0.1 686: 0.883549
0.3 0.7 -0.0 686: 0.895279
0.4 0.0 0.6 686: 0.858564
0.4 0.1 0.5 686: 0.860989
0.4 0.2 0.4 686: 0.857908
0.4 0.3 0.3 686: 0.860004
0.4 0.4 0.2 686: 0.871192
0.4 0.5 0.1 686: 0.872263
0.4 0.6 -0.0 686: 0.874163
0.5 0.0 0.5 686: 0.853746
0.5 0.1 0.4 686: 0.845849
0.5 0.2 0.3 686: 0.844329
0.5 0.3 0.2 686: 0.849033
0.5 0.4 0.1 686: 0.858461
0.5 0.5 0.0 686: 0.856788
0.6 0.0 0.4 686: 0.849335
0.6 0.1 0.3 686: 0.847391
0.6 0.2 0.2 686: 0.841535
0.6 0.3 0.1 686: 0.844210
0.6 0.4 -0.0 686: 0.852634
0.7 0.0 0.3 686: 0.839161
0.7 0.1 0.2 686: 0.838541
0.7 0.2 0.1 686: 0.838286
0.7 0.3 -0.0 686: 0.852574
0.8 0.0 0.2 686: 0.841268
0.8 0.1 0.1 686: 0.831243
0.8 0.2 -0.0 686: 0.842778
0.9 0.0 0.1 686: 0.844011
0.9 0.1 -0.0 686: 0.835451
1.0 0.0 0.0 686: 0.847984

Max NMI:
0.0 0.7 0.3 686: 0.906984
