clusterTimeSimilarity.txt
clusterTfIdfSimilarity.txt
clusterNameEntitySetSimilarity.txt

0.0 0.0 1.0 686: 0.920131
0.0 0.1 0.9 686: 0.926953
0.0 0.2 0.8 686: 0.929683
0.0 0.3 0.7 686: 0.930683
0.0 0.4 0.6 686: 0.933515
0.0 0.5 0.5 686: 0.936726
0.0 0.6 0.4 686: 0.941657
0.0 0.7 0.3 686: 0.943674
0.0 0.8 0.2 686: 0.947603
0.0 0.9 0.1 686: 0.953482
0.0 1.0 0.0 686: 0.955203
0.1 0.0 0.9 686: 0.926235
0.1 0.1 0.8 686: 0.930564
0.1 0.2 0.7 686: 0.933372
0.1 0.3 0.6 686: 0.936745
0.1 0.4 0.5 686: 0.940722
0.1 0.5 0.4 686: 0.943149
0.1 0.6 0.3 686: 0.947943
0.1 0.7 0.2 686: 0.951058
0.1 0.8 0.1 686: 0.959347
0.1 0.9 0.0 686: 0.959277
0.2 0.0 0.8 686: 0.928009
0.2 0.1 0.7 686: 0.937771
0.2 0.2 0.6 686: 0.941370
0.2 0.3 0.5 686: 0.944445
0.2 0.4 0.4 686: 0.948432
0.2 0.5 0.3 686: 0.950073
0.2 0.6 0.2 686: 0.955746
0.2 0.7 0.1 686: 0.957631
0.2 0.8 0.0 686: 0.958856
0.3 0.0 0.7 686: 0.933057
0.3 0.1 0.6 686: 0.942100
0.3 0.2 0.5 686: 0.946232
0.3 0.3 0.4 686: 0.947830
0.3 0.4 0.3 686: 0.951739
0.3 0.5 0.2 686: 0.954236
0.3 0.6 0.1 686: 0.956224
0.3 0.7 -0.0 686: 0.955872
0.4 0.0 0.6 686: 0.935817
0.4 0.1 0.5 686: 0.943733
0.4 0.2 0.4 686: 0.947569
0.4 0.3 0.3 686: 0.950684
0.4 0.4 0.2 686: 0.951819
0.4 0.5 0.1 686: 0.953661
0.4 0.6 -0.0 686: 0.953194
0.5 0.0 0.5 686: 0.937289
0.5 0.1 0.4 686: 0.945358
0.5 0.2 0.3 686: 0.948725
0.5 0.3 0.2 686: 0.950385
0.5 0.4 0.1 686: 0.950780
0.5 0.5 0.0 686: 0.950018
0.6 0.0 0.4 686: 0.939246
0.6 0.1 0.3 686: 0.944365
0.6 0.2 0.2 686: 0.947875
0.6 0.3 0.1 686: 0.949238
0.6 0.4 -0.0 686: 0.948601
0.7 0.0 0.3 686: 0.938157
0.7 0.1 0.2 686: 0.943895
0.7 0.2 0.1 686: 0.946323
0.7 0.3 -0.0 686: 0.946277
0.8 0.0 0.2 686: 0.936564
0.8 0.1 0.1 686: 0.940887
0.8 0.2 -0.0 686: 0.942636
0.9 0.0 0.1 686: 0.934989
0.9 0.1 -0.0 686: 0.939157
1.0 0.0 0.0 686: 0.930488

Max NMI:
0.1 0.8 0.1 686: 0.959347
