clusterTimeSimilarity.txt
clusterTfIdfSimilarity.txt
clusterNameEntitySetSimilarity.txt

0.0 0.0 1.0 686: 0.925507
0.0 0.1 0.9 686: 0.932003
0.0 0.2 0.8 686: 0.934359
0.0 0.3 0.7 686: 0.936491
0.0 0.4 0.6 686: 0.937897
0.0 0.5 0.5 686: 0.940353
0.0 0.6 0.4 686: 0.942700
0.0 0.7 0.3 686: 0.945091
0.0 0.8 0.2 686: 0.946874
0.0 0.9 0.1 686: 0.953063
0.0 1.0 0.0 686: 0.954416
0.1 0.0 0.9 686: 0.930145
0.1 0.1 0.8 686: 0.935811
0.1 0.2 0.7 686: 0.939250
0.1 0.3 0.6 686: 0.941201
0.1 0.4 0.5 686: 0.944702
0.1 0.5 0.4 686: 0.947016
0.1 0.6 0.3 686: 0.949006
0.1 0.7 0.2 686: 0.953111
0.1 0.8 0.1 686: 0.958555
0.1 0.9 0.0 686: 0.959469
0.2 0.0 0.8 686: 0.933602
0.2 0.1 0.7 686: 0.940529
0.2 0.2 0.6 686: 0.943261
0.2 0.3 0.5 686: 0.945698
0.2 0.4 0.4 686: 0.948897
0.2 0.5 0.3 686: 0.950766
0.2 0.6 0.2 686: 0.955211
0.2 0.7 0.1 686: 0.956765
0.2 0.8 0.0 686: 0.957922
0.3 0.0 0.7 686: 0.935176
0.3 0.1 0.6 686: 0.942889
0.3 0.2 0.5 686: 0.945350
0.3 0.3 0.4 686: 0.948746
0.3 0.4 0.3 686: 0.952236
0.3 0.5 0.2 686: 0.954198
0.3 0.6 0.1 686: 0.954342
0.3 0.7 -0.0 686: 0.954012
0.4 0.0 0.6 686: 0.936921
0.4 0.1 0.5 686: 0.944857
0.4 0.2 0.4 686: 0.948746
0.4 0.3 0.3 686: 0.950476
0.4 0.4 0.2 686: 0.951677
0.4 0.5 0.1 686: 0.953878
0.4 0.6 -0.0 686: 0.952159
0.5 0.0 0.5 686: 0.941166
0.5 0.1 0.4 686: 0.945870
0.5 0.2 0.3 686: 0.949231
0.5 0.3 0.2 686: 0.949926
0.5 0.4 0.1 686: 0.950543
0.5 0.5 0.0 686: 0.950035
0.6 0.0 0.4 686: 0.939972
0.6 0.1 0.3 686: 0.944652
0.6 0.2 0.2 686: 0.947902
0.6 0.3 0.1 686: 0.948890
0.6 0.4 -0.0 686: 0.947726
0.7 0.0 0.3 686: 0.938453
0.7 0.1 0.2 686: 0.943601
0.7 0.2 0.1 686: 0.946646
0.7 0.3 -0.0 686: 0.946553
0.8 0.0 0.2 686: 0.936821
0.8 0.1 0.1 686: 0.941143
0.8 0.2 -0.0 686: 0.943217
0.9 0.0 0.1 686: 0.935340
0.9 0.1 -0.0 686: 0.939370
1.0 0.0 0.0 686: 0.930914

Max NMI:
0.1 0.9 0.0 686: 0.959469
