clusterTimeSimilarity.txt
clusterTfIdfSimilarity.txt
clusterNameEntitySetSimilarity.txt

0.0 0.0 1.0 686: 0.887682
0.0 0.1 0.9 686: 0.888161
0.0 0.2 0.8 686: 0.891944
0.0 0.3 0.7 686: 0.892386
0.0 0.4 0.6 686: 0.900965
0.0 0.5 0.5 686: 0.907646
0.0 0.6 0.4 686: 0.913862
0.0 0.7 0.3 686: 0.932227
0.0 0.8 0.2 686: 0.941156
0.0 0.9 0.1 686: 0.949857
0.0 1.0 0.0 686: 0.948572
0.1 0.0 0.9 686: 0.888345
0.1 0.1 0.8 686: 0.888814
0.1 0.2 0.7 686: 0.892134
0.1 0.3 0.6 686: 0.899465
0.1 0.4 0.5 686: 0.904067
0.1 0.5 0.4 686: 0.914597
0.1 0.6 0.3 686: 0.931258
0.1 0.7 0.2 686: 0.943058
0.1 0.8 0.1 686: 0.955448
0.1 0.9 0.0 686: 0.957780
0.2 0.0 0.8 686: 0.885950
0.2 0.1 0.7 686: 0.886066
0.2 0.2 0.6 686: 0.894341
0.2 0.3 0.5 686: 0.902247
0.2 0.4 0.4 686: 0.909647
0.2 0.5 0.3 686: 0.931680
0.2 0.6 0.2 686: 0.939067
0.2 0.7 0.1 686: 0.957393
0.2 0.8 0.0 686: 0.955051
0.3 0.0 0.7 686: 0.887507
0.3 0.1 0.6 686: 0.897933
0.3 0.2 0.5 686: 0.909069
0.3 0.3 0.4 686: 0.912536
0.3 0.4 0.3 686: 0.927398
0.3 0.5 0.2 686: 0.951517
0.3 0.6 0.1 686: 0.952329
0.3 0.7 -0.0 686: 0.951577
0.4 0.0 0.6 686: 0.896508
0.4 0.1 0.5 686: 0.907330
0.4 0.2 0.4 686: 0.919412
0.4 0.3 0.3 686: 0.945716
0.4 0.4 0.2 686: 0.947485
0.4 0.5 0.1 686: 0.950848
0.4 0.6 -0.0 686: 0.949700
0.5 0.0 0.5 686: 0.901114
0.5 0.1 0.4 686: 0.934326
0.5 0.2 0.3 686: 0.943678
0.5 0.3 0.2 686: 0.946900
0.5 0.4 0.1 686: 0.947440
0.5 0.5 0.0 686: 0.945271
0.6 0.0 0.4 686: 0.930161
0.6 0.1 0.3 686: 0.939533
0.6 0.2 0.2 686: 0.942786
0.6 0.3 0.1 686: 0.944554
0.6 0.4 -0.0 686: 0.943098
0.7 0.0 0.3 686: 0.932104
0.7 0.1 0.2 686: 0.935326
0.7 0.2 0.1 686: 0.941177
0.7 0.3 -0.0 686: 0.940390
0.8 0.0 0.2 686: 0.930863
0.8 0.1 0.1 686: 0.935648
0.8 0.2 -0.0 686: 0.936885
0.9 0.0 0.1 686: 0.931207
0.9 0.1 -0.0 686: 0.932999
1.0 0.0 0.0 686: 0.928255

Max NMI:
0.1 0.9 0.0 686: 0.957780
