clusterTimeSimilarity.txt
clusterWordJaccardSimilarity.txt
clusterNameEntitySetSimilarity.txt

0.0 0.0 1.0 686: 0.707326
0.0 0.1 0.9 686: 0.923956
0.0 0.2 0.8 686: 0.923026
0.0 0.3 0.7 686: 0.925091
0.0 0.4 0.6 686: 0.928904
0.0 0.5 0.5 686: 0.930840
0.0 0.6 0.4 686: 0.930265
0.0 0.7 0.3 686: 0.928840
0.0 0.8 0.2 686: 0.928343
0.0 0.9 0.1 686: 0.929282
0.0 1.0 0.0 686: 0.930741
0.1 0.0 0.9 686: 0.930122
0.1 0.1 0.8 686: 0.921178
0.1 0.2 0.7 686: 0.926074
0.1 0.3 0.6 686: 0.928240
0.1 0.4 0.5 686: 0.930466
0.1 0.5 0.4 686: 0.928863
0.1 0.6 0.3 686: 0.931661
0.1 0.7 0.2 686: 0.930226
0.1 0.8 0.1 686: 0.933900
0.1 0.9 0.0 686: 0.936428
0.2 0.0 0.8 686: 0.929785
0.2 0.1 0.7 686: 0.927401
0.2 0.2 0.6 686: 0.923740
0.2 0.3 0.5 686: 0.927046
0.2 0.4 0.4 686: 0.927923
0.2 0.5 0.3 686: 0.928140
0.2 0.6 0.2 686: 0.928619
0.2 0.7 0.1 686: 0.933442
0.2 0.8 0.0 686: 0.934459
0.3 0.0 0.7 686: 0.926244
0.3 0.1 0.6 686: 0.925839
0.3 0.2 0.5 686: 0.925400
0.3 0.3 0.4 686: 0.931020
0.3 0.4 0.3 686: 0.928936
0.3 0.5 0.2 686: 0.928083
0.3 0.6 0.1 686: 0.928139
0.3 0.7 -0.0 686: 0.932371
0.4 0.0 0.6 686: 0.928637
0.4 0.1 0.5 686: 0.926636
0.4 0.2 0.4 686: 0.924816
0.4 0.3 0.3 686: 0.927454
0.4 0.4 0.2 686: 0.929826
0.4 0.5 0.1 686: 0.929919
0.4 0.6 -0.0 686: 0.930565
0.5 0.0 0.5 686: 0.928248
0.5 0.1 0.4 686: 0.926474
0.5 0.2 0.3 686: 0.927276
0.5 0.3 0.2 686: 0.926688
0.5 0.4 0.1 686: 0.926529
0.5 0.5 0.0 686: 0.928631
0.6 0.0 0.4 686: 0.926362
0.6 0.1 0.3 686: 0.926020
0.6 0.2 0.2 686: 0.927939
0.6 0.3 0.1 686: 0.928047
0.6 0.4 -0.0 686: 0.929771
0.7 0.0 0.3 686: 0.926096
0.7 0.1 0.2 686: 0.926617
0.7 0.2 0.1 686: 0.926475
0.7 0.3 -0.0 686: 0.930592
0.8 0.0 0.2 686: 0.928470
0.8 0.1 0.1 686: 0.926908
0.8 0.2 -0.0 686: 0.928063
0.9 0.0 0.1 686: 0.928526
0.9 0.1 -0.0 686: 0.927656
1.0 0.0 0.0 686: 0.928221

Max NMI:
0.1 0.9 0.0 686: 0.936428
