clusterTimeSimilarity.txt
clusterWordJaccardSimilarity.txt
clusterNameEntitySetSimilarity.txt

0.0 0.0 1.0 686: 0.918981
0.0 0.1 0.9 686: 0.920118
0.0 0.2 0.8 686: 0.923916
0.0 0.3 0.7 686: 0.928918
0.0 0.4 0.6 686: 0.930290
0.0 0.5 0.5 686: 0.933930
0.0 0.6 0.4 686: 0.935682
0.0 0.7 0.3 686: 0.937606
0.0 0.8 0.2 686: 0.941800
0.0 0.9 0.1 686: 0.944420
0.0 1.0 0.0 686: 0.945990
0.1 0.0 0.9 686: 0.920662
0.1 0.1 0.8 686: 0.926350
0.1 0.2 0.7 686: 0.928933
0.1 0.3 0.6 686: 0.931974
0.1 0.4 0.5 686: 0.933986
0.1 0.5 0.4 686: 0.938083
0.1 0.6 0.3 686: 0.942336
0.1 0.7 0.2 686: 0.947007
0.1 0.8 0.1 686: 0.953650
0.1 0.9 0.0 686: 0.952367
0.2 0.0 0.8 686: 0.925435
0.2 0.1 0.7 686: 0.930121
0.2 0.2 0.6 686: 0.934185
0.2 0.3 0.5 686: 0.938749
0.2 0.4 0.4 686: 0.941294
0.2 0.5 0.3 686: 0.945159
0.2 0.6 0.2 686: 0.951137
0.2 0.7 0.1 686: 0.953193
0.2 0.8 0.0 686: 0.951884
0.3 0.0 0.7 686: 0.929454
0.3 0.1 0.6 686: 0.937965
0.3 0.2 0.5 686: 0.942176
0.3 0.3 0.4 686: 0.942762
0.3 0.4 0.3 686: 0.947628
0.3 0.5 0.2 686: 0.950139
0.3 0.6 0.1 686: 0.949177
0.3 0.7 -0.0 686: 0.948717
0.4 0.0 0.6 686: 0.935368
0.4 0.1 0.5 686: 0.939189
0.4 0.2 0.4 686: 0.945772
0.4 0.3 0.3 686: 0.948145
0.4 0.4 0.2 686: 0.948816
0.4 0.5 0.1 686: 0.947098
0.4 0.6 -0.0 686: 0.945751
0.5 0.0 0.5 686: 0.937909
0.5 0.1 0.4 686: 0.943723
0.5 0.2 0.3 686: 0.946609
0.5 0.3 0.2 686: 0.947214
0.5 0.4 0.1 686: 0.945354
0.5 0.5 0.0 686: 0.944207
0.6 0.0 0.4 686: 0.940120
0.6 0.1 0.3 686: 0.942546
0.6 0.2 0.2 686: 0.945199
0.6 0.3 0.1 686: 0.945138
0.6 0.4 -0.0 686: 0.943175
0.7 0.0 0.3 686: 0.938468
0.7 0.1 0.2 686: 0.941867
0.7 0.2 0.1 686: 0.941227
0.7 0.3 -0.0 686: 0.942060
0.8 0.0 0.2 686: 0.936381
0.8 0.1 0.1 686: 0.938255
0.8 0.2 -0.0 686: 0.938583
0.9 0.0 0.1 686: 0.934389
0.9 0.1 -0.0 686: 0.935977
1.0 0.0 0.0 686: 0.930149

Max NMI:
0.1 0.8 0.1 686: 0.953650
