clusterTimeSimilarity.txt
clusterWordJaccardSimilarity.txt
clusterNameEntitySetSimilarity.txt

0.0 0.0 1.0 686: 0.918587
0.0 0.1 0.9 686: 0.921134
0.0 0.2 0.8 686: 0.923835
0.0 0.3 0.7 686: 0.927972
0.0 0.4 0.6 686: 0.932705
0.0 0.5 0.5 686: 0.935235
0.0 0.6 0.4 686: 0.936250
0.0 0.7 0.3 686: 0.938581
0.0 0.8 0.2 686: 0.942170
0.0 0.9 0.1 686: 0.945223
0.0 1.0 0.0 686: 0.946195
0.1 0.0 0.9 686: 0.922019
0.1 0.1 0.8 686: 0.925789
0.1 0.2 0.7 686: 0.930519
0.1 0.3 0.6 686: 0.933343
0.1 0.4 0.5 686: 0.935975
0.1 0.5 0.4 686: 0.938691
0.1 0.6 0.3 686: 0.943456
0.1 0.7 0.2 686: 0.946960
0.1 0.8 0.1 686: 0.952951
0.1 0.9 0.0 686: 0.952372
0.2 0.0 0.8 686: 0.927798
0.2 0.1 0.7 686: 0.934050
0.2 0.2 0.6 686: 0.936553
0.2 0.3 0.5 686: 0.939282
0.2 0.4 0.4 686: 0.942327
0.2 0.5 0.3 686: 0.945670
0.2 0.6 0.2 686: 0.950881
0.2 0.7 0.1 686: 0.953018
0.2 0.8 0.0 686: 0.951074
0.3 0.0 0.7 686: 0.932730
0.3 0.1 0.6 686: 0.939944
0.3 0.2 0.5 686: 0.942213
0.3 0.3 0.4 686: 0.942892
0.3 0.4 0.3 686: 0.947261
0.3 0.5 0.2 686: 0.950062
0.3 0.6 0.1 686: 0.949177
0.3 0.7 -0.0 686: 0.948715
0.4 0.0 0.6 686: 0.935493
0.4 0.1 0.5 686: 0.939964
0.4 0.2 0.4 686: 0.945949
0.4 0.3 0.3 686: 0.948632
0.4 0.4 0.2 686: 0.948343
0.4 0.5 0.1 686: 0.947089
0.4 0.6 -0.0 686: 0.945797
0.5 0.0 0.5 686: 0.938554
0.5 0.1 0.4 686: 0.943299
0.5 0.2 0.3 686: 0.947118
0.5 0.3 0.2 686: 0.947766
0.5 0.4 0.1 686: 0.945597
0.5 0.5 0.0 686: 0.944207
0.6 0.0 0.4 686: 0.939965
0.6 0.1 0.3 686: 0.942568
0.6 0.2 0.2 686: 0.945246
0.6 0.3 0.1 686: 0.944891
0.6 0.4 -0.0 686: 0.943076
0.7 0.0 0.3 686: 0.938291
0.7 0.1 0.2 686: 0.941790
0.7 0.2 0.1 686: 0.941326
0.7 0.3 -0.0 686: 0.942035
0.8 0.0 0.2 686: 0.936381
0.8 0.1 0.1 686: 0.938606
0.8 0.2 -0.0 686: 0.938684
0.9 0.0 0.1 686: 0.934389
0.9 0.1 -0.0 686: 0.936111
1.0 0.0 0.0 686: 0.930149

Max NMI:
0.2 0.7 0.1 686: 0.953018
