clusterTimeSimilarity.txt
clusterWordJaccardSimilarity.txt
clusterNameEntitySetSimilarity.txt

0.0 0.0 1.0 686: 0.887682
0.0 0.1 0.9 686: 0.887916
0.0 0.2 0.8 686: 0.888655
0.0 0.3 0.7 686: 0.888655
0.0 0.4 0.6 686: 0.894279
0.0 0.5 0.5 686: 0.903728
0.0 0.6 0.4 686: 0.907194
0.0 0.7 0.3 686: 0.915228
0.0 0.8 0.2 686: 0.922052
0.0 0.9 0.1 686: 0.903301
0.0 1.0 0.0 686: 0.914680
0.1 0.0 0.9 686: 0.888345
0.1 0.1 0.8 686: 0.888364
0.1 0.2 0.7 686: 0.891484
0.1 0.3 0.6 686: 0.897012
0.1 0.4 0.5 686: 0.901295
0.1 0.5 0.4 686: 0.912095
0.1 0.6 0.3 686: 0.919042
0.1 0.7 0.2 686: 0.928431
0.1 0.8 0.1 686: 0.923870
0.1 0.9 0.0 686: 0.926772
0.2 0.0 0.8 686: 0.885950
0.2 0.1 0.7 686: 0.885950
0.2 0.2 0.6 686: 0.890826
0.2 0.3 0.5 686: 0.898728
0.2 0.4 0.4 686: 0.906390
0.2 0.5 0.3 686: 0.923433
0.2 0.6 0.2 686: 0.930749
0.2 0.7 0.1 686: 0.943821
0.2 0.8 0.0 686: 0.941219
0.3 0.0 0.7 686: 0.887507
0.3 0.1 0.6 686: 0.896284
0.3 0.2 0.5 686: 0.906454
0.3 0.3 0.4 686: 0.909033
0.3 0.4 0.3 686: 0.918064
0.3 0.5 0.2 686: 0.943118
0.3 0.6 0.1 686: 0.942499
0.3 0.7 -0.0 686: 0.936830
0.4 0.0 0.6 686: 0.896508
0.4 0.1 0.5 686: 0.905786
0.4 0.2 0.4 686: 0.912549
0.4 0.3 0.3 686: 0.940228
0.4 0.4 0.2 686: 0.938112
0.4 0.5 0.1 686: 0.939762
0.4 0.6 -0.0 686: 0.939881
0.5 0.0 0.5 686: 0.901114
0.5 0.1 0.4 686: 0.932400
0.5 0.2 0.3 686: 0.935767
0.5 0.3 0.2 686: 0.937419
0.5 0.4 0.1 686: 0.937367
0.5 0.5 0.0 686: 0.936199
0.6 0.0 0.4 686: 0.930161
0.6 0.1 0.3 686: 0.934161
0.6 0.2 0.2 686: 0.934942
0.6 0.3 0.1 686: 0.934720
0.6 0.4 -0.0 686: 0.934816
0.7 0.0 0.3 686: 0.932104
0.7 0.1 0.2 686: 0.933267
0.7 0.2 0.1 686: 0.932309
0.7 0.3 -0.0 686: 0.932344
0.8 0.0 0.2 686: 0.930863
0.8 0.1 0.1 686: 0.931945
0.8 0.2 -0.0 686: 0.929886
0.9 0.0 0.1 686: 0.931207
0.9 0.1 -0.0 686: 0.930302
1.0 0.0 0.0 686: 0.928255

Max NMI:
0.2 0.7 0.1 686: 0.943821
