clusterTimeSimilarity.txt
clusterWordJaccardSimilarity.txt
clusterNameEntitySetSimilarity.txt

0.0 0.0 1.0 686: 0.902225
0.0 0.1 0.9 686: 0.918238
0.0 0.2 0.8 686: 0.918423
0.0 0.3 0.7 686: 0.917734
0.0 0.4 0.6 686: 0.920367
0.0 0.5 0.5 686: 0.920574
0.0 0.6 0.4 686: 0.923237
0.0 0.7 0.3 686: 0.923516
0.0 0.8 0.2 686: 0.926759
0.0 0.9 0.1 686: 0.930851
0.0 1.0 0.0 686: 0.932002
0.1 0.0 0.9 686: 0.927439
0.1 0.1 0.8 686: 0.924832
0.1 0.2 0.7 686: 0.926301
0.1 0.3 0.6 686: 0.928250
0.1 0.4 0.5 686: 0.928184
0.1 0.5 0.4 686: 0.927253
0.1 0.6 0.3 686: 0.928080
0.1 0.7 0.2 686: 0.928594
0.1 0.8 0.1 686: 0.932879
0.1 0.9 0.0 686: 0.933736
0.2 0.0 0.8 686: 0.927590
0.2 0.1 0.7 686: 0.923152
0.2 0.2 0.6 686: 0.924815
0.2 0.3 0.5 686: 0.928572
0.2 0.4 0.4 686: 0.928427
0.2 0.5 0.3 686: 0.929423
0.2 0.6 0.2 686: 0.928005
0.2 0.7 0.1 686: 0.932906
0.2 0.8 0.0 686: 0.935570
0.3 0.0 0.7 686: 0.928225
0.3 0.1 0.6 686: 0.924006
0.3 0.2 0.5 686: 0.923750
0.3 0.3 0.4 686: 0.926221
0.3 0.4 0.3 686: 0.927746
0.3 0.5 0.2 686: 0.928980
0.3 0.6 0.1 686: 0.934857
0.3 0.7 -0.0 686: 0.937103
0.4 0.0 0.6 686: 0.927264
0.4 0.1 0.5 686: 0.921330
0.4 0.2 0.4 686: 0.924081
0.4 0.3 0.3 686: 0.925535
0.4 0.4 0.2 686: 0.928428
0.4 0.5 0.1 686: 0.932549
0.4 0.6 -0.0 686: 0.936375
0.5 0.0 0.5 686: 0.927204
0.5 0.1 0.4 686: 0.921321
0.5 0.2 0.3 686: 0.924843
0.5 0.3 0.2 686: 0.927462
0.5 0.4 0.1 686: 0.933034
0.5 0.5 0.0 686: 0.934279
0.6 0.0 0.4 686: 0.927515
0.6 0.1 0.3 686: 0.922832
0.6 0.2 0.2 686: 0.924820
0.6 0.3 0.1 686: 0.930409
0.6 0.4 -0.0 686: 0.932530
0.7 0.0 0.3 686: 0.927836
0.7 0.1 0.2 686: 0.923429
0.7 0.2 0.1 686: 0.926577
0.7 0.3 -0.0 686: 0.933069
0.8 0.0 0.2 686: 0.927161
0.8 0.1 0.1 686: 0.926067
0.8 0.2 -0.0 686: 0.931752
0.9 0.0 0.1 686: 0.926953
0.9 0.1 -0.0 686: 0.930408
1.0 0.0 0.0 686: 0.931328

Max NMI:
0.3 0.7 -0.0 686: 0.937103
