clusterTimeSimilarity.txt
clusterWordJaccardSimilarity.txt
clusterNameEntitySetSimilarity.txt

0.0 0.0 1.0 686: 0.920131
0.0 0.1 0.9 686: 0.925953
0.0 0.2 0.8 686: 0.928520
0.0 0.3 0.7 686: 0.929793
0.0 0.4 0.6 686: 0.932446
0.0 0.5 0.5 686: 0.934959
0.0 0.6 0.4 686: 0.937555
0.0 0.7 0.3 686: 0.939522
0.0 0.8 0.2 686: 0.942997
0.0 0.9 0.1 686: 0.946357
0.0 1.0 0.0 686: 0.947674
0.1 0.0 0.9 686: 0.926235
0.1 0.1 0.8 686: 0.931215
0.1 0.2 0.7 686: 0.932402
0.1 0.3 0.6 686: 0.935127
0.1 0.4 0.5 686: 0.937736
0.1 0.5 0.4 686: 0.942049
0.1 0.6 0.3 686: 0.945396
0.1 0.7 0.2 686: 0.946711
0.1 0.8 0.1 686: 0.954077
0.1 0.9 0.0 686: 0.952836
0.2 0.0 0.8 686: 0.928009
0.2 0.1 0.7 686: 0.935379
0.2 0.2 0.6 686: 0.939686
0.2 0.3 0.5 686: 0.941171
0.2 0.4 0.4 686: 0.945022
0.2 0.5 0.3 686: 0.946336
0.2 0.6 0.2 686: 0.951039
0.2 0.7 0.1 686: 0.952282
0.2 0.8 0.0 686: 0.950993
0.3 0.0 0.7 686: 0.933057
0.3 0.1 0.6 686: 0.940957
0.3 0.2 0.5 686: 0.943804
0.3 0.3 0.4 686: 0.944422
0.3 0.4 0.3 686: 0.947888
0.3 0.5 0.2 686: 0.949185
0.3 0.6 0.1 686: 0.949472
0.3 0.7 -0.0 686: 0.948683
0.4 0.0 0.6 686: 0.935817
0.4 0.1 0.5 686: 0.941098
0.4 0.2 0.4 686: 0.946379
0.4 0.3 0.3 686: 0.947653
0.4 0.4 0.2 686: 0.948096
0.4 0.5 0.1 686: 0.947834
0.4 0.6 -0.0 686: 0.946525
0.5 0.0 0.5 686: 0.937289
0.5 0.1 0.4 686: 0.944245
0.5 0.2 0.3 686: 0.945999
0.5 0.3 0.2 686: 0.947583
0.5 0.4 0.1 686: 0.946576
0.5 0.5 0.0 686: 0.944953
0.6 0.0 0.4 686: 0.939246
0.6 0.1 0.3 686: 0.943515
0.6 0.2 0.2 686: 0.945854
0.6 0.3 0.1 686: 0.945535
0.6 0.4 -0.0 686: 0.943984
0.7 0.0 0.3 686: 0.938157
0.7 0.1 0.2 686: 0.942020
0.7 0.2 0.1 686: 0.942301
0.7 0.3 -0.0 686: 0.942631
0.8 0.0 0.2 686: 0.936564
0.8 0.1 0.1 686: 0.939333
0.8 0.2 -0.0 686: 0.939795
0.9 0.0 0.1 686: 0.934989
0.9 0.1 -0.0 686: 0.937587
1.0 0.0 0.0 686: 0.930488

Max NMI:
0.1 0.8 0.1 686: 0.954077
