clusterTimeSimilarity.txt
clusterWordJaccardSimilarity.txt
clusterNameEntitySetSimilarity.txt

0.0 0.0 1.0 686: 0.694037
0.0 0.1 0.9 686: 0.884493
0.0 0.2 0.8 686: 0.886519
0.0 0.3 0.7 686: 0.887412
0.0 0.4 0.6 686: 0.884666
0.0 0.5 0.5 686: 0.892599
0.0 0.6 0.4 686: 0.904186
0.0 0.7 0.3 686: 0.901717
0.0 0.8 0.2 686: 0.902442
0.0 0.9 0.1 686: 0.899348
0.0 1.0 0.0 686: 0.901552
0.1 0.0 0.9 686: 0.889552
0.1 0.1 0.8 686: 0.884438
0.1 0.2 0.7 686: 0.887942
0.1 0.3 0.6 686: 0.899111
0.1 0.4 0.5 686: 0.899685
0.1 0.5 0.4 686: 0.903486
0.1 0.6 0.3 686: 0.905216
0.1 0.7 0.2 686: 0.902075
0.1 0.8 0.1 686: 0.902633
0.1 0.9 0.0 686: 0.901728
0.2 0.0 0.8 686: 0.874022
0.2 0.1 0.7 686: 0.871174
0.2 0.2 0.6 686: 0.871580
0.2 0.3 0.5 686: 0.887708
0.2 0.4 0.4 686: 0.891683
0.2 0.5 0.3 686: 0.901597
0.2 0.6 0.2 686: 0.904894
0.2 0.7 0.1 686: 0.902461
0.2 0.8 0.0 686: 0.906026
0.3 0.0 0.7 686: 0.867045
0.3 0.1 0.6 686: 0.859586
0.3 0.2 0.5 686: 0.879507
0.3 0.3 0.4 686: 0.881264
0.3 0.4 0.3 686: 0.893642
0.3 0.5 0.2 686: 0.894879
0.3 0.6 0.1 686: 0.908291
0.3 0.7 -0.0 686: 0.909040
0.4 0.0 0.6 686: 0.859191
0.4 0.1 0.5 686: 0.856019
0.4 0.2 0.4 686: 0.862508
0.4 0.3 0.3 686: 0.873543
0.4 0.4 0.2 686: 0.886148
0.4 0.5 0.1 686: 0.891384
0.4 0.6 -0.0 686: 0.898798
0.5 0.0 0.5 686: 0.852627
0.5 0.1 0.4 686: 0.855897
0.5 0.2 0.3 686: 0.861523
0.5 0.3 0.2 686: 0.862904
0.5 0.4 0.1 686: 0.876231
0.5 0.5 0.0 686: 0.882375
0.6 0.0 0.4 686: 0.844922
0.6 0.1 0.3 686: 0.852290
0.6 0.2 0.2 686: 0.847427
0.6 0.3 0.1 686: 0.845100
0.6 0.4 -0.0 686: 0.872091
0.7 0.0 0.3 686: 0.834256
0.7 0.1 0.2 686: 0.833678
0.7 0.2 0.1 686: 0.844773
0.7 0.3 -0.0 686: 0.853738
0.8 0.0 0.2 686: 0.841005
0.8 0.1 0.1 686: 0.839929
0.8 0.2 -0.0 686: 0.840214
0.9 0.0 0.1 686: 0.835237
0.9 0.1 -0.0 686: 0.839117
1.0 0.0 0.0 686: 0.854504

Max NMI:
0.3 0.7 -0.0 686: 0.909040
