clusterTimeSimilarity.txt
clusterWordJaccardSimilarity.txt
clusterNameEntitySetSimilarity.txt

0.0 0.0 1.0 686: 0.925507
0.0 0.1 0.9 686: 0.931606
0.0 0.2 0.8 686: 0.933851
0.0 0.3 0.7 686: 0.936478
0.0 0.4 0.6 686: 0.937004
0.0 0.5 0.5 686: 0.938892
0.0 0.6 0.4 686: 0.940327
0.0 0.7 0.3 686: 0.943015
0.0 0.8 0.2 686: 0.944663
0.0 0.9 0.1 686: 0.947026
0.0 1.0 0.0 686: 0.947455
0.1 0.0 0.9 686: 0.930145
0.1 0.1 0.8 686: 0.935301
0.1 0.2 0.7 686: 0.937587
0.1 0.3 0.6 686: 0.940080
0.1 0.4 0.5 686: 0.943088
0.1 0.5 0.4 686: 0.944743
0.1 0.6 0.3 686: 0.946278
0.1 0.7 0.2 686: 0.948802
0.1 0.8 0.1 686: 0.952906
0.1 0.9 0.0 686: 0.952298
0.2 0.0 0.8 686: 0.933602
0.2 0.1 0.7 686: 0.939467
0.2 0.2 0.6 686: 0.940521
0.2 0.3 0.5 686: 0.942591
0.2 0.4 0.4 686: 0.945301
0.2 0.5 0.3 686: 0.948494
0.2 0.6 0.2 686: 0.951359
0.2 0.7 0.1 686: 0.951947
0.2 0.8 0.0 686: 0.949927
0.3 0.0 0.7 686: 0.935176
0.3 0.1 0.6 686: 0.941125
0.3 0.2 0.5 686: 0.943397
0.3 0.3 0.4 686: 0.946860
0.3 0.4 0.3 686: 0.949097
0.3 0.5 0.2 686: 0.950024
0.3 0.6 0.1 686: 0.949961
0.3 0.7 -0.0 686: 0.948987
0.4 0.0 0.6 686: 0.936921
0.4 0.1 0.5 686: 0.943282
0.4 0.2 0.4 686: 0.947643
0.4 0.3 0.3 686: 0.948293
0.4 0.4 0.2 686: 0.948690
0.4 0.5 0.1 686: 0.947926
0.4 0.6 -0.0 686: 0.946628
0.5 0.0 0.5 686: 0.941166
0.5 0.1 0.4 686: 0.944009
0.5 0.2 0.3 686: 0.946418
0.5 0.3 0.2 686: 0.948025
0.5 0.4 0.1 686: 0.946556
0.5 0.5 0.0 686: 0.945192
0.6 0.0 0.4 686: 0.939972
0.6 0.1 0.3 686: 0.943141
0.6 0.2 0.2 686: 0.946088
0.6 0.3 0.1 686: 0.945686
0.6 0.4 -0.0 686: 0.944991
0.7 0.0 0.3 686: 0.938453
0.7 0.1 0.2 686: 0.941997
0.7 0.2 0.1 686: 0.942188
0.7 0.3 -0.0 686: 0.942853
0.8 0.0 0.2 686: 0.936821
0.8 0.1 0.1 686: 0.939585
0.8 0.2 -0.0 686: 0.940482
0.9 0.0 0.1 686: 0.935340
0.9 0.1 -0.0 686: 0.938012
1.0 0.0 0.0 686: 0.930914

Max NMI:
0.1 0.8 0.1 686: 0.952906
