1
1
1
1
1
1
0.999997680594695
1.00413655499431
1
1
1.00502800820044
1
1
1
0.993397032548745
1
1
1
1
1
1.13217866909754
1
1
1
1
1
1
1
1
1.01823073043019
1
1
1.22439024390244
1
1.01184164015553
1
1
1
1
1
1.03075059586606
1.16455696202532
1
1
1
1
1
1
1
1
1
1.0012017167382
1
1
1
1
1
1.02694152796673
1
1.06706962912619
1
1
1.03348961971806
1
1
1
1.00086573059546
0.994633273703041
1
1
1
1
1
1
1
1
1
1
1
1
1
1
1
1
0.994395516413131
1
1
1.02092530167963
0.894366197183099
1
1
1
1
1
1
1
1
1
1
1
1
1
1
1
1
1.01725057798328
1.07100785340314
1
1
1
1
1.00110102724555
1
1
1
1
1
0.98157625383828
1
1
1
1
1
1
1
1.01499133448873
1
1
1
1
1
1
1
1
1
1
1
1
1.19695613249776
1
1
1
1.15384615384615
1
1.00044662795891
1.00399860917942
1
1
1
1
1
1
1
1
1
1
1
1
1
1
1
1.07496251874063
1
1
1
1
1
1
1
1
1
1
1
1
1
1
1
1.23089869218009
1
1
1
1
1
1
1
1
1
1
1.01408450704225
1
1
1
1
1
1
1
1
1
1
1
1
0.995226730310263
1
1
1
1.21993127147766
1
1
1
1
1
1
1
1
1
1
1
1.06098522167488
1
1
1
1
1
1
1
1
1
1
1
1
1
1
1
1
1
1
1
1.18423855165069
1
1.06655018407595
1
1
1
1
1
1
1
1
1
1
1
1
1.08571428571429
0.955197132616487
1
1
1
1
1
1.01811594202899
1
1
1.12558139534884
1
1
1
1
1
1
1
1
0.972972972972973
1
1
1
1
1
1
1
1
1
1
1
1
1
1
1
1
1
1
1
1
1
1
1
1
1
1
1
1
1
1
1.00376116596145
1
0.999398008798333
1
1
1
1
1
1
1
1
1
1.00770842286205
0.968229129620409
1
1
1
1
1
1
1
1.13559322033898
1
1
1.04803493449782
1
1
1
1
1
1
1
1
1
1
1
1
1
1
0.985294117647059
1
1
1
1
1
1
1
1
1
1
1
1
1
1
1.19408771504725
1
1
1
1
1.05670215077124
1
1.03958641063516
1
1
1
1
1
1
0.993166287015945
1
1
1
1.0485248447205
1
1.26246523833771
1
1.1139648718687
1
1.17963100151692
1
1.20380774032459
1
1
1
1
1
1
1
1
1
1
1
1
1
0.977303070761015
1
1
1
1
1
1
1
0.983151326053042
1
1
1
1
1.04363495446619
1
1
1
1
1
1
1
1
1
1
1
1
1.15124153498871
1
0.991828274274909
1
1
1
1
1
1
1
1
1
1
0.991440798858773
1
1
1
1
1
1
1
1
1
1
1
1
1
1
1.09115964031297
1
1
0.774193548387097
1
1
1.17153284671533
1
1
1
1
1
1
1
1
1
1.19929453262787
1
1
1
1
1
1
1
1
1
1
1.00121898363853
1
1
1
1
1
1
1
1
1
1
1
1
1
1.00378561898667
1
1.15021998742929
1
1
1
1
1
1
1
1
1
1
1
1
1
1.00110261871946
1
1
1
1
1.34773218142549
1
1
1
1
1
1
1
1
1
1
1
1
1
1
1.18473644766425
1
1
1
1
1
1
1
1.03550295857988
1
0.975418736022755
1
0.95910780669145
1
1
1
1
1.07506691702289
1
1
1
1
1
1
1
1
1.01451768267511
1
1
1
1
1
1
1
1
1
1
1
1
1
1
1
1
1
1
1
1
1
1.09970674486804
1
1
1
0.993630573248408
1
1
1
1
1
1
1
1
1
1
1.49985625988213
1
1.04824220916047
1
1.125
1
1
1
1
1
1
1
1
1
1
1
1.22360600056609
1
1
1
1
1
0.982089552238806
1
1
1
1
1
1.13222494978799
1
1
1
1.08542713567839
1
1.03764478764479
1
1
1
1
1
1
1
1
1
1
0.993103448275862
1
1
1
1
1
1
1
1
1.02897041710051
1
1
1
1
1
1
1
1
1
1
1
1
1.00452320925404
1
1
1
1
1
0.911365260900643
1
1
1
1
1
1
1
1
1
0.946236559139785
1
1
1
1
1
1
1.3066264627755
1
1
1
1
1
1
1
1
1
1.03132747351814
1
1
1
1
1
1.0096670457665
1
1
1
1
1
1
1
1
1
1
1
1
1
1
1
1
1
1.07469512195122
0.993630573248408
1
1
1
1
1
1.16076442351236
1
1
1
1
1
1
1
1
1
1.05135284373274
1
0.997906489881368
1
1
1
1
1
0.964749536178108
1
1.13551924798568
1
1.11912225705329
1
1
1
1
1
1
1
1
1
1
1
1
1
1
1
1
1
1
1
1
1
1.14577397910731
1.43571577411961
1
1
1
1
1
1.15451263537906
1
1.05357142857143
1.2426153335546
1
1
1
1.63981023545855
1
1
1
1.06173725771716
1
1.01477557847784
1
1
1
1
1.0125786163522
1
1
1
1
1
1
1
1
1
1
1.35693215339233
1
1
1
1
1
1
1
1
1
1
1
1
1
1
1
1
1
1
1
1.1017101710171
1
1
1
0.985951916544303
1
1
1.0784708249497
1
1
1
1
1
1.01870907390084
1
1
1
1.28836018671887
1
1
1
1
1
1
1
1
1
1
1
1.23166918809884
1
1
1
1
1
1
1
1
1
1
1
1.71428571428571
1
1
1
1
1.13057324840764
1
1
1
1
1
1
1
1
1.37049308821434
1.02397791961359
1
1.13828202581927
1
1
1.24074074074074
1
1
1
1
1
1
1
1
1
1
1
1.18850574712644
1
1
1
1
1
1
1
1
1
1
1
1
1
1
0.994082840236686
1
1.06184210526316
0.962025316455696
1
1
1
1
1
1
1
1
1
1
1
1
1.22926829268293
1
1
1
1
1
1
1
1
1
1
1
1
1
1
1
1
1
1
1
1.04851425106125
1.07391304347826
1
1
1
1
1
1
1
1
1
1
1
1.11405835543767
1
1
1
1
1
1
1
1
1
1
1
1
1
1
1
1
1
1.20562113546936
1
1
1
1.20248178057908
1
1
1
1
1
1
1
1
1
1
1
1
1
1.01531443466927
1
1
1
1
1
1
1
1
1
1
1
0.95980024968789
1
1
1
1
0.92985070690019
1
1
1.12399643175736
1
1
1
1
1
1
1
1
1.19205298013245
1
1
1.29332415691672
1.14516129032258
1
0.967741935483871
1.013136041069
1
1
0.992831541218638
1
1
1
1
1
1
1
1
1
1
1
1
1
1.34615384615385
1.07894855901914
1
1
1
1
1
1
1
1
1.17694458148331
1
1
1
1.06688861985472
1
1.03030303030303
1
1
1
1
0.988066825775656
1
1
1
1
1
1
1
1
1
1
1
1
1
1
1
1
1
1
1
1
0.992805755395684
1.09788176657898
1
1
1
1
1
1
1
1
1
1
0.873417721518987
1
1
1
1
1
1
1
1
1
1.37152034261242
1
1
1
1
1
1
1
1
1
1
1
1
1.18555417185554
1
1.05688073394495
1
1.06770529654593
1.05956552207428
1.12643671109339
1
1
1
1
1
0.9874715261959
1
1
1
1
1
1
1
1
1
1
1
1.00340483486551
1
1
1
1
1
1
1
1.14528388511962
1
1
1
1.13791208791209
1
1
1
1.20061491160646
1
1
1
1
1
1
1.01712328767123
1
1
1
1
1
1
1
1
1
1
1
1
1
1
1
1
1
1
1
1
1
1
1
1
1
1
1
1
1
1
1
1
0.997182373753619
1
1
1
1
1
0.995934959349593
1
1
1
1
1
1
1
1
1.01803278688525
1
1
1
1
1
1
1
1
1
1
1
1.12690355329949
1
1
1
1
1
1
1
1
1
1
1
1.15350877192982
1
1
1
1
1
1
1
1
1
1
1
1.00867269984917
1
1
1
1.37130497476568
1
1
1
1.14003340757238
1
1
1
1
1
1
1
1
1
1
1
1.01639023913628
1
1
1
1
1.19402941519785
1
1
1
1
1
1
1
1
1
1
1
1
1.45330296127563
1
1
1.10344827586207
1
1
1
1
1
1
1
0.974910394265233
1
1
1.13299013299013
1
1
1
1
1
1.18150713424019
1
1
1
1
1
1.20652173913043
1
1
1
1
1
0.961477248758413
1
1
1
1
1
1
1
1
1
1
1
1
1
1
1
1
1
1
1
1
1
1
1
1
1
1
1
1
1
1.00884955752212
1
1
1
1.02941176470588
0.994277539341917
0.99137679041216
1
1.07874015748032
1
1
1
1
1
1
1
1
1
1
1
1
1
1
1
1
1.30404624277457
1.03929719305764
1
1
0.992805755395684
1.23152002296541
0.972457627118644
1
1
1
1
0.967625899280576
1
1
1
1
1
1
1
1
1
1
1
1
1
1
1
1
1
1
1
1
1
1
1
1
1
1
1
1.02582714382174
1
1
1
1.02283684344075
1
1
1
1
1
1
1
1
1
1
1
1
1
1
0.994782608695652
1
1
1
1
1
0.995226730310263
0.989247311827957
1.66171171171171
1
1
1
1
1
1
1
1.19676700111483
1
1
1
1
1
1
1
1
1
1
1.02313846531117
1
1
1
1
1
1
1
1
1.003367003367
1
1
1
1
1
1
1
1
1
1
0.973105134474327
1
1
1
1
0.995260663507109
1
1
1.31764705882353
1
1
1
1
1
1
1
1
1
1
1
1
1
1
1
1
1
1
1
1
1
1
1
1
1
1
1
1
1
1
1.08099638149393
1
1
0.975010464098629
1
1
1.2330383480826
1
1
1
1
1
1
1
1
1
1
1
1.03322297065875
1
1
1
1
1
1
0.974117647058824
1
1
1
1
1
1
1
1
1.12
1
1
1
1.65
1.15419296663661
1
1
1
1
1
1
1
1.1117296222664
1
1
1
1
1
1
1
1.08074534161491
1
0.985611510791367
1
1
1
1
1
1
1
1
1.06885685171906
1
0.987130739982451
1
1
1
1
1
1
1
1
1.03010033444816
1
1
1
1
1
1.16145262619622
1
1
1
1
1
1.10220964406226
1
1
1
1
0.994620763851533
1
1
0.975903614457831
1
1.17568071615069
1.32227517484682
1
1
0.923240740740741
1
1
1
1
1
1
1
1
1
1
1
1
0.984934621944286
1
1
1
1
1
1
1
0.995622761639475
1
1
1
1
1.03597122302158
1
1
1
1
0.967741935483871
1
1
1
1
1
1
1
1
1
1
1
1
1
1
1.17380583749068
1
1.10069055872479
1.07349298100743
1
1
1
1.53260869565217
1
1
1
1
1
1
1
1
1
1.30476923076923
1
1
1.2016348773842
1
1
1
1
1
1
1
1
1
1
1
1
1
1
1
1
1
1
1.095
1.10691823899371
1
1
1
1
1
1
1.17648361381754
1
1
1
1
1.11698113207547
1
1
1
1
1
1
1
1
1
1
1
1
1
1
1
1.07645403377111
1
1
1
1
1
1.20952380952381
1
1
1
1
1
1
1
1
1
1.22129946262824
1
1
1
1
1.19685039370079
1
1
1
1
1
1
1
1
1
1
1
1
1
1
1.00689087730124
1
1
1
1
1
1
1
1
1
1
1
1.01187648456057
1
1
1
1
1
1
1
1
1.25480769230769
1
1
1
1
1
1
1
1
1
1.00664120869998
1.56211522098203
1
1
1
1
1
1
0.989247311827957
1
1
1
1.00174897119342
0.990601503759398
1
1
1
1
1
1
1
1
1.11218974076117
1
1
1
1
1
0.937947494033413
1
1
1
1.08734804142278
1
1
1
1
1
1
1
1
1
1
1
1
1.04130495659479
0.971223021582734
1
1
1
1
1
1
1
1.13939899833055
0.992805755395684
1
1
1
1
1
1.13483039219682
1
1
1
1
1
1
1
1
1
1
1
1
1
1.10828025477707
1
1
1
1
1
1
1
1
1
1.82608695652174
1
1
1
1
1
1
1
1
1
1
1
1
1
1
1.16008286306165
1
1
1
1
1
1
1
1
1
1
1
1
1
1
1
1
1
1
1
1
1
1
1
1
1
1
1
1
1
1
1
1.09765810746553
1
1
1
1
1
1
1
1
1
1
1.02448979591837
1
1
1
1
1
1
1
1
1.05185185185185
1
1
1
1.11735079325107
1
1
1
1
1
0.958283671036949
1.17101589998786
1
0.977496483825598
1
0.997955210940439
1
1
1
1
1
1
1
1
1.22658539444379
1.89241736876215
1
1
1
1
1
1
1
1
1
1
1
1
1
1
1
1
1
1
1
1
1
1.24137931034483
1
1
1
1
1
1.00242382271468
1.11488751525956
1
1
1
1
1
1
1
1
1
1
1
1.07516664302936
1
1
1.34489415377866
1
1
1
1
1
1.17142857142857
1
1
1
1
1
1.0054347826087
1
1
1
1
1
1
1
1
1
1
1
1.0623519880344
1
1
1
1
1
1
1
1
1
1
1
1
1
1
1
1.1282967321635
1
1
1
1
1.06194690265487
1.00264200792602
1
1.17603458925263
1
1
1.47742055380041
1
1
1
1
1.31839966659721
1
1
1
1
1
1
1
1
1.01648351648352
1
1
1
1
1
1
1
1
1
1
1
1
1
1
1
1.24057738572574
1
1
1
1
1
1
1
1
1
1
1.16732385110078
1
1
1
1
1
1
1
1
1
1
1
1
0.952768729641694
1
1
1
1
1
1
1.02986977278976
1.05266981474755
1
1
1
1
0.998191681735985
1
1
1.23214285714286
1
1
1
1
1
1
1
1
1.37108158604941
1
1
1
1
1
1
1
1
1
1
1.1978021978022
1
1
1
1
1
1
1
1
1.11373092926491
1
1
1
1
1.05596620908131
1
1
1.06494106771435
1
1
1
1
1
1
1
1
1
1
1
1.02311978231494
1
1
1
1
1
1
1
1
1
1
1
1
1
1.05494505494506
1
1
1
0.990948780747524
1.15642458100559
1
1
1
1
1.00161343355483
1.22004357298475
1
1
1
1
1
1
1
1
1
1
1
1.11022787493376
1
1
1
1
1.08461538461538
1
1
0.970588235294118
1
1
1.08303249097473
1
1
1
1
1
1
1
1
1
1
1
1.13114754098361
1
1
1
1
1
1.17094017094017
1
1
1
1.10588235294118
1
1
1
1
1
1
1
1
1
1
1.17405386975793
1
1
1.28865979381443
1
1
1
1
1
1
1
1
1
1
1
1
1
1
1
1
1
1
1
1
1
1
0.989247311827957
1
1
1
1
1
1
1
1
1
1
1
1
1
1
1
1
1
1
1
1
1
1
1
1
1
1
1
1
1
1
1
1
1
1.02943143812709
1
1.0805186489515
1
1
1
1
1.12150050817703
1
1
1
1
0.989169675090253
1
1
0.99404052443385
1
1
1.17813496280553
1
1.14701378254211
1
1
1
1
1
1
1
1
1
1
1
1
1
1
1
1
1
1
1
1
0.996515679442509
1
1.09774436090226
1
1
1
1
1
1
1
1
1
1
1
1.23264781491003
1
1
1.40484429065744
1
1
1
1
1
1
1
1
1
1
1
1
1
1
0.997607655502392
1.23667711598746
1
1
1
1
1
1
1
1
1
1
1
1
1
1
1
1
1
1
1
1
1
1
1
1
1
1
1
1
1
1
1
1
1
1
1
1
1
1
1
1
1.14596273291925
1
1
1
1
1
1
1
1
1
1
1
1
1
1
1
1
1
1.00984778169668
1
1
1
1
1
1
1
1
1
1
1
1
1
1
1
1
1
1
1
1
1
1.15816326530612
1
1
1
1
1
1
0.994318181818182
0.905109489051095
1
1
1
1
1
1
1
1.09230769230769
1
1
1
1
1
0.993936331480546
1
1
1
1
1
1
0.995226730310263
1
1
1
1
1.00947867298578
1
1
1
1.01865671641791
1
1
1.17525773195876
1
1
1.014631043257
1.07066664461607
1
1
1
1
1
1
1
1
1
1
1
1
1
1
1
1
1
1
1
1
1.03396415590926
1
1
1
1
1
1
1
1.03759398496241
1.09575142675967
1
1
1
1.27362482369535
1
1
1.05924705595216
1.31660231660232
1
1
1
1
1
1
1
1
1
1.22018348623853
1
1.11983887210473
1
1
1
1
1
1
1
1
1.625
1
1
1
1
1
1
1
1
1
1
1
1
1
1
1
1
1
1
1
1
1
0.987730061349693
1
1
1
1
1
1
1.1015625
1
1
1
1
1
1
1
1
1
1
1
1
1
1
1
1
0.992932862190813
1.1638418079096
1
1.23364485981308
1
1
1.03918464467005
1
1
1
1
1.05486697718481
1
1
1
1
1.00016997648659
1
1
1
1
1
1
1
1.10025863380496
1
1
1
1
1
1
1
1
1
1.17141485275288
1
1
1
1
1
1.16806722689076
1
1
1
1
1
1
1
1
1
0.990638856955165
1.30568720379147
1
1
1
1
1
1
1.15810299022102
1.16232908090464
1
1
1
1.11932773109244
1
1
1
1
1.18921260695332
1
1
1
1
1.18352059925094
1
1
1
1
1
1
1
1
1.233052724856
1
1
1
1
1
1
1
1
1
1
1
1
1
1.09513079259332
1
1
1
1
1
1
1
1
1
1
1
1
1
1
1
1
1
1
1
1
1
1
1
1
1
1
1
1
1
1
1
1
1
1
1
1.18435321456235
1
1
1
0.937537455734132
1
1.29533678756477
1
1
1
0.967535162104503
1.22222222222222
1
1
1
1.15
1
1
1
1
1
1
1.09211953472716
1
1
1
1
1
1
1
1
1
1
1
1
1.13060395712329
1
1
1
1
1
1
1
1
1
1
1
1
1
1
1
1
1
1
1
1
1.20971302428256
1
1
1
0.990069779924852
1
1
1
1
1
1
1
1
0.978723404255319
1
1
1
1
1
1
1
1
1
1
1
1.02356202356202
1
1
1
1
1
1
1
1.07504363001745
1
1
1
1
1
0.996515679442509
1
1
1.16052498738011
1
1
1
1
1
1
1
1
1
1
1.29224144805039
1
1
1
1
1
1
1
1
1
1
1
1
1
1
1
1
1
1.12830957230143
1
1
1.17948717948718
1
1
0.995498477426188
1
1
1
1
1.10865921787709
1
1
1
1.14367816091954
1.09470752089136
1
1
1
1
1
1
1
1
1
1
1
1
1
1
1
1
1
1
0.987997658079625
1
1
1
1
1.05128205128205
1
1
1
1
1
1
1
1
1
1
1
1
1
1
1
1
1
1
1
1
1.22060671333692
1
1
1
1
1
1
1
1
1
1
1
1
1
1
1
1
1
1
1
1
1
1
1
1
1
1
1
1.15957446808511
1.05726872246696
1
1
0.987424111014744
1
1
1
0.986301369863014
1
1
1
1
1
1
1
1
1
1
0.965417867435158
1
1
1
1
1
1
1
0.955223880597015
1
1
1.54736842105263
0.994633273703041
1
1
1
1
1.08549751969653
1
1
1
1.20107238605898
0.965331886773844
1.14173228346457
1
1
1
1
1
1
1
1.1654755360088
1
1
1
1
1
1.1180981595092
1
1.09367088607595
1.11898395721925
1
1
0.967741935483871
1.05735711390353
1
1.18592659993934
1
1
1
1
1
1
1
1
1
1
1
1
1
1.04130702836005
1
1
1
1
1
1
1
1
1
1
1.15068493150685
1
1
1
1.17391304347826
1
1
1
1
1
1
1
1
1.13219284603421
1
1
1.23480456330653
1
1
1
1
1
1.13690476190476
1
1
1
1
1
1
1.07352941176471
1.30401034928849
1
1
1
1
1
1.03658536585366
1
1
1
1
1
1
1
1
1
1
1
1
1
1
1
1
1
1
1
1
1
1.15217391304348
1
1
1.32093023255814
1
1
1
1
1
1
1
1
1
1.04991394148021
1
1
1
1
1
1
1.17587939698492
1
1
1
1
1
1
1
1
1
1
1
1
1
1
1
1
1.04531330337782
1
1.07394609536973
1
1
1
1.00684931506849
1
1.12158927716611
1
1
1
1
1
1
1
1
1
1
1
1.17481751824818
1
1
1
1.33333333333333
1
1
1
1
1
1
1
1.31510416666667
1
1
1
1.10968243707325
1
1
1
1.12383900928793
1
1
1
1
1
1
1
1
1
1
1
0.968688845401174
1
1
1
1
1
1
1
1.32282644706328
1
1
1
1
1
1
1.02757302757303
1
1
1
1
1
1
1
1
1
1
1
1.13089005235602
1
1
1
1
1
1
1
1
1
1.20973348783314
1.10471259509721
1
1
1
1
1.11304347826087
1
1
1
1
1
1
1
1
1
1
1
1
1
1
1
1
1
1
1
1.02110157367668
1
1
1
1
1
1
1
1
1
1.05960264900662
1
1
1.30674846625767
1
1
1
1
1
0.991935483870968
1
1
1
1
1
1
1
1
1
1
1
1
1
1
1
1
1
1
1
1
1
1
1
1
1
1
1
1
1
1
1
1
1
1
1
1
1
1
1
1
1
1
1
1
1
1.17021276595745
1
1.10606904231626
1
1
1
1
1.18138619429214
0.978102189781022
1
1
1
1
1
1
1
1.26268115942029
1
1
1
1
1
1
1
1
1.04199475065617
1
1
0.955223880597015
1
1
1
1
1
1
1
1.2302752293578
1
1
1
1
1.14465736304936
1
1
1
1
1.11570247933884
1.15918367346939
1
1
1
1
1.11586386460852
1
1.3615443517511
1
1
1
1.12048192771084
1
1
1
1
1.08641975308642
1
1
1
1
1
1
1
1
1
1.00634417129262
1
1
1
1
1
1
1.12259611629251
1
1
1
1
1
1
1
1.21885157096425
1
1
1.12745098039216
1.07214904473715
1
1
1
1
1
1
1
1.0442841067055
1
1
1
1
1
1
1.24235589583537
1
1
1
1
1.00891265597148
1
1
1.05693950177936
1.00510366826156
1
1
1.09130957148578
1
1
1
1
1.05927835051546
1.08445505861919
1
1
1
1
1
1
1
1
1
1
1
1
1
1.32340807174888
1
1
1
1
1
1
1
1
1
1
1
1
1
1
1
1
1
1
1
1
1
1
1.18
1
1
1
1
1.19091851819165
1
1
1
1
1
1.19117647058824
1.032
1
1.14038864323947
1
1.11646586345382
1
1
1
1.14932525356713
1
1
1
1
1
1
1
1
1
1
1
1
1
1
1
1
1
1
1
1.30115273775216
1
1
1
1
1
1
0.995359628770302
1
1.1391993056309
0.991793917844991
1
1
1
1
1.54582621430315
1
1
1.109375
1
1
1
1
1
1
1
1
1
1
1
1
1
1.03281853281853
1
1
0.969485614646905
1
1
1
1
1
1
1
1
1
1
1
1
1
1.0295358649789
1
1
1
1
1
1
1
1
1
0.970588235294118
1.28622518189666
1
1
1.07233502538071
1
1.03007597044437
1
1
1
1.13910036061494
1
1
1
1
1
1
1
1
1
1
1
1
1
1
1
0.945848375451264
1
1
1
1
1
1
1
1
1
1
1
1
0.900439238653001
1.20192307692308
1
1
1.18097014925373
1
1
1
1
1
1
1
0.90566037735849
1
1
1
1
1.11064030131827
1.09644526271066
1
1
1.10526315789474
1
1
1
1
1
1
1
1
1.23644444444444
1
1
1
1
1
1
1
1
1
1
1
1
1
1
1
1
1
1
1
1
1
1
1.54475384030831
1
1
1
1
1
1
1
1
1
1
1.10292682926829
1
1
1
1
1
1
1
1
1
1
1
0.957104557640751
1
1
1.19047619047619
1
1
1
1
1
1
1
1
1
1
1
1
1
1
1
1
1
1
1
1
1
1
1
1
1
1
1
1
1
1
0.946107784431138
1
1
1
1
1.24737945492662
1
1
1
1
1
1.50589129608514
1
1
1
1
1
1
1
1
1
1
0.993103448275862
1
1
1
1
1
1
1
1
1
1.04074074074074
1.01760959160734
1
1.17761692650334
1
1
1.13445378151261
1
1
1.4
1
1
1
1
1
1
1
1
1
1
1.14691812327507
1
1
1
1
0.992805755395684
1
1
1
1
1
1
1
1
1.03849681586876
1
1.21243523316062
1
1
1
1
1
1
1
1
1
0.967567567567568
1
1
1
1
1
1
1
1.29487179487179
1
1.00704225352113
1
1
1.12432432432432
1
1
1
1
1
1.14226682408501
1
1
1
1
1
1
1
1
1
1
1
1
0.983842010771993
1
1.06527415143603
1
1
1
1
1
1
1.00570613409415
1
1
1
1
1
1
1
1
1
1
1
1
1.02795951538661
1.10572957195195
1
1.18766894806465
1
1.04878048780488
1
1
1
1
1
1
1.0305576776165
1
1
1.12068965517241
1
1
1
1
1
1
1
1
1
1
1
1
1
1
1
1
1
1
1
1
1
1
1.05982281659644
1
1
0.976207874561871
1
1.08264462809917
1
1
1
1
1.04617371649984
1
1
1
1
1
1
1
1.13440860215054
1.19205298013245
1
1
1
1
1
1
1
1
1
1.06870229007634
1
1
1
1
1
1
1
1.07946362056121
1
1
1.20043581776361
1
1
1
1
1
1
1
1
1.12705960411368
1.31531531531532
1
1
1
1
1
1
1
1
1
1
1
1
1
1
1
1
1
1
1
1.38858608528374
1
1
1
1
1.04651162790698
0.939393939393939
1
1
1
1
1
1
1
1
1
1
1
1
1
1
1
1
1
1
1
1
1
1
1
1
1
1
1.15151515151515
1
1
1
1.08605577689243
1.42315270935961
1
1
1
1
1
1
1.27463054187192
1
1
1
1
1
1
1
1
1.14373393049681
1
1
1
1
0.978593272171254
1
1
1
1
1
1
1
1
1
1
1
1
1
1.07796564378504
1
1
1
1
1
1
1
1.13615023474178
1
1
1
1
1
1
1
1
1
1
1
1
1
1
1
1
1
1
1
1
1
1
1
1
1
1
1
1
1
1
1
1
1
1
1
1
1
1
1
1
1
1.22394408994227
1
1
1
1
1
1
1
1
1
1
1
1
1
1
1
1
1.08901515151515
1
1
1
1
1
1.31858943286476
1
1.09384050975092
1
1
1
1
1
1
1
1
1
1.25147812376823
1
1
1
1
1
1
1.19747104158014
1.65405405405405
1
1
1.01058670855816
1
1
1
1
1
1
1
1
1
1
1
1
0.994929006085193
1
0.975903614457831
1
1
1.24470338983051
1
1
1
1
1
1
1
1
1
1
1
1
1
1
1
1
1
1
1
1
1.16822429906542
1
1.43909231562661
1
1
1
1
1
1
1.33141762452107
1
1
1
1
1
1
1
1
1
1
1
1
1
1
1
1
1
1
1
1
1
1
1
1
1
1
1.0556597873671
1
1
1
1
1
1.4
1
1
1
1.17333333333333
1
1
1
1
1
1
1
1
1
1
1
1
1
1.14009661835749
1
1
1
1
1.05997945908935
1
1
1
1
1
1
1
1
1
1.07509881422925
1
1
1
1.12301697745616
1
1
1
1.21739130434783
1
1
1.30769230769231
1
1
1.04674796747967
1
1
1
1.16
1
1
1.25673482635508
1
1
1
1
1
1
1
1
1
1
1
1
1
1
1
1
1
1
1
1
1.17828770271158
1
1
1.171875
1
0.90053265838087
1
1
1
1
1.06858054226475
1
1
0.960944085417252
1
0.858870413631991
1
1
1
1
1
1
1
1
1
1
1
1
1
1
1
1.05335157318741
1
1
1
1
1
1
1
1
1
1
1
1
1
1
1
1
1
1
1
1
1.06398537477148
1.06563706563707
1
1
1
1
1
1
1
1
1.05647840531561
1.12328767123288
1.06777337800792
1
1
1
1
1
1
1
1
1
1
1
1
1.16504854368932
1
1
1
1
1
1
1
1
1
1
1
1
1
1.05673758865248
1
1.19448094612352
1.16182572614108
1
1
1.08862247296662
1
1
1
1
0.995260663507109
1
1
1.06068601583113
1
1
1
1
1.08868501529052
1
1
1
1
1
1
1
1
1
1
1
1
1
1
1
1
1
1
1
1
1
1
1
1
1.35189873417722
1
1
1.15032679738562
1
1
1
1
1
1
1
1
1.08597285067873
1
1
1
0.986393064852409
1
1
1
1
1
0.984542211652794
1
1.14651311580294
1
1
1
1
1.33594106030685
1
1
1
1
1.07692307692308
1
1
1
1
1
1.04704097116844
1
1
1
1
1
1
1
1
1
1
1
1
1
1
1
1
1
1.13310580204778
1
1
1
1
1
1
1
1
1
1
1
1
1
1
1
1
1
1
1
1
1
1
1
1
1.32553788587465
1
1
1
1
1
1
1.26899611758181
1
1
1
1
1
1
1
1
1
1
1
1
1.13756613756614
1
1.45348837209302
1
1
1.21475054229935
1
1
1
1
1
1
1
1
1
1
1
1
1
1
1
1
1
1
1
1
1
1.10304352541162
1
1
1
1
1
1.27145922746781
1
1
1
1
1
1
1
1
1
1
1
1
1
1.08328340323547
1
1
1
1
1
1
1
1.06190061028771
1
1.16317991631799
1
1
1
0.855092512536746
1
1
1.14952794080122
1.17142857142857
1
1
1
1
1
1
1
1
1
1
1
1
1
1
1
1
1
1
1
1
1
1
0.994389027431421
1
1
1
1
1
1
1
1.14171656686627
1.3979000724113
1.11764705882353
1
1
1
1
1
1
1
1
1.10260264469065
1.35714285714286
1
1
1
1
1
1
1
1
1
1
1
1
1
1.02791878172589
1
1
1
0.993103448275862
1.0989010989011
1
1
1
1
1
1
1.07032486620939
1
1
1
1
1
1
1
1
1
1
1
1
1
1
1.09303396072013
1
1
1
1
1.21061440318238
1
1
1
1
1
1
1
0.992753623188406
0.993492050416015
1
1
1
1
1
1
1
1
1
1.03756437443199
1.21950564573515
1.12280701754386
1
1
1
1
1
1
1
0.992092020129403
1
1
1
0.951603498542274
0.883406796530641
1
1
1
1
1
1
1
1
1
1
1
1
1
1
1
1
1
1
1
1
1.04273807412662
1
1
1
1
1
1
1.06102406956588
1
1
1
1
1
1
1
1
1
1
1
1
1.58567774936061
1
1
1
1
1
1
1
1
1
1
1
1
1
1.02710148340005
1
1
1
1
1
1
1
1
1
1
1
1
1
1
1.07746478873239
1
1
1
1
1
1
1
1
1
1.20104599292417
1
1
1
0.812575574365175
1
1
1
1.16346153846154
1.16609589041096
1.11120338297803
1
1
1
1
1.08319185059423
1
1
1
1
1.1000699790063
0.96080102258202
1
1
1
1
1
1
1
1
1.39586206896552
1
1
1
1
1
1
1
1
1
1.19885141654751
1
1
1
1
1
1
1
1
1.03629032258065
1
1
1
1
1
1
1
1.02857142857143
1
1
1
1
1
1
1
0.933569083101793
1.9304347826087
1
1
1
1
1
1
1
1
1
1
1
1.30841121495327
1
0.935703169792776
1
1
1
1
1
1
1
1.26964060189504
1
1
1
1.07177974434612
1
1.14079402855907
1.26018197573657
1
1
1
1.11801242236025
1
1
1
1
1
1
1
1
1.14173228346457
1
1
1
1
1
1
1
1
1
1
1
1
1
1
1
1
1
1
1
1
1
1
1
1
1
1
1
1
1
1
1
1
1
1
1
1
1
1
1.03650190114068
1
1
1
1.27551813471503
1
1
1
1
1
0.992281527995814
1
1
1
1
1
1.27731092436975
1.09937106918239
1
1
1
1
1
1
1
1
1
1
1
1
1
1
1
1
1
1
1
1.15355805243446
1
1
1
1
1
1
1
1
1
1
1
1.0026402640264
1
1
1
1
1
1
1
1
1.21787709497207
1
1
1
1.05733722060253
1
1
1
1
1
1
1
1.1304347826087
1
1
1
1
1.03498871331828
1
1
1
1
1
1
1
1
1
1
1
1
1
1
1
1
1
1
1
1
1
1.13272822941331
1.08725930080389
1
1
1
1
1
1
1.01492537313433
1.17541719032671
1
1
1
1
1
1
1
1
1
1
1.10265853377834
1
1
1
1
1
1
1
1
1.00288761859862
1
1.14509803921569
1
1.03975630711552
1
1
1
1
1
1
1
1
1
1.04590494650027
1
1
1
1
1.12970711297071
1
1
1
1
1
1
1
1
1
1
0.902255639097744
1
1
1
1
1
1
1
1
1
1
1
1
1
1.20689655172414
1
1
1
1
1
1.06287170773152
1
1
1
1
1
1
1
1
1.05813124834565
1
1.04779411764706
1
1
1
1
1
1
1
1
1
1
1
1
1.08695652173913
1
1
1
1
1
1
1
1
1
1
1
1
1
1
1.05093080435546
1
1
1
1
1
1
1.12458991378653
1
1
1
1
1
1
1
1.00473933649289
1.0596546310832
1
1
1
1
1
1
1
1
1
1.00367476147256
1
1
1
1
1
1.42089552238806
1
1
1
1
1
1
1
1
1
1
1
1
1
1
1
1
1
1
1
1
1
1
1
1
1
1
1
1
1
1
1
1
1.16844143272023
1
1
1
1
1
1
1
1
0.931155778894472
1
1
1
0.992753623188406
1
1
1
1
1
1
1
1
1
1
1
1
1
1.00990099009901
1
1
1
1
1
1
1.24647887323944
1
1
1
1
1
1
1
1
1
1
1
1
1
1
1
1
1
1
1
1
1
1
1
1
1
1
1
1
1
1
1.13481228668942
1
1.22471560457799
1
1
1
1
1
1
1
1
1
1
1
1
1
1
1
1
1
1
1
1
1
1
1
1
1
1
1
1
1
1
1
1
1
1
1
1
1
1
1
1.0675140654303
1
1
1
0.985507246376812
1
1
1
1
1
1.14074074074074
1
1
1
1.23222748815166
1
1.03556382874498
1.08035714285714
1
1
1
1
1
1.41052631578947
1
0.977973568281938
1
1
1.24882629107981
1
1
1
1
1
1.40043525571273
1
1
1
1
1
1
1
1.01047904191617
1
1
1.04003449003139
1
1
1.10931174089069
1
1
1
1
1
1
1
1
1
1
0.869541808000861
1
1
1
1
1
1
1
1
1
0.996466431095406
1
1
1
1
1
1
1
1
1
1
1.02564102564103
1
1
1
1
1
1
1
1
1
1.2817513368984
1
1
1
1
1
1
1
1
1
1
1.18653576437588
1.30750605326877
1
1
1
1.01805054151625
1
1
1
1
1
1
1
1
1
1
1
1
1
1
1
1
1
1
1
1
1
1
1.065
1
1
1
1
1
1
1
1
1
1
1
1
1
1
1.03717208548567
1
1
1
1
1
1
1
1
1
1
1.16190476190476
1
1
1
1
1.13095238095238
1
1
1
1
1
1
1
1
1
1
1
1
1
1
1
1
1
1
1
1
1
1
1.11087570621469
1
1
1
1
1
1
1
1
1
1
1
1
1
1.2073732718894
1
1
1
1
1
1
1
1
1
1
1
1
1
1
1
1
1
1
1.18446601941748
1
1
1
1
1
1
1
1
1
1
1
1.0132860938884
1
1.03559214692844
1
1
1
1
1
1
1
1
1
1
1
1
1
0.900783289817232
1.11536143068325
1
1
1
1
1
1
1
1
1
1
1
1
1
1
1
1
1
1
1
1.24467472654001
1
1
1
1
1.06030795551754
1
1
1
1
1
1
1
1
1
1.14237144071398
1
1
1
1
1
1
1
1
1
1
1
1
1
1
1
1
1
0.971075540578489
1.03841437585
1
1
1
1
1
1
1
1
1
1
1
1
1
1.10548048048048
1
1
1
1
1
1
1
1
1.04658486877051
1
1
1
1
1
1.07284768211921
1.13737818296133
1
1
1
1.22883106154482
1
1.10001457407272
1
1
1
1.0990099009901
1
0.974238295764181
1
1
1
1
1
0.99663226507333
1
1
1
1
1
1
1
1
1.2578125
1
1
1
1
1
1
1.39204545454545
1
0.973166368515206
1
1
1
1
1
1
1
1
1
1
1
1
1
1
1
1
1
1
1
1
1
1
1
1
1
1
1.40901771336554
1
1
1
1
1
1.12107623318386
1
1
1.07418761496015
1
1
1
1
1
1
1
1
1
1
1
1
1
1.088772845953
1
1.00538599640934
1
1
1
1
1
1
1
1.18192627824019
1
1
1
1
1
1
0.990825114164773
1
1
1
1
1
1
1
1
1
1
1
1.3287841191067
1.07280056912497
1
1.12048192771084
1
1
1
1
1
1
1
1
1
1
1
1.18304914744233
1
1
1
1
1
1.07751937984496
1
1
1
1.04082876294942
1
1
1
1
0.918367346938776
1
1
1
1
1
1
1
1
1
1.26415094339623
1
1
1
1
1
1
1
1
1
1
1
1
1
1
1
1
1
1.00709112854556
1
1
1
1
1
1
1
1
1
1
1
1
1
1
1
1
1
1
1
1
1
1
1
1
1.2724276821677
1.01069518716578
1
1
1
1.01782929365131
1
1
1
1
1
1
1.16230366492147
1
1
1.17365269461078
1
1
1
1
1
1
1
1
1
1
1
1
1
1.20552147239264
0.9854043601494
1
1
1
1.04462744056316
1
1
1
1
1.07339449541284
1
1
1
1
1
1
1
1.47404844290657
1
1
1
1
1
1
1
1
1
1
1
1
0.949681077250177
1
0.987654320987654
1
1.1402782378271
1
1
1
1
1
1
1
1
1
1
1
1
1
1
1
1
1
1
1
1
1
1
1
1
1
1
1.08928571428571
1
1
1
1
1
1.06039603960396
1
1
0.938585858585859
1.17888563049853
1
1
1
1
1
1
0.978102189781022
1
1.12097906023691
1
1
1
1
1
1
1
1
1
1
1
1
1.14701188153928
1
1
1
1
1
1
1
1
1.09090909090909
1
1
1
1
1.23222748815166
1
1
1.29044117647059
1
1.07335907335907
1
1
1
1
1
1
1
1
1
1
1
1
1
1.12627450980392
1
1
1
1
1.02411873840445
1
1
1
1
1.01782042494859
1
1
1.04153166421208
0.989941768131286
1.15577662220213
1.01179245283019
1
1
1
1
1
1.12796208530806
1
1
1
1
1
1
1
1
1
1
1
1
1
1
1
1
1
1.01941747572816
1
1
1
1
1
1
1
1
1
1
1
1
1
1
1
1
1
1
1
1
1
1
1
1
1
1
1
1.17422245651028
1
0.985815602836879
1
1
1
1
1
1
1
1
1
1
1
1
0.996090695856138
1.15676106900678
1
1
1
1
1
1
1
1
1
1
1
1
1
1
1
1
1
1.00718473663975
1
1
1
1
0.995226730310263
1
1
1
1
1
1
1
1
1
1
1
1
1
0.981246448190945
1
1
1.04152249134948
1
1
1
1.13241832592306
1
1
1
1
1
1
1
1
1
1
1
1
1
1
1
1
1.08947368421053
1
1
1
1
1
1
1
1
1.03094022228898
1
1
1
1
1
1
1
0.985241324291983
1.08661417322835
1.00603015075377
1
1
1
1.19799666110184
1
1
1
1
1
1.0839469808542
1
1
1
1
1
1
1
0.978723404255319
0.943396226415094
1
1
1
1
1
1
1
1
1
1
1
1
1
1
1.23280893174321
1
1
1
1
1
1
1
1
1
1
1
1
1
1
1
1
1
1.04430379746835
1
1
1
1
1.06542807377964
1
1
1
1
1
1
1
1
1
1
1
1
1
1
1
1
1
1
1
1
1
1
1
1
1
1.125
1
1
1
1
1
1
1
1
1
1
1
1
1
1.13458244792914
1
1
1
1.00355871886121
1
1
1
1.03557910673732
1
1
0.981412639405205
1
1
1
1
1.2
1
1
1
1.18390804597701
1
1.16949152542373
1
1
1
1
1
1
1
1
1
1
1
1
1
1
1
1
1
1
1
1
1
1
1
1
1
1
1
1.18219633943428
1
1
1
1
1
1
1
1
1
1
1
1
1
1
1
1
1
1
1
1
1
1
1
1
1
1
0.961098593149414
1
1
1
1
1
1
1
1
1
1
1
1
1
1
1
1
1
1
1
1
1
1.08292682926829
1
1
1
1
1
1
1
1
0.915299731583657
1
1
1
1
1
1
1
1
1
1
1
1
1
1.22666666666667
1
1
1
1
1
1
1
1
1
1.12944361610296
1
1
1
1
1
1
1
1
1
1
1
1
1.23625
1.16258741258741
1
1.0576015108593
1
1
1
1
1
1.13132316424264
1
1
1
1
1
1
1
1
1
1.25748502994012
1
1
1
1
1
1
1
1.11161609410507
1
1
1
1
1
1
1
1.25764993880049
1
1
1.10666666666667
1
1
1
1
1
1
1
1
1
1
1
1
1
1.17361824532566
1
1
1
1
1
1
1
0.936585365853659
1
1
1
1
1
1
1.16022099447514
1
0.9375
0.960886571056062
1.21052631578947
1
1
1
1
1
1
1
1.23444976076555
1
1.00769230769231
1
1
1
1.19600151841073
1
1.17808219178082
1
1
1
1
1
1
1
1
1
1
1
1
1
1
1
1
1
1
1
1
1.11737089201878
1
1
1
1
1
0.982046502501717
1
1.08415950649923
1
1
1
1
1
1.36108949416342
1
1
1
1
1
1
1.27929450125982
1
1
1
1
1
1
1
1
1
1
1
1.24180327868852
1
1
1
1.25797101449275
1
1
1
1.1566265060241
1
1
1
1
1
0.992805755395684
1
1
1
1
1
1
1
1
1
1
1
1
1.05555555555556
1
1
1
1
1
1
1
1
1
1
1
1
1
1
1
1
1
1
1
1
0.988131453476468
1
1
1
1
1
1
1
1
1
1
1.22146892655367
1
1
1
1
1
1
1
1
1
1
1
1
1
1.04907063197026
1
1
1
1
1
1
1
1.52328767123288
1
1.09156193895871
1
1
1
1
1.12727272727273
1.19859706659379
1
1
1
1
1
1
1
1
1
1
1
1.27334932811172
1.32376530181511
0.9967730369308
1
1
1
1
1
1
1.11058451816746
1
1
1
1
1
1
1
1
1
1
1
1
1
0.986301369863014
1
1
1
1
1
1
1
1
1
1
1
1.00012861736334
1
1
1.02294455066922
1
1
1
0.981818181818182
1
1
1.2
1
1
1
1
1.14950651882539
1
1
1
1
1
1
1.20522545301306
1
1
1.23590504451039
1
1
1
1
1
1
0.996415770609319
1
1
1
0.928331756001032
1
1
1
1
1
1
1
1
1
1
1
1.16253789066583
1
1
1
1
1
0.97537343560759
1
1.1301603548277
1
1
1
1
1
1
1.01044048373323
1
1
1
1
1
1
1
1
1
1
1
1
1
0.995226730310263
1
1
1
1
1
1
1
1
1
1
1
1.02583077726731
1
1
1
1
1.49875
1
1
1
1
1.10675766767779
1
1
1
1
1
1
1
1
1
1
1
1
1
1.1792349726776
1
1
1
1
1
1
1
1
1
1
1
1
1
1
1
1.02942395358475
1
1
1
0.960203217612193
1.25925925925926
1
1.08045977011494
1
1
1
1
1
1
1
1.23880597014925
1
1
1
1
1
1
1
1
1
1
1
1
1
1.03454166352652
1
1
1
1
1
1
1
1
1.24615384615385
1
1
1
1
1
1
1
1.47236876243189
1
1
1
1
1
1
1.05458702486425
1
1
1
1.26
1
1
1
1
1.09189803789008
1
1
1
1
1
1
1
1
1
1
1
1.09785008715863
1
1
1
1
1
1
1
1.48394768133175
1
1
1.4118128907092
1
1
1
1
1.07503479691256
1
1.01515151515152
1
1
1
1
1
1
1
1
1
1
1
1
1
1
1
1
1
1
1
1
1
1
1.01459854014599
1
1
1
1.0018018018018
1
1
1
1
1
1
1
1.02501988574734
1.22608695652174
1
1
1
1
1
1
1
1
1
1
1.03505843071786
1
1
1
1
1
1
1
1
1
1
1
1.05292207792208
1
1
1
1
1
1
1
1
1
1
1
1
1
1
1
1
1
1
1.1404958677686
1
1
1
1
1
1
1
1
1
1
1
1
1
1
1
1.225
1
1
1
1
1
1
1
0.713178294573643
1
1
1
1
1
1
1
1
1
1
1
1
1
1
1
1
1
1
1
1.06609808102345
1
1
1
1
1
1
1
1
1
1
1
1
1
1
1
1
1.07192118226601
1
1
1
1
1
0.959409594095941
1.29569670924825
1
1
1
1
1
1
1
1
1
1
1
1
1
0.89922480620155
1
1
1
1.24308576118178
1
1
1
1
1.08686499685858
1
1
1.01052631578947
1
1
1
0.985507246376812
1
1
1
1
1
1
1
1
1.16022099447514
1
1
1
1
1
1
1
1
1
1
1
1
1
1
1
1
1
1
1
1
1
1
1
1
1
1
1
1
1
1
1.46907216494845
1
1
1
1.125
1.12621359223301
1
1
1
1
1
1
1.26521739130435
1.45029239766082
1.04477611940299
1
1
1
1
1
1
1
0.897651294359678
1
1
1
1.05442176870748
1
1
1
1
1
1
1
1
1
1
1
1
1
1
1
1
0.971428571428571
1
1.07536764705882
1
1
1
1
1
1
1.13274336283186
1
1
1
1
1
1
1
1
1.32352941176471
1
1
1.00518639592632
1
1
1
1
1
1
0.875373946151754
1
1
0.956204379562044
1
1
1
1
1
1
1
1
1
1
1
1
1
1
1.05035971223022
1
1.0121412803532
1
1
1
1
1.04358548492627
1
1
1
1.00550964187328
1.06955794084527
1
1
1
1
1
1
1
1
1
1
1
1
1
1
1
1
1
1
1
1
1
1
1
1
1
1
1
1
1
1
1
1
1
1
1
1.05769230769231
1
1
1
1.30508474576271
1.2
1
1.29798538853221
1
1
1
1
1
1
1
1
1
1
1
1
1
1
1
1
1
1.05947882309255
1
1
1
1
1
1
1
1
1
1
1.07446808510638
1
1
1
1
1
1
1
1
1
1
1
1
1
1
1
1
1
1
1
1
0.96085409252669
1
1
1
1.01898734177215
1.19412300091015
1
1
1
1
1
1
1
1
1
1
1
1
1
1
1
1
1
1
1
1
1
1.18301078062086
1
1
1
1
1
1
1
1
1
1
0.990430622009569
1
1
1
1
1
0.954914503628983
1
1
1
1
1
1
1
1
1
1
1
1
1
1
1
1
1.10332749562172
1
1
1
1
1
1
1
1
1
1
1
1
1.10502283105023
1
1
1
1
1
1
1
1
1
1.38603988603989
1
1
1
1
1
1
1
1
1.10011061946903
1
1
1
1
1
1
1
1
1
1
0.993006993006993
1
1.03149606299213
1
1
1.01362862010221
1
1
1
1
1
1
1
1
1
1
1
1
1
1
1
1.29468599033816
1
1
1
1.15692307692308
1
1
1
1
1
1
1
1
1
1
1
0.979586281981492
1
1
1
1
1
1
1
1
1
1.01621621621622
1
1
1
1
1
1
1
1
1
0.974358974358974
1.39162448228256
1
1
1
1.09638554216867
1
1
1
1
1
1
1
1.24528301886792
1
1
1
1
1
1
1
1
1
1
1
1
1
1
1
1.07291124172309
1
1
1
1.07692307692308
1
1
1
1.07049964886727
1
1
1.01033295063146
1.07954545454545
1
1
1
1
1
1
1
1
1
1
1
1
1
1
1
1
1
1
1
1
1
1
1
1
1
1
1
1
1
1
1
1
1
1
1
1
1
1.06705987947173
1
1
1
1
1
0.994552920472639
1
1
1
1
1
1
1
1
1
1
1
1
1
0.989399293286219
1
1
1
1
1
1
1
1
1
1
1
1.005
0.992805755395684
1
1
1
1
1
1
1
1
1
1
1
1
1
1
1
1
1
1
1
1
1
1
1
1
1
1
1
1
1.16165413533835
1
1
1
1
1
1
1
1
1
1
1
1
1
1
1
1
1
1
1
1
1
1
1
1
1
1
1
1
0.995049504950495
1
1
1
1
0.849099711690149
1
1
1.04121350887235
0.996515679442509
1
1
1
1
1.06412382531786
1
1
1
1
0.802742287316921
1
1.26666666666667
1
1
1.0449591280654
1
1
1
1
1
1
0.997604790419162
1
1
1
1
1
1
1
1
1
1
1
1
1
1
1
1
1
1
1
1
1
1
1
1
1
1.03745448557261
1
1
1.44675752583496
1.10725552050473
1
1.20792079207921
1
1
1
1
1
1
1
1
1
1.1031746031746
1
0.98220640569395
1.33333333333333
1
1
1.21428571428571
1
1
1
1.1021539773939
1
1
1
1
1
0.993055555555556
1
1
1.14365639150122
1
1
1
1
1
1
1
0.981818181818182
1
1
1
1
1
1
1
1
1
1
1
1
1
1.04985213350232
1
1
1
1
1
1
1
1
1
1
1
1
1
1
1.38428483732351
1
1
1
1
1
1
1
1
1
1.02352941176471
1
1
1
1
1
0.96551724137931
1
1
1
1
1
1
1
1
1
1.36170212765957
0.996587030716724
1
1.14471494607088
1
1
1
1
1
1
1
1
1
1
1
1
1.23934426229508
1
1
1
1
1
1
1
1
1
1
1
1
1
1.02551248769134
1
1
1.09459459459459
1
1
1
1
1
1
1
1
1
1.12269938650307
1
1
1.0327432816656
1
1.16035920461835
1
1
1
1
1
1
1
1
1
1
1
1
1
1
1
1
1
1
1
1
1
1
1
1
1
1
1
1
1
0.88049546406141
1
1
1
1
1
1
1
1
1
1
1
1
1
1
1
1
1
1
1
1
0.996415770609319
1.03061224489796
1
1
1
1
1
1
1
1
1
1
1
1
1
1
1
1
1
1
1
1
1
1
1
1
1
1
1
1
1
1
1
1
1
1
1.1244635193133
1
1.00694444444444
1
1
1
1
1
1
1
1
1
1.24431818181818
1
1
1.15308151093439
1.11462450592885
1
1
1
1
1
1
1
0.996415770609319
1.05379551157653
1
1
1
1
1
1
1
1
1
1
1
1
1
1
1
1
1
1
1
1
1.21518987341772
1
1
1
1
1
1
1.10778413330017
1
1
1
1.01328903654485
1
1
1
1
1
1
1
1
1
1
1
1
1.12459594475463
1.07894736842105
1
1
1.07515473032714
1
1
1
1.20843989769821
1
1
1
1.09377468794438
1
1
1
1.11711711711712
1
1
1
1
1
1
1
1
1
1
1
1
1
1
1
1
1.05500607322575
1
1
1
1
1
1
1
1
1.32110091743119
1
1
1.12465903780741
1
1
1
1
1
1
1
1
1
1
1
1
1
1
1
1.43396226415094
1
1
1
1
1
1
1
1
1
1
1
1
1
1
1
1
1
1
1
1.12647268660458
1.25320401801178
1
1
1
1
1
1
1.26976744186047
1
1
1
1
1
1
1
1
1
1
1
1
1.12329511985138
1
1
1
1
1
1
1
1
1
1
1
1
1.11918206707734
1
1
1.14888628370457
1
1
1.12533422459893
1
1
1
1
1
1
1
1.0036832412523
1
1.10751665080875
1
1
1
1
1
1
1
1
1
1
1
1
1
1
1
1.2296511627907
1
1
1
1
1
1
1
1
1.0875
1
1
0.978599927457381
1.47830518345952
1
1
1
1
1
1
1
1
1
1
1
1
1
1.24604966139955
1.18551042810099
1
1
1
1
1
1
1
1
1
1
1
1
1
1
1
1
1
1
1
1
1
1
1
1
0.956199460916442
1
1
1
1
1
1.17623252391464
1
1
1
1
1
1
1
1.07177033492823
1
1
1
1
1
1.13385826771654
1
0.998027613412229
1
1
1
1
1
1
1
1
1
1
1
1
1
1
1
1
1
1
1
1
1.30851063829787
1
1
1
1
1
1
1
1
1
1
1
1
1
1
1
1
1
1
1
1
1.16666666666667
1
1.09706144256456
1
1
1
1
1
1
1
1
1
1
1
1
1.08609271523179
1
1
1
1
1
1
1
1
1
1
1
1
1
1
1
1
1
1
1
1
1
1.04659498207885
1
1
1
1
1
1
1
1
1
1
1
1
1
1
1.16482300884956
1
1
1
1
1
1
1
1
1
1
1
1
1
1
1
1
1
1
1
1
1
1
0.962962962962963
1
1
1
1
1
1
1
1
1
1
1
1
1
1
1
1
1
1
1
1
1
1
1
1
1
1
1
1
1
0.990504898266767
1
1
1
1
1
1
1
1
1
1
1
1
1
1
1
1
1.02479338842975
1
1
1
1
1
1
1
1
1
1
1
1
1
1
1
1.07848837209302
1
1
1
1.12562814070352
1.10367042468424
1
1
1
1
1
1
1
1
1
1
1
1
1
1.13089622641509
1
1
1
1
1
1
1
1
1
1
0.954063604240283
1
1.1497005988024
1
1
1
1
1
1
1
1
1
1
1
1
1
1
1
1
1
1
1
1
1
1
1
1
1
1
1
1
1
1
1
1.06111833550065
1.26530612244898
1
1
1.05815831987076
1.1336717428088
1
1
1.13151146604147
1
1
1
1
1
1
1
1
1
1
1
1
1
1
1
1
1
1
1
1
1
1.65705614567527
1
1
1
1
1.27643223102003
1
1
1
1
1
1
1
1
1
1
1
1
1
1.23958333333333
1
1
1
1
1
1.0316742081448
1
1
1
1
1
1
1
1
1
1
1
1
1
1
1.05124768651477
1
1
1
1
1.06852960745176
1
1
1
1
1
1
1
1.13879003558719
1
1
1
1
1
1
1
1
1
1
1
1
1
1
1.30975143403442
1
1
1
1
1
1
1
1
1
1
1
1
1
1
1
1
1
1
1.13259402121504
1
1
1
1
1
1.00573065902579
1
1
1
1
1.08031088082902
1
1
1
1
0.989169675090253
1
1
1
1
1
1
1
1.07755102040816
1
1.14110429447853
1
1
1
1
1
1
1
1
1
1
1
1
1
1
1
1
1.07617051013277
1
1
1
1
1
1
1
1.25455946570768
1
1.002457002457
1
1
1
1
1
1.04942965779468
1
1
1
1
1
1
1
1
1
1
1
1
1
1
1
1
1
1
1
1
1
1
1
1
1
1.16595744680851
1
1
1
1
1
1
1
1
1
1
1
1
1
1
1
1
1
1
1
1
1
1
1
1
1
1
1
1
1
0.987980769230769
1
1
1
1
1
1
1
1
1
1
1
1
1
1
1
1
1
1
1
1
1
0.854700854700855
1
1.02416918429003
1
1
1
1
1
1
1
1.16128345282885
1.21374582527685
1
1
1
1.22287390029326
1
1
1
1
1
1
1
1
1
1
1
1
1
1
1
1.09315068493151
1
1
1
1
1
1
1.01526717557252
1
1
1
1
1
1.16666666666667
1
1
1
1
1
1
1
1
1
1
1
1
1
1
1
1
1
1
1
1
1
1
1
1
1
1
1
1
1
1
1
1
1
1
1
1
1
1
1
1
1
0.985815602836879
1.1304347826087
0.892951309544735
1.10204081632653
1
1
1
1
1.09551098376313
1
1
1
1
1
1
1
1.068556751951
0.996515679442509
1
1
1
1
1
1
1
0.859649122807018
1
1
1
1
1.1151832460733
1
1
1
1.26725503507581
1
1.22535211267606
1
1
1
1
1
1.13595706618962
1
1
1
1
1
1
1
1
1
1
1
1
1
1
1
1.32013854527462
1
1
1
1
1
1
1
1
1.28087167070218
1
1
1
1
1
1
1
1
1
1
1
1
1
1
1
1
1
1
1
1
1
1
1
1
1
1
1
1.13520809898763
1
1
1
1.53614457831325
1
1
1
1.18887933505302
1
1
0.981818181818182
1
1
1
1
1
1
1
0.881720430107527
0.997830802603037
1
1
1
1
1
1
1.06598984771574
1
1
1
1
1
1
1
1
1
1
1
1
1
1
1
1
1
1
1
1
1
1
1
1
1
1
1
1
1
1
1
1
1
1
1
1
1
1
1
1
1
1
1
1
1
1
1
1
1
1
1
1
1
1
1
1
1
1
1
1
1
1
1
1
1
1
1
1
1.0874109263658
1
1
1
1
1
1
1
1
1
1
1
1.12641673931997
1
1
1
1
1
1
1
1
1
1
1
1
1.13758891800824
1
1
1
1
1
1
1
1
0.740408289345774
1
1
1
1
1
1.34925373134328
1
1
1
1
1
1
1
1
1
1
1
1.03252032520325
1
1
1
1
0.942982053868966
1
1
1
1
1
1
1
1
1
1
1
1
1
1
1
1
1
1
1
1
1
1
1
1
1
1
1
1
1.08848844484046
1
1
1
1
1.05277973258269
1
1
1
1.02981029810298
1
1
1.02904564315353
1.13231323132313
1
1
1
1
1
1
1
1
0.988317757009346
1
1
1.11111111111111
1
1
1
1
1
1
1
1
1
1
1
1
1
1
1.10737913486005
1
1
1
1
1
1
1
1.11770524233432
1
1
1
1
1
1
1.1108422071636
1
1
1
1.04347826086957
1
1
1
1
1
1
1
1
1
1
1
1
1
1
1
1
1
1
1
1
1
1.09465020576132
1
1
1
1
1
1
1.16666666666667
1
1
1
1
1
1
1
1
1
1
1
1
1
1
1
1
1
1
1
1.05931586608442
1
1
1
1
1.05747126436782
1
1
1
1.06707317073171
1
1.11141332775395
1
1
1
1
1
1.23560209424084
1
1
1
1
1
1
1
1
1
1
1.06625258799172
1
1
1
1
1
1
1
1
0.946761800219539
1
1
1.05376232485729
1
1
1
1
1
1
1
1
1
1
1
1
1
1
1
1
1
1
1
1
1
1
1
1
1.25672727272727
1
0.814071566731141
1
1
1
1
1
1
0.805862144580075
1
1
1
1
1
1
1
1
1.32582322357019
1
1
1
1
1
1
1
1
1
1
1
1
1
1
1.0412746585736
1
1
1
1
1
1
1
1
1
1
1
1
1
1
1
1.2
1
1
1
1.18857142857143
1
1.09302325581395
1
1
1
1
1
1
1
1
1
1
1
1
1.19461077844311
1
1
1
1.38663484486874
1
1
1
1
1
1
1.00369003690037
1
1
1.03480577136515
1
1
1
1
1
1
1
1.22033898305085
1
1
1
1.14081996434938
0.991406603346902
1
1
1
1
1
1
1
1
1
1
1
1
1
1.13196760362077
1.03382390911438
1
1
1
1
1
1
1
1
1
1
1
1
1.31612903225806
1
1
1
1
1
1
1
1
1
1
1
1
1
1
1
1
1
1
1
1
1
1
1
1
1.06082725060827
1
1
1
1
1.0177304964539
1
1
1
1
1
1
1
1
1
1
1
1
1.07001843795002
1.21875
1
1
1
0.989589163774768
1
1
1
1
1.14886731391586
1
1
1
1
1
1
0.92073732718894
1
1
1.17293233082707
1
1
1
1
1
1
1
1
1
1
1
1
0.992647058823529
1.19307109346806
1
1
1.04560260586319
1
1
1
1
1
1
1
1
1
1
1
1.16216216216216
1
1
1
1
1
1
1
1
1
1
1
1
1
1
1
1
1
1
1
1
1
1
1.26328800988875
1
1
1
1
1
1
1
1
1
1
1
1
1
1
1
1
1.07630522088353
1.08543489449305
1
1
1.05164066702528
1
1
1
1
1
1
1
1.00036260787584
1
1
1
1
1
1
1
1
1.05685506435367
1
1
1
1.01817042606516
1
1
1
1
1
1
1
1
1
1
1.06196943972835
1
1
1.17629179331307
1
1.21226232052775
1
1
1
1
1
1.35745296671491
1
1
1
1
1
1
1
1
1
1
1
1
1
1
1.06329113924051
1
1.03225806451613
1
1
1
1
1
1
1
1
1.34615384615385
1
1
1.23529411764706
1
1.05451295799821
1
1.13734939759036
1
1
1
1
1
1
1
1
1
1
1
1
1
1
1
1
1
1
1
1
0.989761092150171
1
1
1
1
1
1
1
1
1
1
1
1
1
1
1
1
1
1.02898550724638
1.05498207106378
1
1
1
1
1
1
1
1
1.07919463087248
1
1
1
1
1
1.05724707007893
1
1
1
1
1
1
1
1.24371950775504
1
1
1.11052521448002
1
1
1
1
1.38235294117647
1
1
1.19131334022751
1
1
0.93048128342246
1
1
1
1
1
1
1.08566275924256
1
1
1
1
1
1
1
1
1
1
1
1
1
1
1
1
1
1
1
1
1
1
1
1
1
1
1
1
1
1
1
1
1
1
1
1
1
1
1
1
1
1
1
1
1
1
1
1
1
1
1
1
1
1
1
1
1
1
1
1
1
1
1
1
1
1
1
1
1
1
1
1
1
1
1
1
1
1
1
1
1
1
1
1
1
1
1.13002036306919
1.02527075812274
1
1
1
1
1
1
1
1
1.09677419354839
1.05384615384615
1.17647058823529
1
1
1
1
1
1
1
1.03521126760563
1
1
1
1
1
1
1
1
1
1
1
1
1
1.14717679728479
1
1
1
1.25497195308516
1
1.34095427435388
1
1
1
1
1
1
1
1
1
1
1
1
1.11679790026247
1
1
1
1
1
1
1
1.31177829099307
1
1
1
0.936170212765957
1
1
1
0.990841912461315
1
1
1.0046674445741
1
1
1
1
1
1
1
1
1
1
1
1
1
1.3313594867999
0.992753623188406
1
1.08888888888889
1
1
1
1
1
1
1
1.16216216216216
1
1
1
1
1.1875
1
1
1
1
1
1
1
1
1
1
1
1
1.02383947473384
1
1
1
1
1
1
1.19436813186813
1
1
1
1.0977130977131
1
1.29651066644617
1
1
1
1.27463054187192
1
1
1
1
1
1
1
1
1
1
1
1
1.29179810725552
1
1
1
1
1
1
1
1
1
1
1
1
1
1
1
1
1
1
1
1
1
1
1
1
1
1.23775601068566
1
1
1
1
1
1
1
1
1
1.09584385317537
1
1
1.11791383219955
1
1
1
1
1
1.10619469026549
1.10843373493976
1
1
1
1
1
1
1
1.24873096446701
1
1
1.00358422939068
1
1
1
1
1
1
1
1.21428571428571
1
1
1
1
1
1
1
1
1
1.21739130434783
1
1
1
1.05947955390335
1
1
1
1
1
1
1
1
1
1
1.25301753586882
1
1.15227849282642
1
1
1
1
1
1
1
1
1
1
1
1
1
1
1
1
1
1
1.15957446808511
1
1
1
1
1
1
1
1.12693498452012
1
1
1.04132231404959
1
1.15551410585218
1
1
1
1
1
1
1
1
0.787037037037037
1
1
1
1
1
1
1
1
1.15614617940199
1
1
1
1
1
1
1.11203319502075
1
1
1
1
1
1
1.09547738693467
1
1
1
1
1
1
1
0.985533453887884
1
1
1
1
1
1
1
1
1
1
1
1
1.04635533344822
1
1
1
1
1
1
1
1
1.02766278993364
1
1
1
1
1
1
1
1
1
0.98113359296941
1.13938053097345
1
1
1
1
1
1
1
1
1
1
1
1
1
1
1
1.47457627118644
1
1
1
1
1
1
1.1219512195122
1
1
1
1
1
1
1
1
1.16943160184933
1
1
1
1
1
1
1
1
1
1
1
1
1
1
1
1
1
1
1
1
1
1
1
1
1
1
1
1
1
1
1
1
1
1
1
1
1
1
1
1
1
1
1
1
1
1
1
1
1
1.08898603864053
1
1.07751937984496
1
1
1
1
1
1.07699757869249
1
1
1
1
1
1
1
1
1
1.22451682135233
1
0.996080708375671
1.05507868383405
1
1
1
1
1
1
1
1
1.18766335598536
1.07196029776675
1.17820231756968
1
1
1.01101169993118
1
1
1
1.08
1.12724658519051
1
1
1
1
1
1
1
1
1
1
1
1
1
1
1
1
1
1
1
1
1
1
1
1
1
1
1
1
1
1.06703629032258
1
1
1
1
1
1
1
1
1
1
1
1
1
1
1.15002970885324
1
1
1
1
1
1
1.37662337662338
1
1
1
1
1
1
1
1
1
0.946327683615819
1
1
1
1
1
1
1
1
1.02334889926618
1.01079770824152
1
1
1
1
1.08974671807135
1
1
1
1
1
1
1
1
1
1
1
1
1
1
1.11804138735063
1
1
1
1
1
1
0.944533049796208
1
1.33663366336634
1
1
1
1
1
1
1
1
1
1
1
1
1
1.06270372784923
1.33632622521511
1
1
1
1
1
0.842105263157895
1
0.937559309166825
1
1
1
1.09534992954439
1
0.845179063360882
1
1
1
1
1
1
1
1
1
1
1
1
1
1
1
1
1
1
1
1
1
1
1
1
1
1
1
1
1
1
1
1
1.09143968871595
1
1
1
1
1
1.04879081947012
1
1
1
1
1
1
1
1.33057851239669
1
1
1
1
1
1.15353137314338
1
1
1
1.17808219178082
1
1
1
1
1
1
1
1
1
1
1
1
1
1
1
1
1
1
1
1
1
1.08177172061329
1
1
1
1
1.10744329677351
1
1
1
1
1
1
1
1
1
1
1
1
1
1
1
1
1
1
1
1
1
1
1
1
1
1
1
1
1
1
1
1
1
1
1
1
1
1
1
1
1
1
1
1
1
1.14985371891527
1
1
1
0.953757225433526
0.989607777405297
1.06778726922017
1
1
1
1
1
1
1
1
1
1
1
1
1
1
1.18454935622318
1
1
1
1
1
1
1
1
1
1
1
1
1
1
1
1
1.15727948990436
0.925589836660617
1.1566028473245
1
1
1.07833256985799
1
1.11658133123277
0.964028776978417
1
1
1.06788079470199
1
1
1
1
0.953020134228188
1
0.964591576100566
1
1
0.973863080684597
1
1
1
1
1
1
1.20288248337029
1
1
1.07942028985507
1
1.08123997862106
1.66792566852999
1
1.10857142857143
1
1
1
1
1
1
1
1
1
1
1
1
1
1
1.12953367875648
1
1
1
1
1
1
1
1
1
1
1
1
1.07805255023184
0.995035852178709
0.942371280113368
1
1
1
1.10588235294118
1
1
1.26744186046512
1
1.07797430791457
1.09340485957715
1
1
1.11301369863014
1.32665810868635
1
1
1
1.08208955223881
1
1
0.748387096774194
1
1
1
1
1
1
1
1
0.950566809143282
0.959025699246568
1
1
1
1
1
1
1
1
1
1
1
1
1
1
1
1.13157894736842
1
1.07465062798514
0.978526409727257
1
1
1
1
1
1
1
1.02114219414722
1.66652074943092
1
1
1
1
1
1
1
1
1
1.26598465473146
1
1
1
1
1
1
1.10077519379845
1
1.07462686567164
1.1062124248497
1
1
1
1
1
1
1
1
1
1.3764404609475
1
1
1
1
1
1
1
1
1
1
1.17857142857143
1
1
1
1
1
1
1
1
1
1
1
1
1
1
1
0.942947212263568
1
1
1
1
1
1
1
1.16278803164049
1
1
1
1
1
1
1
1
1
1
1.06155218554862
1
1
1
1
1
1
1
1
1.16806722689076
1
0.961927797187136
1
1
1
1.16740088105727
1
1
1
1
1
1
1
1
1
1.06028531983433
1
1
1.0978102189781
1
1
1
1
1.22287390029326
1
1.68103448275862
1
1
1.17977528089888
1.07969988674972
1
1
1
1
1
1
1.12820512820513
1.6
1
1
1
1
1
1
1
1
1
1
1
1
1.15724522292994
1
1
1.23392207091816
1
1
1
1
1
1
1
1.08279220779221
1
1
1
1
1.22058823529412
1
1
1
1
1
1
1
1
1
1.04127579737336
1.07709332349686
1
1
1
1
1.01597444089457
1
1.05630986601105
1
0.951756490218029
0.9437308986808
1
1
1
1
1
1
1
0.977282288599075
1
1
1.1070163004961
1
1.2108843537415
1
1
1
1
1
0.893203883495146
1
1
1
1
1.07191937700412
1
1
1
1
1
1
1
0.999964148574132
1
1
1
1
1
1
1
1
1
1
1
1
1
1
1
1
1.01379310344828
1
1
1
0.893333333333333
1.08823529411765
1
1
1
1
1
1
1
1
1
1
1
1.13467048710602
1
1
1
1
1.12691131498471
1
1
1
1
1
1
1
1
1
1
1
1
1
1
1
1
1
1
1
1
1
1
1
1
1
1
1.03156146179402
1
1
1
1
1
0.999590163934426
1
1
1
1
1
1
1
1
1
1
1
1
1
1
1
1
1
1
1
1
1
1
1
1
1
1
1
1
1
1.07262569832402
1
1
1
1
1
1
1
1
1
1
1.01048951048951
1
1
1
1
1
1
1
1.00746268656716
1
1
1
1
1
1
1
1
1
1
1
1
1
1.1551724137931
1
1
1
1
1
1
1
1
1
1
1
1
1
1.14285714285714
1
1
1
1.43541425413201
1
1
1
1
1
1
1
1
1
1
1
1
1
1
1
1
1
1
1
1.09333333333333
1
1
1
1
1
1
1
1
1
1
1
1
1
1
1
1
1
1
1
0.946254071661238
1
1
1
1.21472392638037
1
1
1
1
1
1
1
1
1
1
1
1
1
1
1
1.91591591591592
1.16959431200335
1
0.999553471757089
1
1
1
1
1
1
1
1
1
1
1
1
1
1
1
1
1
1
1
1
1
1
1
1
1
1
0.975
1
1
1
1
1
1
1
1
1
1
1
1
1
1
1
1
1
1
1
1
1
1
1.12368447429087
1
1
1
1
1
1
1
1
1
1
1
1
1
1
1
1
1
1
1
1
1
1
1
1
1
1
1
1
1
1
1
1.30693069306931
1
1
1
1
1
1
1
1
1
1
1
1
1
1
1
1
1
1
1
1
1
1
1
1
1
1
1.06285714285714
1
1
1
1
1
1
1
1
1
1
1.15068493150685
1
1
1
1
1
1
1
1
1
1
1
1
1
1
1
1
1
1
1
1
1
1
1
1
1
1
1.04868913857678
1
1
1
1
1
1
1
1
1
1
1
1
1
1
1
1
1
1
1
1
1
1
1
1
1
1
1
1
1
1
1
1
1
1
1
1
1
1
1
1
1.03125
0.862745098039216
1
1
1
1
1
1
1
1
1
1
1
1
1
1
1
1
1
1
1
1
1.08936170212766
1
1
1
1
1
1
1.13777777777778
1
1
1
1
1
1
1
1
1
1.02526019690577
1
1
1
1
1
1
1
1.15337423312883
1
1
1
1
1
1
1
1
1
1
1
1
1
1
1
1
1
1
1
1
1
1
1
1
1
1
1
1
1
1
1
1
1
1
1
1
1
1
1
1
1
1
1
1
1
1
1
1
1
1
1
1
1
1
1
1
1
1
1
1
1
1
1
1
1.17333333333333
1
1
1
1
1
1
1
1
1
1
1
1
1.04697452229299
1
1
1
1
1
1
1
1
1
1
1
1.3239852398524
1.22926829268293
1
1
1
1
1
1
1
1
1
1
1
1
1
1
1
1
1
1
1
1.04807692307692
1
1
1
1
1
1
1
1
1
1
1
1
1
1
1
1.27659574468085
1
1
1
1
1
1
1
1
1
1
1
1
1
1
1
1
1
1
1
1
1
1
1
1
1
1
1
1
1
1
1
1
1
1.02623906705539
1
1
1
1
1
1
1
1
1
1
1
1
1
1
1
1
1
1
1
1.03030303030303
1
1
1
1
1
1.08333333333333
1
1
1
1
1
1
1
1
1
1
1
0.986486486486487
1
1
1
1
1
1
1
1
1
1
1
1
1
1
1
1
1
1
1
1
1
1
1
1
1
1
1
1
1
1
1
1
1
1
1
1
1
1
1
1
1
1.02045157068063
1
1
1
1
1
1
1
1
1
1
1
1
1
1
1
1
1
1
1
1
1
1
1
1
1
1.0573653123322
1
1
1
0.935379644588045
1
1
1
1
1
0.970108695652174
1
1
1
1
1
1
1
0.969302006516892
1
1
1
1
1
1
0.950943396226415
1
1
1
1
1
1.26045985676593
1
1
1
1
1
1
1
1
1
1
1
1
1.09969167523124
1
1
1
1
1
1
1
1
1
1
1
1
1
1
1
1
1
1
1
1
1
1
1
1
1
1
1
1
1
1
1
1
1
1
1
1
1
1
1
1
1
1
1
1
1
1
1
1
1.25
1
1
1
1
1
1
1
1
1
1
1
1
1
1
1
1
1
1.225215114104
1
1
1
1
1
1
1
1
1
1
1
1
1
1
1
1
1
1
1
1
1
1
1
1.14285714285714
1
1
1
1
1
1
1
1
1
1
1
1.15555555555556
1
1
1
0.986175115207373
1
1
1
1
1
1
1
1
1
1
1
1
1
1
1
1
1
1
1
1
1
1
1
1
1
1
1
1
1
1
1
1
1
1
1
1
1
1
1
1
1
1
1.06976744186047
1
1
1
1
1
1.12295081967213
1
1
1
1.08387096774194
1.05359179019384
1
1
1
1
1
1.16763005780347
1
1
1
1
1
1
1
1
1
1
1
1
1
1
1
1
1
1
1
1
1
1
1
1
1
0.985074626865672
1
1
1
1
1
1
1
1
1
1
1
1
1
1
1
1
1
1
1
1
1
1
1
1
1
1
1
1
1
1
1
1.08176943699732
1
1
1
1
1
1
1
1
1
1
1
1
1
1.72240802675585
1
1
1
1
1
1
1
1
1
1
1
1
1
1
1
1
1
1
1.03274087932647
1
1
1
1
1
1
1
1
1
1
1
1
1
1
1
1
1
1.42857142857143
1
1
1
1
1
1
1
1
1.31819025153065
1
1
1
1
1
1
1
1
1
1
1
1
1
1
1
1
1
1
1
1
1
1
1
1
1.22014925373134
1
1
1
1
1
1
0.942528735632184
1
1
1
1
1
1
1
1
1
1
1
1
1
1
1
1
1
1
1
1
1
1
1
1
1
1
1
1
1
1
1
1.28491620111732
1
1
1
1
1
1
1
1
1
1.0597609561753
1
1
1
1
1
1
1
1
1
1
1
1
1
1
1
1
1
1
1
1
1
1
1
1
1
1
1
1
1
1
1
1
1
1
1
1
1
1
1
1
1
1
1
1.04433863358378
1
1
1
1
1
1
1
1
0.97695520668299
1
1
1
1
1
1
1
1
1
1
1
1
1
1
1
1
1
1
1.14713216957606
1
1.22546346782988
1
1
1
1
1
1
1
1
1
1
1
1
1
1
1
1
1
1
1.06345627315188
1
1
1
1
1.01742011328417
1
1
1
1
1
1
1
1
1
1
1
1
1
1.02631578947368
1
1
1
1
1
1
1
1
1
1
1
1
1
1
1
1
1
1
1
1
1
1
1
1
1
1
1
1
1
1
1
1
1
1
1
1
1
1
1
1
1
1
1
1
1
1
1
1.00673400673401
1
1
1
1
1
1
1.22658279775742
1
1
1
1
1
1
1
1
1
1
1
1
1
1
1
1
1
1
1
1
0.982332155477032
1
1
1
1
1
1
1
1
1
1
1
1
1
1
1
1
1
1
1
1
1
1
1
1
1
1
1
1
1
1
1
1
1
1
1
1
1
1
1
1
1.76281453867661
1
1
1
1
1
0.851851851851852
1
1
1.03100775193798
1
1
1
1
1
1
1
1.13450292397661
1.08300395256917
1
1
1
1
1
1
1
1
1
1
1
1
1
1
1
1
1
1
1
1
1
1
1
1
1
1
1
1
1
1
1
1
1
1
1
1
1
1
1
1
1
1
1
1
1
1
1
1
1
1
1
1
1
1
1
1
1
1
1
1
1
1.04950495049505
1
1
1
1
1
1
1
1
1
1
1
1
1
1
1
1.26865671641791
1
0.967741935483871
1
1
1
1
1
1
1
1
1
1
1
1
1
1
1
1
1
1.06617647058824
1
1
1
1
1
1
1
1
1
1
1
1
1
1
1
1
1
1
1
1
1.05644171779141
1
1
1
1
1
1
1
1
1
1
1
1
1
1
1
1
1
1
1
1
1
1
1
1
1
1
1
1
1
1.04729925947437
1
1
1
1
1
1
1
1
1.03703703703704
1
1.07446808510638
1
1.02189781021898
1
1.50772772114436
1
1
1
1
1
1.35679845708775
0.96028880866426
1
1
1
1
1
1
1
0.985507246376812
1
1
1
1
1
1
1
1
1
1
1
1
1
1
1.11650485436893
1
1
1
1.37704918032787
1
1
1
1
1
1
1
1
1
1
1
1
1
1.18421052631579
1
1.2
1
1
1
1
1
1
1
1
1
1
1
1
1
1
1
1
1
1
1
1
1
1
1.46478873239437
1
1
1
1
1
1
1.13464447806354
1
1
1
1
1
1.1491935483871
1
1
1
1
1
1
1
1
1
1
1
1
1
1
1
1
1
1
1
1
1
1
1
1
1
1
1
1.03396226415094
1
1.08300395256917
1
1
1
1
1
1
1
1
1
1
1
1
1
1
1
1
1
1.19417475728155
1
1
1
1
1
1
1
1
1
1
1
1
1
1
1
1
1
1
1
1
1
1
1
1
1
1
1.16402116402116
1
1
1.12765957446809
1
1
1
1
1
1
1
1
1
1
1
1
1
1
1
1
1.42307692307692
1
1
1
1
1
1
1
1
1
1
1
1
1
1
1
1
1
1
1
1
1
1
1
0.976973684210526
1
1
1
1
1
1
1
1
1
1
1
1
1
1
1
1
1
1
1.11627906976744
1
1
1
1
1
1
1
1
1
1
1
1
1
1
1.07692307692308
1
1
1
1
1
1
1
1
1
1
1
1
1.06772908366534
1
1
1
1.04847287646254
1
1
1
1
1
1
1
1
1
1
1
1
1
1
1
1
1.15762571186733
1
1
1
1
1
1
1
1
1
1
1
1
1
1
1
1
1
1
1
1.30650887573965
1
1
1
1
1
1
1
1
1
1
1
1
1
1
1
1
1
1
1
1
1.10121457489879
1
1
1
1
1
1
1
1
1
1
1
1
1
1
1
1
1
1
1
1
1
1
1
1
1
1
1
1
1
1
1
1
1
1
1
1
1
1
1
1
1
1
1
1
1
1
1
1
1
1
1
1
1
1
1
1
1
1
1
1.11961722488038
1
1
1
0.92964414606698
1.16949152542373
1
1
1.0188679245283
1
1
1
1
1.02127659574468
1
1
1
1
1
1
1
1
1
1
1
1
1
1
1
1
1
1
1
1
1
1
1
1
1
1
1
1
1
1
1
1
1
1
1
1
1
1
0.922480620155039
1
1
1
1
1
1.54183266932271
1
0.944
1
1
1
1
1
1.11578947368421
1
1
1
1
1
1
1.06649616368286
1
1
1
1
1
1.37044967880086
1
1.1588471849866
1
1
1
1
1
1
1
1
1
1
1
1
1
1
1
1
1
1
1
1
1
1
1
1.04109589041096
1
1
1
1
1
1
1
1
1
1
1.09289617486339
1
1
1
1.07399824510091
1
1
1
1
1
1
1
1
1
1
1
1
1.16583316663333
1
1
1
0.893112532931878
1
1
1
1
1
1
1
1
1
1
1.20551724137931
1
1
1
1
1
1
1
1
1
1
1
1.16626794258373
1
1
1
1
1
1
1
1
1
1
1
1
1
1
1
1
1
1
1
1
1
1
1
1
1
1
1
1
1
1
2.19021739130435
1
1
1
1.11917098445596
1
1
1
1
1
1
1
1
1
1
1
1
1
1
1
1
1
1
1
1
1
1
1
1
1
1
1
1
1
1
1
1
1
1
1.42045454545455
1
1
1
1
1
1
1
1
1
1
1
1
1
1
1
1
1
1
1
1
1
1
1
1
1.09794207317073
1
1
1
1
1
1
1
1
1
1.17647058823529
1
1
1
1
1
1
1
1
1
1
1
1
1
1
1.07692307692308
1
1
1
1
1
1
1
1
1
1
1
1
1
1
1
1.21621621621622
1
1
1
1
1
1
1
1
1
1
1
1
1
1
1
1
1
1
1
1
1
1
1
1
1
1
1
1
1
1
1
0.99867080194949
1
1
1
1
1
1
1
1
1
1
1
1
1
1
1
1.52093023255814
1
1
1
1
1
1
1
1
1
1
1
1
1
1
1
1
1
1
1
1
1
1
1
1
1
1
1
1
1
1
1
1
1.07486631016043
1
1
1
1
1
1
1
1
1
0.972972972972973
1
1.31764705882353
1
1
1
1
1
1
1
1
1
1
1
1
1
1
1
1
0.905660377358491
1
1
1
1
1
1
1
1
1
1
1
1
1
1
1
1
1
1
1
1
1
1
1
1.16412213740458
1
1
1
1
1
1
1
1
1.3125
1
1
1
1
1
1
1
1
1
1
1
1
1
1.04357798165138
1
1
1
1
1.12956810631229
1
1.4281728248922
1
1
1
1
1
1
1
1
1
1.24065300530852
1
1
1
1.00361010830325
1
1
1
1
1
1
1
1
1
1
1
1
1
1
1
1
1
1
1
1
1
1
1
1
1
1
1
1
1
1
1
1
1
1
1
1
1
1
1
1
1
1
1
1
1
1
1
1
1
1
1
1
1
1
1
1
1
1
1
1
1
1
1
1
1
1
1
1
1.24680146505444
1
1
1
1
1
1
1
1
1
1
1
1
1
1
1
1
1
1
1
1
1
1.46159473299195
1
1
1
1
1
1
1.04642409033877
1
1
1
1
1
1
1
1
1
1
1
1
1
1
1
1.36170212765957
1
1
1.09727916511368
1
1
1
1
1
1
1
1
1
1
1.04827586206897
1
1
1
1
1
1
1
1
1
1
1
1
1
1
1
1
1
1.15114333519242
1
1
1
1.25531914893617
1
1
1
1
1
1.02376910016978
1
1
1
1
1
1
1.23529411764706
1
1
1
1
1
1
1
1
1
1
1
1
1
1
1
1
1.17882689556509
1
1
1
1
1
1
1
1
1
1
1
1
1
1
1
1
1
1
1
1.43225806451613
1
1
1
1.25
1
1
1
1
1
1
1
1
1
1
1
1
1
1
1
1
1
1
1
1.41361256544503
1
1
1
1
1
1
1
1
1
1.27126805778491
1
1
1
1.01932367149758
1
1.54139945845803
1
1
1
1
1
1
1
1
1
1
1.13436457385502
1
1
1
1
1
1
1
1
1
1
1
1.08665105386417
1
1
1
1
1
1
1
1
1
1
1
1
1
1
1
1
1
1
1
1.08695652173913
1
1
1
1
1
1
1
1
1
1
1
1
1
1
1
1
1
0.951739618406285
1
1
1
1.24671385237614
1.03041988003428
1.13089005235602
1.08546168958743
1
1
1
1.16347731000547
1
1
1
1
1
1
1
1
1
1
1
1
1
1
1
1
1
1
1.15987460815047
1.15217391304348
1
1
1
1.20348837209302
1
1
1
1
1
1
1
1
1
1
1
1
1.02892561983471
1
1
1
1
1
1
1
1
1
1.224
1
1
1
1
1
1
1
1
1
1
1
1
1
1
1
1
1
1.22352941176471
1
1
1.2824427480916
1
1
1
1
1
1
1
1
1
1
1
1.33860759493671
1
1
1
1
1
1
1
1.26515151515152
1
1.20267934312878
1
1
1
1
1
1.14519427402863
1
1
1
1
1
1.44
1
1.15671641791045
1
1
1.35030549898167
1
1
1.5631067961165
1
1
1
1
1
1
1
1
1
1
1
1.43737574552684
1
1
1
1
1
1
1
1
1
1
1
1
1
1
1
1
1
1
1
1
1
1
1
1
0.819532908704883
1
1
1
1
1
1
1
1
1
1
1
1
1
1
1
1
1.16049382716049
1
1.4156343086217
1
1
1
1
1
1
1
1
1
1
1
1
1
1
1.03703703703704
1
1.18531468531469
1
1.11504424778761
1
1
1
1
1
1
1
1
1.13425925925926
1
1
1
0.921926910299003
1
1
1
1
1
1
1
1
1
1
1
1
1
1
1.46382189239332
1
1.31543624161074
1
1
1
1
1.15890410958904
1.01967038809144
1
1.00697872340426
1
1
1
1
1
1
1
1.86486486486486
1
1
1
1.59677419354839
1
1.26482213438735
1
1
1
1
1
1
1.06321698804003
1
1
1
1
1
1
1
1
1.08327782784155
1
1
1
0.999132697311362
1
1
1
1.21739130434783
1
1.30824237862251
1
1.0041265474553
1.15384615384615
1
0.886363636363636
1
1
1
1
1
1
1
1.32727272727273
1.05719688017017
1
1
1
1
1
1
1
1
1
1
1
1
1
1
1.45205479452055
1
1
1
1.18226600985222
1
1
1
1
1
1
1
1
1
1.16609672691744
1
1
1
1
1
1
1
1
1
1
0.929372118396509
1
1
1
1
1
1
1
1
1
1.10627400768246
1
1
1
1
1
1
1
1
1
1
1
1
1
1
1.03565365025467
1
1
1
1
1
1
1
1
1
1.2289156626506
1
1
1
1
1
1
1
1
1
1
1
1
1
1
