149
140
122
63
130.833333333333
140
139.982142857143
121.740196078431
139.914893617021
139
117.169491525424
104
121
44
139.923913043478
141.25
139.5
68.3333333333333
147.25
68.5
121.888888888889
105
89.0769230769231
141.655172413793
141.733333333333
137
142.36
140.181818181818
142.333333333333
87.4642857142857
133
89.8888888888889
102.5
140
137.76
139.981132075472
116.714285714286
116.38
137.666666666667
124
67.35
39.5
141
105.913043478261
118
97.8414634146341
139
125
130
142
137.75
145.625
110
144
147
140.333333333333
142
139.030769230769
106
133.001512859304
142
143
131.512367491166
141.4625
123.428571428571
75.9375
142.714285714286
139.75
146
121
102
138.014925373134
124
146.625
139.454545454545
129
139.5
139.95145631068
82
138
49
122.5
137.666666666667
141.466666666667
138.777777777778
140
142.5
141.176278563656
142
141
74
145.925925925926
133
112
95
96
138
64
137
69.5
137.5
135.984375
132
135.666666666667
129
140.575
101.866666666667
123.714285714286
92.2
145.5
142.5
115.448051948052
67
137.5
98.1666666666667
139.384615384615
92
139.571428571429
122
121
139.967213114754
110.5
103
140.333333333333
109.333333333333
135.764705882353
138.8
141.333333333333
92
144.970588235294
92.5
115
143
56
110
132
63.3333333333333
145
79.7857142857143
139
147
97
121.333333333333
105
139.9375
136.952380952381
130
133.375
98.3333333333333
136
148
138.5
138.819277108434
140
105.5
139.935779816514
75.8
124.5
146.714285714286
107
104
111.166666666667
128.333333333333
104
133
107
139.2
130
131
96
107
137
142
63
59
117
73.0588235294118
114.126582278481
74
49
114.467213114754
76.5185185185185
141
140
90.2651515151515
116.277777777778
141.058823529412
108.594594594595
142
125
99.1578947368421
100
141.722222222222
101.6
117
83.9285714285714
134.823529411765
138.75
141.142857142857
86.7130434782609
137.666666666667
139.666666666667
139
148.375
114.598984771574
58.2
145.8
133
124.8125
133
69.5
139.947826086957
136.333333333333
111
139
112
141
92.2727272727273
106.841121495327
55
128.333333333333
143
71
97
135
130.769230769231
118
104.8
140
144.272727272727
78
86
111
137
140
100
143.125
78.25
104
134.151162790698
136
68
51
138.571428571429
111.75
139.921875
137
133.625
101.513888888889
140
143
139
101.25
128.769230769231
140.916666666667
129.25
98
135
138.857142857143
138
141.5
138
107.5
119
129
137
66.1219512195122
81.6666666666667
115.060606060606
136
119
138.75
120
142
141
137.769230769231
143.5
143.5
130
128.625
134
137
61
128
129
88
133
94.4285714285714
140
140
91.8
144.5
98
121
143.666666666667
139.666666666667
91
140
141.423076923077
121
139.193548387097
132
141.8
60
140.227272727273
154
70.5
140
114.5
74.6666666666667
142
114
143.555555555556
142.5
136.882352941176
144.938144329897
124.166666666667
140
140
139
129
145
134
118
117.133333333333
126
114.5
57.4285714285714
132
112.058823529412
132.710843373494
84.25
140
112.428571428571
140
93
86
143
103
87
140.25
136
111
86.9565217391304
135
61
136
129
139.727272727273
88.3333333333333
140
140.692307692308
140.5
139.1875
150
79.5
93.7954545454545
92.7142857142857
55
124.3
117.7
121.131578947368
139.857142857143
88.304347826087
130.033333333333
145.5
122.5
140.4
98
151.478260869565
109.75
97.3333333333333
79
138
105.86301369863
89
107.725738396624
116.5
83.4855769230769
139
119.105042016807
144.5
114.428571428571
136.142857142857
142.8
143
114.2
54.3333333333333
142.25
122.777777777778
115
117
139.75
137.307692307692
139.857142857143
137
124.833333333333
76.1647058823529
119.56
139
139
135
140.153846153846
136.166666666667
139.347826086957
139.266666666667
144
118
140.666666666667
135.104712041885
52.5
139.344827586207
69
76
140.875
139.5625
138.933333333333
139
137
131.5
134
142.1
118.133333333333
121.363636363636
123.869369369369
139.666666666667
142.714285714286
109.357142857143
35
145
139
117
84.7857142857143
123
100.185185185185
140.2
136
100
137
134
139.4
146.75
80
90.5
57
126.071428571429
80
126
81.5
129.125
130.136778115502
82
127
62
34
129.444444444444
91.3333333333333
81.6666666666667
136
113.5
130
138
90.25
104.666666666667
112.5
144.6
113.4
114
51.5
101.333333333333
140
143
104
142
135
139.272727272727
146
145.913043478261
121.666666666667
78.5
127
137.176470588235
142.25
94
138.5
137
97
141
149
126
124
135.575
82
106.066666666667
142
100.896551724138
105.384615384615
143
130
54.5
36
144.428571428571
95
135
138.695652173913
119
139
133.461538461538
140
95.5
137
148
57.875
140
94
83
139
99
112
142
139.611111111111
128.333333333333
137
142.777777777778
117.428571428571
93
113
114.371428571429
98
140
63
122.9
129
116
134.4
135.2
103.481481481481
140.650925925926
112.666666666667
134.5
140
134
127
101
128.364102564103
87
103.65
139
50
96
112
119.5
74.3333333333333
74.5333333333333
144
140
118.666666666667
139.111111111111
140
79
29
139.75
132.625
131
73
125
127.4
59.5
113.25
107.769230769231
134.5
93
78
136.8
105
113.666666666667
142.767441860465
140
147.75
144.923076923077
140
137.5
138
96
152
123.4
143
141
84.5
140
84.8414634146341
85.3333333333333
132.602941176471
49
112
140
102
62.0421052631579
138.5
114.75
143
142.5
114.181818181818
142
118.666666666667
98
107.87786259542
145
137
151
99
132
143.571428571429
103.969696969697
139.416666666667
63
143
48.2285714285714
122.767123287671
95.5
56.3333333333333
115
99.5
82
124.079069767442
145
115
74
111.5
135.5
136
138.5
145.571428571429
149.9
136.833333333333
145
112
105
144
150
140
127.411111111111
138.5
140.882352941176
136.058333333333
127
137
140
61
30
121
141.8
132
143
142.666666666667
122.5
137
138.41935483871
122
106.333333333333
135
126
141.166666666667
139.9
139
59
40
88.5
75
140
63
141.9
110.666666666667
139.5
138.5
136.333333333333
156
140.539682539683
140
134
107.146153846154
126
113.857142857143
122.298701298701
140
133.583333333333
105
123
139.777777777778
115
113.769230769231
81
138
142
121
124
107.818181818182
144
125.5
140.833333333333
62.3333333333333
136
135
150
117
139
140
144
140
145.133333333333
93.5714285714286
110.217391304348
109.4
140
131.2
143.916666666667
133
139
57
75
140
122.677777777778
138
142.333333333333
63.6666666666667
96
90.1666666666667
144
131.875
139.809523809524
110.666666666667
133.161764705882
102
143.3
140.333333333333
79.6
136
80
100.2
134.75
137
122.41095890411
100.5
106.333333333333
100
118.16
126
140
114
142.1
153
139
140
140.058823529412
130.666666666667
90
140
89.25
147.846153846154
76
140.6
141.857142857143
136.8
146.875
138.774193548387
110.842105263158
90.5471698113208
72.5
143
127
140
121.5
106.538461538462
89
56
83.6944444444444
141
113.222222222222
123
80.8782608695652
56
111
115
109.254901960784
139.875
137.961538461538
139
44
121
125
138.260869565217
123.333333333333
134
104
145
90.6666666666667
124
138
139.833333333333
121
66
103.173913043478
136
138.428571428571
85
144.5
139.25
140
116
99
111
88
137
139.5
139.736842105263
107.25
99
131
61.375
146.5
138.625
123.444444444444
135.15625
82
140
139.966257668712
124.666666666667
102
124.25
141
105
147
86.5
139.666666666667
129.575757575758
71
140.5
137
107.112903225806
130.333333333333
142
87
79
139
138.666666666667
135
139.833333333333
53
140
141
115.290697674419
140
131
138.277777777778
79
143
136
143.428571428571
152
66
143.870967741935
119
46.6666666666667
142.4
93
136
145
125.6
140
140
120
128
94.8928571428571
150
126
142
104.342007434944
138.02380952381
145
100.7
140
140
108
131.6
148
136.6
78
108
146.285714285714
98
133.5
143.6
141
132
103.659574468085
139.153846153846
87
126
142.1
137
122
53
139
104.333333333333
147
81
137.25
141
132
144.857142857143
138
126.666666666667
138.25
142
140
139.75
116
145.428571428571
142.1
117
78.375
56.5
137.5
144.2
65
102.5
138
91.6153846153846
110
89.2666666666667
131
100
133
124
116
129.5
138
139
101.555555555556
86
81.6666666666667
140
84.6666666666667
143.428571428571
104.9
126.846153846154
115
136
129
143
99.3
71
121
144
106.333333333333
130
118.666666666667
83
125.666666666667
140.333333333333
140.375
126
107
138
59
119
131
137
128.2
135
125
139
64
137
136
98
105.892857142857
133
137
132
115.386363636364
136.6
134
134
140
132
97
140
139
81
82.5
106
137
123
139.5
111
139.5
139.125
92
146.034482758621
40
63.5
99
133.333333333333
143
138.428571428571
129.193548387097
131.5
137
44
141
90.6443514644351
142
119.8
93.4166666666667
97.8
77.68
135
80.8
70
129
139
143
83.8888888888889
131
139
83.5057471264368
62
106.75
139.5
120.418181818182
101
139
139.5
144.9
135
145
145.5
77.7142857142857
144.333333333333
73.063829787234
127.8
116
82
121
60
140
104
125.585227272727
104.619047619048
144.5
76
122.666666666667
127
88
143
120.571428571429
119.235294117647
64
76
106.666666666667
132.16
136
135.882352941176
121
128
136.5
144
139.666666666667
146.2
141.5
118.5
142
136.545454545455
73
64
132
141.333333333333
139
124.222222222222
121
136
137
118.5
139.818181818182
141.2
124
91
140
139
111.123076923077
145.25
135.5
121
63
141.8
102.333333333333
91
140
141
104
131.666666666667
86
86.8
139.5
114.857142857143
110
114
128.25
140
107
66.7142857142857
150
114
124
108
92.75
87
147.1
140
89.6666666666667
101.351851851852
93
73.5
100.375
141
109
99
131.122324159021
118.916666666667
101.559190031153
86
77
123
140.5
98
146.333333333333
159
137
138
140
136.8
76
83
104
140
142
141.333333333333
139.857142857143
98
126
55
137.5
99
142
123.25
124.859872611465
135
121
130
95.7894736842105
146
82.75
140
118.272727272727
121
142
143
127.1
126
140
97.3333333333333
138.333333333333
96
46
104.25
127.25
133.8
139
144.071428571429
143
142
78
135.5
142
145
115
141
127.5
140
131
104
117
120
80
61
130
122.333333333333
95.2
139
96
141
132.5
139.761904761905
119.576923076923
123
137.6
99
140
138.888888888889
140.571428571429
79
60
72
64
140
79
63
140
135.555555555556
115.333333333333
87.3333333333333
142.714285714286
143.5
139
135
121
108
123
139
138.5
98.5
136
122.5
110
141.5
83.6666666666667
79.5
143
140
120
142.75
85.8333333333333
114
114
141.285714285714
138.666666666667
78.5
134
141
106
138
98
111
133
132.6
137.5
96.1111111111111
120
77.0555555555556
139
116
107.4
99.7777777777778
139.181818181818
83
143
127.666666666667
58
49
72.3333333333333
136.75
132
60
121
143.645614035088
119.666666666667
143
139.833333333333
52
124.159420289855
74.3333333333333
142.035714285714
127.8
122.5
98.6666666666667
143
80
142.75
137
125.333333333333
139
92
79.8181818181818
142.785714285714
135.5
116
106
91
44
97.6666666666667
126
139
68
139.5
81.1666666666667
139.666666666667
122.684210526316
141.272727272727
68
122
128.333333333333
87
103.728155339806
119
139.25
68
73
135
122.666666666667
145
34
139.909090909091
127.777777777778
86
142.489071038251
143
124.75
130
140
99
121
79
139.25
122.666666666667
111.5
139
81
59
140
142.428571428571
136.142857142857
138
147.75
100.666666666667
93.75
106
95
140
114
83
132
126
123
109
150.666666666667
63
95
127
136
139.8
120.035087719298
117.357142857143
127
136
101.5
120
143
90
140
105
141
141.571428571429
88.5
55
75.5
120
121.75
87
142
108.125
135.668604651163
118.714285714286
138.5
139
89.3205128205128
139.851851851852
144.333333333333
35
84
140.5
139
99
115.5
144
133
75
135
142.333333333333
140
107.5
142.25
140
138.666666666667
142
92
139.5
136
104
143
140
86
141
103.5
142
119
48
143
107
100.650485436893
148
143
119
135.896551724138
129
140.5
68
80
132
127.5
137.8
126.5
119.5
92
127
104
148
139
143.75
144
115
133.8
131
139
139.666666666667
139.5
78.3529411764706
139.705882352941
56.6923076923077
58
118
72
99
108
94.4210526315789
144
133
111
86
142
116
128
134
140
119.666666666667
142.698183041723
98
47
137
79
141.928571428571
121
96
127.5
121.5
138.5
87.5
137
93
55
135.375
111.5
44.5
142.4
40
136.333333333333
138.5
100
143
80.5
140.666666666667
141.25
94
106.25
120
100.5
101
115
133
103
96
132.8
140
113.2
143
112
133
87
143
81
102
133.388888888889
115
140
132
90
133
124.75
139.8
119
73
106
112
122
135.754385964912
137.5
106
133.742154368109
114
138
84.75
137
145
142
142.5
138
142
40
114
140
74
114
87.59
75
137
118.5
139
128
69
141.666666666667
141.666666666667
106
123
63.3333333333333
67
102
66.5
76
112.5
141.75
115.888888888889
115
66.6666666666667
103.96875
116
120
142
140.333333333333
131
130
138.5
83.8333333333333
57.5
99.125
103.142857142857
143
140
127.666666666667
137
26.8333333333333
100.454545454545
139
120
140
138.666666666667
138
142
85.25
109.9
129
111.801687763713
110.8
136.76
112.8
55.5
54
120.5
134
139
90.3333333333333
73.75
135.909090909091
136.666666666667
136.909090909091
95
133
140.333333333333
107.049853372434
118.222222222222
75.5
144.5
59.3333333333333
74
110.686746987952
58
65
139
127
129.697674418605
78
140
138.333333333333
140
111.708333333333
74.1146788990826
96
139.4
61.0169491525424
74
81.5
138
119
68.25
143
63
142
84
118
98.6666666666667
107
156.355555555556
121
145
128
137
80.5
144
123
139.611111111111
136
139.75
135.8
135
139
139
118
124
109
139.5
140
136
120
99.2
108
117
136.5
111
140
88
148
116.5
122
139.5
75.8217391304348
129
128.101398601399
121.1
76
133
118.666666666667
61.3333333333333
131
123
86
119
58
138
139
89
138.666666666667
78.7878787878788
101
117.5
104.857142857143
90.5
71
108
147
107
121
140
133
117
108
52
138
54
140
131.5
103
108
139
66.6666666666667
66.25
102
143.75
104.3
127.75
139
84
117.298701298701
139
133
87.4
132.666666666667
99.375
52
43
141
146.666666666667
99.5
119
81
94.5
26
65
138
88
88.5
141.666666666667
138
125.411764705882
119
140
131
61
79
105
81.5
143
123
78
140.333333333333
150
104
128
142
102.35
92
55.5
114.666666666667
109.333333333333
95.25
101
140
146
137
128.666666666667
143.5
110
84
140
108
123
135
87
140
138.9
108.5
139
110
141
139
142.5
139
138.333333333333
144
135
110
140.333333333333
86
84
107
135
110
90
139.833333333333
98
115.555555555556
126.333333333333
113
138
132.833333333333
143
127
117
70
63
140.06976744186
82.9004149377593
141
94
146
140
109
136
139.5
143
59
78
138.857142857143
133
142
102
106
59
136
114
97
40
127.676056338028
142
57.9310344827586
93.25
142
103
139.666666666667
128.5
105.6
144
128.753623188406
81
101
102
64
128
89
139
70
89
96.6666666666667
142
126
128.684684684685
139
80
133
140
113.777777777778
65
74
129
99.8333333333333
139
129
113.714285714286
115
113.666666666667
95
108.092511013216
132
134.5
136
140
143
144
143
139
94
124.8
139.8
95
99
78.5
77
141.666666666667
126.833333333333
88
135.333333333333
134
69.5
106
138.461538461538
34.5
82.5
137
36
115
127
41
114
55
109.857142857143
114
138
139
123
106.166666666667
120.681034482759
66
96
54
139
122.666666666667
138
95.5
123
142
83
124
77
139
127
118.142857142857
143
144
146
131
140
139
103
147.75
116
97
109
140
139.5
108.2
73
98
53.7507987220447
79
117.333333333333
95
139
104.333333333333
137.5
140
138
106
149.333333333333
98
141
117
135
72
111.25
90
138
140
135
105
139
112
77.8627450980392
140
81
136
48
134
139.833333333333
122.970149253731
131
142.2
73
132.318181818182
71
142
89
140
141
137
141
147
118.486111111111
77.15
146
82
120
128
74
140
71
133
143
142
116
117
119
97
63
136
48
140
143
112
98
58
146.333333333333
131
59
109
139
144.4
104.046370967742
81
115
140
93
141.5
139
93
96.5
112
141
134
123.701754385965
121
140
90.2673267326733
140
111.4
137.833333333333
70
136.375
105
139
117
94
72
140.666666666667
147.2
138
140
65
140
136
134
127
140
136
89
135
96.9546827794562
107
75
131
139.75
74.5
128.5
122
118
129
105.333333333333
139.571428571429
67.3333333333333
132
141
122
69.1307506053269
80
143.777777777778
138
110.428571428571
113
137.636363636364
104
101.1875
142.75
86.5
89.6833333333333
81
78.3333333333333
63
136
84.1929824561404
135.666666666667
143.75
44
89
147
152
140
117
103.297297297297
105.5
96
140
109
83.3333333333333
135
148.6
137.5
134
140
138
79
110
77
103
95.9230769230769
140.333333333333
137.5
113
121
96.75
138
140.75
138.5
131.666666666667
139.923076923077
104.940886699507
157
71
143
46
142.666666666667
129
143.75
76
140
108
139
139
143.266666666667
128
117
127
145
48
142
141.118165784832
131.095238095238
80.4375
140
130
109
138.25
114
120.5
56
120.5
90
74
143
66
140
63.6
121
86.7927927927928
140
65.5
133
76
135
139
96.5
95
129
116
91
133
136
110.75
142
137
94
119
139.2
131.090909090909
129.25
71
119
140.5
94.7
126
96
120.194444444444
98.8333333333333
126.5
89
140
83
139.782608695652
144
100
66
92
138.4
137.813775510204
72
129
136.666666666667
140
68
146
146
115
133
58
130
132
141
85.3125
101
56
138
142.287878787879
89.5
83
66
138
142
142.769650655022
91.8
76
60
137
119
138.4
133
78.75
141.25
140
124.333333333333
139
125.8
137.666666666667
61
72.5
123.823529411765
43.3333333333333
123
118
136
118.5
142.142857142857
92.3333333333333
111
139
118
130
55
137.5
118
101
139
131
130.25
122
133
122
138
93
113.5
117
115
140
79
85
104
121
96
128
138.5
137
140.181818181818
73
124
139
120.948453608247
123.5
140
77.6
122
137.666666666667
57.3333333333333
140
137
134
134
62
113
97
139.333333333333
69
66
143
116.2
121
55
140
124.333333333333
142.4
136
84
139.5
115
148
98
110.5
39
115.6
44
139.6
52
58
139
89
95
94
140
140
142
90
111
94
109
125
82
145
94
135.666666666667
47
143
139
137
140
143.5
141
110.740740740741
125
138.822222222222
95
144
66
114.5
106.107843137255
141
141
136.333333333333
141.5
138.5
112.333333333333
98
139.833333333333
107.75
145
76.8163265306122
87
93.2857142857143
137
111.5
100
138
107
84
120
114
139.25
138
143.75
57.6666666666667
91.5
139
138
78.7142857142857
60
94
27
140
143.5
87
133
128
72
131.5
144.333333333333
132
71
84.5
138.4
106
55
110
111.142857142857
136.8
143
103.214285714286
49
140
149
137
93
109
138
99
90
123
134
119
110
121
139.333333333333
106.333333333333
109.333333333333
81
143
143.333333333333
54
109.5
136.666666666667
141
119
102
79
110
140
91
67
94
139.777777777778
139
129
144
97
126
140.25
87
140
82
125
95
46
139
76
120.25
140
118
129.666666666667
124
106
73
78
128
125.222222222222
138
69
80
137
139.5
56
146
142.5
69
142
122
83
141
135
95
129
139
139.922077922078
143
66
139
137
99
151
72
100
140
60
87
132
77
95.5
140
98
145
116
77
142.5
124
98
125
139.833333333333
111
140
144.142857142857
122
140.8
137
117.571428571429
70
118.333333333333
128
137
135
132.5
65
142
93
65
136.5
130
141.357142857143
141.428571428571
95
99
85.5
115
95
139.666666666667
140
68
131
141
140.666666666667
90
70.3333333333333
137.333333333333
89.3333333333333
67.5
79
97
127
144
142.909090909091
132.457831325301
128.333333333333
87
140.8
136
127
112
134
60
100
88
141
133
119
140
96
114
82
108
142
136
127.664
134.5
138.5
134.5
107
96
127
98
133
98.5625
87.6666666666667
116
138.5
101.285714285714
59
86
132.16935483871
108.612903225806
82.6666666666667
137
133
96
152
131
90
109
142
109
120
124.125
97
86
142
113
118.5
70
87
139.333333333333
56
128.5
67.3333333333333
55
60.5
97
139
92
143.333333333333
99
29
133
140
137
123.666666666667
139
141.5
138
155
147
124.5
138
139.714285714286
136
144
117.666666666667
70
37
108
128
135
133
82.4285714285714
141
100
121
165.333333333333
143
88
60
139
132
140.5
131
137
113
141.5
88.5
95.875
53.5
70
131
123.365949119374
139
115
143
89.1666666666667
124.186274509804
141
137.571428571429
141
142
139.521739130435
95.3333333333333
77
136
134
76.5
139
141
102.703125
88.5
139
120
136
83.5
134
133
113
111
120.153846153846
141
139.4
110
67
140
119
146.75
136
91
140
117.1
139.5
144
136
118.5
104.98275862069
88.8421052631579
115
124.666666666667
142
139.6
115
129
113.403846153846
85.7473742196107
70
143
126
127.5
102
144
55
128.5
75.6803278688525
35
67
103
137
66.75
143.714285714286
101.75
137
73
138
114
127
78
98.1304347826087
126
139
118
75
136.153846153846
144
138.5
138
141.5
98
140
94
96
126.012345679012
141.5
140
141
149
132
144
60
140.714285714286
114
131
113
124
141.5
125
41
127
103
136
110
81
137
141
127
75
101
124
98
138.333333333333
92.5
117
137
139
79
133
142
117.363636363636
89
103
139
144.527559055118
136
96.5
141
138
136.8
144.353065539112
108
116
86
137.5
120
128
139
141
137
143
136
133.685
108
136
134
139.666666666667
143.5
141.25
61
139
138.2
89.5
142
139
98.8655462184874
142
140
108.5
135
139
124
81
136
162
98
132
132.5
93
142
121
138
95
134
132
138
113.25
99.5
124
145
88.7142857142857
112
135
92
140
139.833333333333
89
149
126.75
141
140
111
108
140
103
135
140
108.25
133
151.75
87
137.428571428571
138.333333333333
139.666666666667
141
134
113
114
135
122.785714285714
111
141.666666666667
114.5
146
68
143.5
140.75
113
104.263157894737
132
141
142
139
92
139.5
117
114
141
68
112.981981981982
142
91
139
111
128
97
139.047619047619
140.666666666667
139.5
137
142
143
58
135
141
135
139
122.75
145
122
97.5
143
107
103.465753424658
127
137
138
119
102.285714285714
138
119
79
87
119.666666666667
122
73
104.75
44
139
100
96
139
128
139
102
112
75
141.5
90
107
146
111
126.518518518519
138
117
132.5
89
117
127
139
142
121.333333333333
147
82
137
45
139
143.333333333333
113
97
134.5
94
141
140
140
76
139
79
116.0625
139
92
145
125.333333333333
119
124.333333333333
133
142
88
140
113.333333333333
119.5
79
110
132
130
140
122
80
76
60
107
67
136
75
101
107
94
75.6666666666667
141.666666666667
49
116.971014492754
132
131
146
146
139
92
133.5
143
140
135
101
100
117
139.5
138.8
124.5
81
137
135
140
141
66
134
54
116.571428571429
81.4285714285714
139.75
139
134
145.75
135
110.548387096774
147.333333333333
143
143
106.571428571429
139.848275862069
127
141
127
123
83
116
137
60
113.6875
140
136
135
131
59
104.641975308642
134
131.666666666667
124.666666666667
114
91
134.333333333333
133.351351351351
126
109.9
128
110
75
110
140
96.25
143
142
142
66
138.5
143
142
135.166666666667
140
79
82
93
76
139
130
71
78
61
97.3333333333333
120
135
109
115
139
146
125
140
73
119.666666666667
125
92
80.375
134
98
112.568421052632
96
130
112
70
123
84
127
105
72
72.5
146
140
68
110.428571428571
92
114.5
143
97
143
98.4
140.5
66
96
56
143
106.125
147
141.333333333333
55
90
73.5
118
140
74
100
143.333333333333
156
138
113.5
53
63
92
114
106.5
107.5
140
138
140
143
74
73
144
137
128
41.5
124
113
140
143
139
60
66.3333333333333
143
104
127
137.428571428571
146
61
97
90
131
90
97.6
141
86
58
129
139
133.931137724551
92
103.357142857143
69
90
79.5
146
83.5
126.606060606061
135
134.5
71
97
113
111
126.666666666667
143
86
140
49
49.3693693693694
138
134
84
46.5
121.6
80
78
121
130
140
122
102.4
115
59
130
105.435569755059
99.5
89
87.25
107.666666666667
124
92
146
141
115
145
75
140
139
79
139
102.2
145
138.5
139
79
89.6666666666667
99
126
98.2744186046512
108
146
130
127.125
139
139.5
101.75
80
113.666666666667
83
142
55
114
92
144
83
126
97
87.5416666666667
131
112
143
140
141.5
139.333333333333
141
113
121.666666666667
95.8888888888889
111.341176470588
92
84
140.333333333333
117.75
115
147.5
135
140
143
54
135.5
118
139
93
77
54
133
92
137
134.666666666667
139
64
141
139.5
139.8
99
121
118.333333333333
140
103
94.5
93.3333333333333
131
141.75
75.5
78.5
138
54.3333333333333
97
111
142
136
53
93
139.75
110
95
120.5
143
120
139
74.8
75
144
104
143
140
138.625
140
140
78
140
144
138
144
140
101.5
143.5
143
139
136
144
140
96
137
132
69
101
123.333333333333
123
69
105
139.5
134
133.333333333333
155
136
145
142
47
126
123.862068965517
138.666666666667
62
121
28
117.376237623762
137
125
74.3333333333333
40
143
136
124
118
97.4117647058823
134.5
139.714285714286
100
130
128.5
97
55
132
127
140.8
45
134
130
103
72
104
140
108
138.5
121.111111111111
140.5
77
121.5
137
110.367816091954
140
128
83
121.75
125.481481481481
122.5
146
143
101
121.333333333333
125.463333333333
124
80.3009708737864
134
68.75
144
83
141.833333333333
138
144
142
132.545454545455
90.5
115.5
93
116
130
134
135
143
110
140.111111111111
140
63.5
139
137
114.333333333333
115
124.413994169096
47
74
73.5
72
154
109
90
102.555555555556
56
138
61.2
129.646153846154
141
139
139
131.5
127
80
109
111.080882352941
139
90
66
139
68.5
79
113.292817679558
113
123
145
90
140.25
142
141
124.888888888889
136.304347826087
143
119.555555555556
99.88
104.333333333333
142
89
132
129.333333333333
82.990990990991
146.25
134
117
118
141.571428571429
139
145
139
77.5
85
139
59
75.5
79.6428571428571
128
122
128
84.5
45
68
111
139
115
109
59.5
138.769230769231
108
141
116
120
99
108
86.5714285714286
66
138.5
137
100
78
140
137
100
98.2434971098266
140
141.5
142.333333333333
86
138
22.6666666666667
125
134
119.257588898526
134
124.5
118
85
134
122.463157894737
122
121
69
135
100
144.666666666667
136
141
138.666666666667
132
145
140
86
95
138
142.5
151
142.25
142.5
99.1428571428571
144
138
131.5
153
86
136.5
143.666666666667
53
122.893333333333
145.191452991453
138
144
137
121
87.1702127659574
64
104
128
114.5
73.3333333333333
140
98
119
133
124.5
142
123
54.5
110
95
129
103.6
52
121.6
143.375
136
120.5
140.75
140
131
140
140
138
139
62
89
38
136.5
118.5
123
137
141.090909090909
141
140
140
152
142
137
136
77.2285714285714
141
40
118.2
140
98.0510204081633
65
140
79
121.587179487179
42
137
105
109
116.75
103
56
117
147
139.714285714286
106
73
53
133.5
119
138.5
62
84
65
87.5
37
143
142
143
94
136
138
84
136.6
122.304
123.666666666667
144
89.3333333333333
137
136
140
67
133.25
135
118
35.3333333333333
113.5
142
140
72.5
101.142857142857
72.0510204081633
103
115
116.714285714286
125.333333333333
140
134
139.846153846154
132.4
147
95
102
115.654205607477
95
117
82.25
82
141
95
74.5
33.5
140
122.5
117
75
121
140.75
139
140
145
145
116
140
142
128
82.4295302013423
140
137
137
143
145
71
129
140
139
108
120.588235294118
140
101
144
95
65
108
109
134.25
140
58
126
138.960784313726
101
111.5
117.6
117
88
140
104
138.666666666667
121
50
69
141.333333333333
137.5
111
120
140
86
138
145
140
140
145
109
139.666666666667
141
139.833333333333
135
140
130
138
58
147
139
83.5
140
110
143
140
95.4
139
73
138
126
126
93.9642857142857
107.5
134
140
126
98
69
137
140
77
132
145
130
140
118
119.5
98
139.857142857143
80
133
151.666666666667
135
137.577319587629
139.5
119.733333333333
142
114
95.2
138.666666666667
142
70
116
138
139
43
113.5
92
139
117
75
52
119.014598540146
40
87
115
57
139
142
66
140
125
85
97
144
66
96.6140018921476
48
64.3333333333333
126
45
140
35
139
135
140
96
134
92.5
123.333333333333
128
76.5
81
128
105
82.5
78
137
142
119
104
92.5
126
97
105
124
131
94.1111111111111
116
91
141
85
140
148
137
150
141
76.875
81.1428571428571
103.75
139.25
140
127.666666666667
69
127
85
120
118.428571428571
142
140.2
95
82
94
75
148
125
105
140
127
131
80
102
128.896126760563
123.221810699588
130
58.9389830508475
140
123
100
136
139.6
41.25
151
143
137.789473684211
139
112
116
137
111
95
132.25
140
53
101
137
108
132
129
140
136.5
144
128
35.5
129
137
77
85
138
156
92.9400636196216
126
96
143.412078152753
138
121
144.5
142
87
128
129.041666666667
140
139.666666666667
92
148
98
126
102
124
50.3333333333333
144
141
84
72
102
135
139
143
109
65.5
100
124
73
85
112
70
100
127.84126984127
143
139
111.626126126126
140
129
140
54
137
117
141
104
99.3736263736264
55.5
123
132
143
148
74
123
63
102
116.666666666667
144
58
123
93
133
143
112
77
77
94
51.1311475409836
76
140
54
94
137.6
132
100
145
92.3333333333333
122
134
140.5
54.5
72
90
128
48
111
127
89
105
53
129.5
130
114
140
128.5
91
60
139
45
122
99
59
107
136
129.827586206897
75.1851851851852
103
133
120
100.5
134
139
81.2
130
135
65
101
114
142
120
48
114.828571428571
152
139
137
143
81.75
124
130
86
119
146
131
133
76
140
124
69
128
152
129.874269005848
140
143
139
103
139.818181818182
92.25
144
67.7727272727273
111.5
126
131
117
82
62
127.5
110
139
143.666666666667
141
98
142.875
75
140
112
112
96
136
116
139.5
55
141
136
143.5
141
142
72
139
112
63
139
116
77
140
88.5
120
123
122
108
140.25
86.6052631578947
150
89
99
139
49
126
66
55
72.5
139
87
140
146
130
140
138
26.4
128
98
140
107
134
105.794871794872
61
94.1636363636364
96
119
138
140
145
75
133
78
119
101.48
129
121
119.5
133
99
80
86.8496993987976
71.9444444444444
140
121
106.868613138686
61
137
104
131
113
138.25
134.5
108
86
124
146.5
125.6
109.555555555556
124
138.333333333333
122
138
113.28
100
61
113
147
140
54
141
136
131
140
78
119
139
116
136
77
109
36
138
91
107
141
88.9449541284404
83
104
136
140
96
146
104.4
67
144
137
115
133
112
120
138
119.333333333333
138
137
137
112
109.75
101.222222222222
144
99.5
142
127.5
88
52
133
124
145
136
115
133.25
40
140
104
72.6
104
75
139
141
129
37.5
138
141.4
82
134
140
109
60.5
64
131
142
103
116
131
103.5
140
102
95
142
129.247787610619
103
88
58
142.666666666667
104
120
130
98
87.5
126.5
126.666666666667
84
137
119.766666666667
138
136
143
115
141
139.5
104
139
89.5
131.2
111
91
136
50
112
89
101.851239669421
123
139
100
113
126
133
109
135
139
129
91
132
77
94
114
140
65
122
140
154
105.803248544284
129
140
64
47
64.4063260340633
61
68
138.333333333333
138
125.4
142
106
98.8611111111111
136
145.54
29
145
142
72
138
133.5
114
135
60
99
79
88
124
136
129
104.428571428571
139
54
88
129
110
140
105
135
142
107
147
132.2
143
140
137
141
98.5
132
112.5
142
136.75
129.5
81
67
67
70
97
65
140
133
100.333333333333
109.5
115.19298245614
94
140.5
146.5
87
135
124
134
55
128
70
146
114.666666666667
34.3333333333333
131
140
122
143
72
141
136
103
137
113
86
112
137
141
141
84.5555555555556
120.5
101
110.5
128.909090909091
143
126.5
143
129.5
140.666666666667
140
93
126.333333333333
127
144
97
60
81.75
92
134
111
29
108.5
135
95
114
65
64.6666666666667
148
63
60
77.3333333333333
90
123
111
110
140.5
140
50
139
95
124.5
98.75
97
139
76.5
68
39
143
110
46
129
47
135
110.5
135
104
142
102.393258426966
76
136
143
103
55
140.166666666667
140.666666666667
97.6875
100
59
138
130.5
107.040650406504
86
92
27
70
130
134.5
129
143
130
115
131.8
85
142
143
134
73
87
144
99
95
117
127.833333333333
56
139
88
140
111.5
120.666666666667
73.25
118
122
107
66
138.5
139
110
140.5
140
138
98
75
79
114
137.5
101
133
112
140
142
136
139.333333333333
124
129
82.2307692307692
91
133
139
126.2
139
141
112.6875
141
61
125
78
86
114
104.333333333333
134
140
83
74
139
37.8
103
103.2
137
101
115.25
146
114
123
105.5
140
137
66
129
145.75
141
149
143
134
119
103
86
110
140
44.3333333333333
117
140.133333333333
129.339108910891
97
142
112
118.714285714286
62
93.2
140
64
49
140
117
140
143
98
113
133
139
94
143
104.3125
103
122
73.5
140
132
115
65
81.9285714285714
92
119.5
118
145.5
141
134.488372093023
139
137
92.2117647058824
35
91
135
141
72
111
81
125.5
101
97
106
126
140
140
137
141
140
93
95
137
134
133
98
145.818181818182
136
146
90
76.5
86
137
133
125.25
102.296296296296
127.5
91
40
142.25
99.6666666666667
123
133
147
118
128.559459459459
112
139
84
58
98
140
91
152
73
132
125
139
122
136
131.333333333333
119.5
128
138
145
126.49
101
82
74
140.75
147
99
132.67
144
76
89.5
134.5
67
73
139.5
38
107
44
140
115
140
113
129.913621262458
89.75
76
100
64
102.427329192547
142
139
117
113
32
45
87
138
90.589552238806
65
143
145
124
133
62
101
139
141
132.04
80.0870967741936
114
149
139
125
93
132
139.5
91
139.1
84.5
117.272727272727
111
142.916666666667
123.385964912281
121
39
99
140
76
135
132
122
140
94
147
94
137
72
127
143
88
110.5
68
71
100.696428571429
125
78
140
117
139
50
133.126103404792
140
142
140
88
138.333333333333
131
74
139
140
141
143
99
78.2
147
78
136.5
140
104
68
124
85.6666666666667
140
128.333333333333
99.5
140
58
117.32044198895
138
144
37
105
140
147
123
144.5
131
96
122.5
140
116.5
137.5
94.6666666666667
45
73
94
89
38
139
143
139
81
106.573770491803
73.5
139
144
137.833333333333
142
127
134
104
97.3333333333333
91.7923771313942
140
111
103
134
80.3181818181818
36
140.4
101
95
119.083333333333
85.3454545454545
51
137.333333333333
141.5
110
76
93
140
76
98.8636363636364
136
123
142
109
141
140
140
102
137
112.885826771654
141
136
93
101
92
135
79
114
124
80
132
97
123
108
103
81
140
141
138
130
132.5
102.5
133
118
141.392857142857
38.3333333333333
119.5
135
109
113
135
67
130
83
140
89
128
107
113
145.345238095238
140
139
123
111
80
107
147.5
107.116927260367
139
128
119
101.7
143.5
114.832298136646
83.3212996389892
132
139
139
80.5
95
116
87
141
141
140
139
82
127
141
50
77
129
139
122
134
143
111
133
71
113
44.5
59
97
143
139
60
140
84
120
66
140
140
140
122
130
136
81
125
39
140
139
120
141
137
109
127
136.034482758621
147
138
137
101.135371179039
144
69.5
137
125
93
139.829268292683
68
137
67
84
100
59.5
115.217391304348
114
47
60
119
140
111
141
123
137
146
86
108.5
106
95
80
96
144
114
140
111.25
87
80
139
53
65
147
140
140
95.6
139
132
144.285714285714
140
104
140
54
139.5
143
94
115
89.5
69
83.6666666666667
142
128.625
124
131
119
125
124
137
94
126.5
119
77.2
136
139
126.571428571429
118
145
86
63
78.1666666666667
59
65
112
123.333333333333
119.5
112.5
92
140
128.5
113
109
85
115
129
103
103
96.2278481012658
79.097966728281
84
137.5
137.5
105
141
139.333333333333
134
99.9645070422535
52
109
70
86
117
80
123
67
88
109.5
129.686567164179
124
84
139.333333333333
131
109
27
65
133
126.634328358209
140
127.5
57
123.105769230769
46
109
140
111
70
115
130
79.5
124
130.987046632124
124
139
144
141
119.5
137
139.5
78
91
143
141
76
127
135
52
133
138
129
76
140
135.666666666667
127
109
100
107
69.5
143
89
72
118.071428571429
142
108
116
63
142
130.777777777778
139
130
50
138
134
142
143
140.333333333333
105.846982758621
136
136
57
137
119
133
139
138
92
119
126
135
135
111
115
105
107
138
139
52
137
128
142
113
141.666666666667
105.666666666667
143
138
142
129.409090909091
106
120
100
66
131
149
119.154545454545
109
82
140
110
117
69
111
105.5
127.4
121
137
146.5
88
90
139
67
138
126
126.535014005602
82
138
142
117
139
83.75
98
35
101
150
139
125
124
138
119.75
123
64
140.111111111111
143
125
104
77
101
128.5
140
107
143.5
127.5
108
140
136
57
64
70
140
61
64
143
60.7647058823529
94
110
131
135.5
123
126
101
134.625
117.058823529412
116
105
115
138
119
127
140
103
140
95
145
43
95.3333333333333
127
117
71
124
50.5
104.5
89
98
46.5
56
110
71
137
136
124
144
94
125
69
141
41
104
123.5
91
136
141.333333333333
142
123
113
43
147.333333333333
83
123
138
138
141.666666666667
143
112
69
135
133
91
125.571428571429
113
114.312252964427
148
94
73
58
142
92
97
119
72
116
138
138.8
141
66
141
121
118
140
119
52
140
140
134
139.5
116
33
144
130
140
57.5
126
139
82
126
137
136
140
139
139
132.082568807339
131
142.75
143
138
103
143
84
111
85
106.071428571429
141.333333333333
119
99
105.5
108
135.192052980132
112
69
133
90
137
82.5
95
114
113.5
100
98
106.5
77
142
72
122.5
107
102.111111111111
96
37
64
40.3333333333333
131
110
106
111.333333333333
136.333333333333
139
133.969916064157
118
100
123.5
144
56
136.4
103
104
139
93
140
106
100
117.303157894737
141
140
132
99
140
129
144
144.5
145
141.5
140
61
85
144
77
89
134
137
89
112
136.5
130
101
82
99
68
148
132
52
134
101.423728813559
142
140
129
140
83
125
130
45
143
132
118.833333333333
107.074074074074
119
103
138
138.5
135
93
80
133
122
128
45
139
104
79
136
123
28
132
136
135
122
119
58
139
143
118
133.333333333333
73
143
58
139
49
139
130
143
132
81
113
110
136
89
115.69921875
137.5
124
102
69
120
97
139
137
123
140.571428571429
105
129
118
48
62
100.8
94
22
70
75.5
100
122
136
76
140
107
124
90
50
91
133
133
69
140
136
138
101
143
108.923076923077
117.5
131
141
137
66
139
116
140
102
113
92
150
119
108.5
89
146
142
118
123
104
92
144
85
96
91
133
81.6666666666667
138
88.5
140
142
131
103
137
111.5
139
140
138
146
134
88
63
147
111
141.125
54
140.982142857143
142
105
89
143
57
118
134
123.666666666667
87
107
98
133.5
61
127.666666666667
117.00243204578
134
143.5
114
99
100
139
36
142
118
123.5
88.5
110
85
77
81
114
62
92
79
110.872340425532
95
125.5
104
136
104.686567164179
142
135
142
144
46
123
129
140
130
98.0416666666667
140
137
139
140
139.666666666667
123.333333333333
99
121
147
139.5
133
117
117
43
141
143
85
136.961538461538
136.746951219512
136
134
143
130
115.5
106.5
86
139
136
74
58
137
145
120.309677419355
123
126
138
112.5
135
58
132
142
122.780296022202
89
81
141
56
133
95.0740740740741
117.814814814815
138
115
134
96.84
132
120.907488986784
54
139
127
101
137
141.649122807018
69
80
119
72
97
139.469696969697
139
96
117
117
135
111
70
64
116.869565217391
114
118.5
134
131
137
135
70.4
87
139.75
66
140
139
84
104
139
86
119
54
82.5
125
72
145
136
141
130
140
117
140
136.5
140
134
63
140
100
142
88.7142857142857
105
132
115
140
78
111.5
112
36
135.916666666667
111
138
145
105
126
138
38.5
138
84
66
143
140
56
127.666666666667
79.6666666666667
139.25
139
84
115
90
116
121.5
70
120.142857142857
134
116
140
101
107
71.5
142.305637982196
87
71
140.666666666667
88
137
79
142
140
87
129
143
47.4117647058824
81.0961538461538
64
83
87.5
141
111
138
134
144
82
147
64
139
138
100.587537091988
134
39
139.5
139
138
129
80
144
134
117.214285714286
137
102
111
140
137.2
67
45
72
90
138
85
140
77
140
106
120
71
130
141
78
134
143
138
51
138.5
106
140
84
84
122.25
138
93
132.56
114
45
125.5
85
138
102
34
139
71
36
140
108
84.6666666666667
67
106
68
104
143
53
119
141
140
138
145
109.24
62.3333333333333
142
140.5
65
116.915479582146
137
140
89
67
132
113
95.5
139
100.5
83.5
133
73
142
140.666666666667
138
121
128
142
123
129
133
134
56.5
108.666666666667
125.836666666667
139.333333333333
59
92
136.890909090909
137
103
138
81
109
94
126
100
131
136
28
140
51.5586854460094
68
83
147
38
83
129
101
126
133
101
113
79
141.1
34
40.5
139
111.814814814815
50
131
115
93
64
144
87
94.3333333333333
129
122
119
138
140
137.333333333333
138.4
139
144
134
146
80
121.5
118.5
147.5
100
139
115
112
140
92
93
112
66
112.222222222222
141
108
107.608695652174
113.666666666667
140
100
147
61
143
135
137
93
114.185897435897
94
51
117
122
136.5
106.5
131
94
51
101
133
134
115.081632653061
90
85
141
61
65
102
112
83
110
124
143.5
139
62
105.5
147
137
111.589743589744
112
129.5
132
109
138
26
130
139
107
117
80
67
143
55
140
106.25
140
84
139
134
89.8333333333333
146
142
133
75
132.636363636364
139
75
130.576923076923
111.117647058824
122.861111111111
141.333333333333
41
107
64
110
145
105.5
132
126
140
95
117
139
122
134
120
124
66
52
145
48
141
132
145
103
86
138
130
91
136
65
140
72
114
136
120.5
102
77
143
105
79
65
140
112
140
139
64
143
122
136
103
141
114.969696969697
31
141
137.5
94
141
100.5
111
139
147
114
82
142
109.666666666667
66
137.035714285714
100.28
135
91
108.5
99
92
93
137
135
105
143
92
137
60
107
130
45
140
137.346534653465
138
136
39.5
143
139.666666666667
138.5
140
140
135
136
78
88
131
57
63
140
138
80
142.675675675676
128.5
148
134.418604651163
138
110.5
52
89.1896551724138
111
148
140
113
95
140
84
135
65
144
128
140
143
140.333333333333
138
140
126.666666666667
122
75
82
139
94
120
99
101
138.708333333333
135
75
128
136
98
64
97
96.4230769230769
127
142.142857142857
132
134
85
115.192307692308
135.5
134
79
130
135
84.875
48
131
60
120
55.3333333333333
96
60
141
132.5
93
153
140
55
66
135
101
106
148
88
66
132
140
119
96.1219512195122
141
69
72
138
114
84
109
141
68
92
134
81
128
140
139
34
139
52.6666666666667
108
39.6666666666667
140
139
133.279761904762
94
136
99
120
140
137.75
51
151
130
74
77
101
93
140
52
123
142
90
140
138
122
133
77
117
114
124.444444444444
139
109
99
131
142
82
119
96
145
69
87
67
88
120.749267935578
139
119
130
140.5
137
74
140
139.052631578947
81
142
134.5
129
114
143
54
93.3333333333333
54
137.666666666667
114
87
143
78.6666666666667
124
145
134
135
58
62
107
91
136
128
63
143
139
145
94
59
119
137
136
137
97
110
143
142
113
81
133
82.8965517241379
137
124
91
141
79
141
136
142
128.5
124
146
122
138
139
133
102
62
80
140
135
114
139
97
50
70
143
142.545209176788
99
139
139
144
139
98
123
81
93
149.5
140
58
94
63
83
124
87
39
102
141
73
102.5
51
131
95
138
40
43
137
103
108.161290322581
142
124
140
121
76
93
132
100
124
123
132
118
137
112.5
118
84
66
112
116
117
71
88
127
126.168316831683
144
51
106
130.5
128
129
103
107
137
126
86
108
104.347826086957
114.4
132
132.375
145
75
94
97
144
118.445378151261
140
117.5
102
143
137
140
139
139
114
111.333333333333
136
44
109
143
135
46
51
118.746031746032
56
106
140
144
116
133
118
108.933333333333
139
138
75
116
139
46
145
140
113
123
119
126
69
138
141
140
95.4313725490196
143
139
97
108
125
88
113
136.666666666667
124
139
128
130
64
113
66.3666666666667
115
90.6666666666667
139.454545454545
95
97
104
145
41
141
37
96
104.5
90
130
92
112
112
56.8561151079137
96
73
75
140
89
117
131
139
140
117
137
135
138
132
139
84
139
140
139
127
102
137
106.5
122
132
138
92
91.5
92.6636363636364
56
122.675675675676
112
146
122
58
139
72.7358490566038
117
135
141
96
139
108
80.5131264916468
140.666666666667
144
127
59
96
128
106.333333333333
140
143
131
51
81.3333333333333
144
130
118.5
86.25
136
91.5
136
55.3333333333333
105
107
75
85
139
139
104
140
138
134
93
137
128
40
144
68
136
130
72
85
138
115
119
48
119
115
64
148
80
62
119
139
62
112
121
101
140
140
141
145.476595744681
140
72
145
73
138.5
93
81
117
138
144
76.9565217391304
75
127
54
140
134
115
98
127
126
135
106
124
135
129.638554216867
65
138
137
112
143
120
139
91.25
103
109.934210526316
65
140
88
124
27.5
93.0254237288136
55
142
107
132
89
140
87
141
92
88
81
92.6689930209372
96.6938775510204
139.45
82
82
142
131
139.5
135
119.756756756757
81
109
75
139
135
139
141.5
64
46
140
144
58
86
109.5
79
138
140
101
129
140
121
139
143
134
139
143.981481481482
85
109
104.6
48
97
97
137.5
123
126
116.666666666667
119
131
107
124
92.2134831460674
67
110
141.5
120
139.5
132
107.863636363636
81.5
128
96.2857142857143
142
100
92
125
139
107
139.5
86
98
137.5
140.036144578313
148
126
116
130
144
127
132
136
136
137
127
115.265060240964
143
54
112
49
92
139.433774834437
136
110.603773584906
140
140
83
140
69
116
138.553435114504
132
136
52
56
62
133
126
130
137
126
93
79
140
139.666666666667
141.333333333333
143
144
83
137
140
139
47
58
107
143
134.037701974865
140
80
145.5
93
72.7272727272727
76
43.5
139
102
128.302702702703
84
70
104
138
105
42
139
140
60
137
104
141
120
88.1927710843374
66
65
142
140
97
112
138.666666666667
76
54
133
135
92
108
143
46
134.055555555556
122
109
128
131.222222222222
84.9705882352941
140
87
66
139
82
141.166666666667
141
50
132
67
107
118
140
140
137
145
146
142
79
99
66.0909090909091
76
73
114.060171919771
90
101
150
139
121
135.5
138
124
65
139
106
87
102
87
136
79
101.876651982379
129
65
107
142
142
94
116.633333333333
139
133
114
50
111
138
107
104
98.9103343465046
172
60
96
86
139
86
135.5
111
57
113
46
128.432835820896
126
139.5
139
59
99
48
139
64.6923076923077
143
141
101.288209606987
142
55
139
84
109.763888888889
145
132
93.5
130
101
93
96
109
141
87
139
115.5
111
141
137
105
38
143
110
93
83
65
111
141
137
139
106
83
138.75
126
135
154
140.5
115
95
127
131.704761904762
115
121
112.5
137
143
136
96
117
141
142
111
119.8
110
137
119
59
107.5
139
94
140
90
129
135
131.063829787234
109
92
75
144
98
75
137
43
120
139
120
104
122
129
142
123
145
148
60.5
106
45
118
86
133
104
113
143
136
128
61
133
140
88
99.5
40
139
62
145
131
86
141
140
64.5
67
147
127
91
77
137
94
140
77
76
129
89
140
73
116
142
102
106
110
117.25
121.5
99
120
108
143
139
61
144
130
118
139
138
140
139
140
82
126.875
124
142
88
77
130
135.5
109.593548387097
144
117
139
139.5
130
67
127
142
99
140
75
101
111
129
141
119
136
119.460784313725
83
129
92
134
92.007747318236
144
132
142.5
112
135
73
138
115
139
88
139
92
111
64
96
108.6
106
118
87
64
139
137
127
117
121
103.5
58
72
86
115
130.5
139
137
136
143
118.5
139
139
64
146
136.5
107
99
65
140
142
64.6666666666667
122
137.5
126
104
51.5
130
140
134
120
43
79
76.6666666666667
85.5
100.5
139
56
135
140
139
81
137
132.568181818182
120
83
95.5
29.4
143
125
144
113
63
109
104
99
139
42
136
36
132
139
93
53
140
101
125.538461538462
112
122
121
92
138
127
113
107
143
45.3333333333333
125
96
54
139
128.5
102
77.25
116
140.769911504425
140
63
71
139
98
140
142.796116504854
114
93
137
50
140
139
58
136
73
134
139
134
130
41
128
138
94
69.5
95
129.428571428571
101
114
98
59
137.027586206897
125
139
127
121
98.1713995943205
87.5
127
118
136.5
112
105
53
144
137
137
113
95
137
132
74
106
133
143
139
125
92
140
106
131
140
127
69
117
89
111
144
136
91
73
136
52
131
123
144
59
120
48
110.170731707317
127
105
92
134
125
138
111
144
144
108
140
71
132
107.5
70
112
139
133.084302325581
126
121
72
143
139
87.5
98
53
105.5
137
94
140
140
122
115
85
67
128
86
144
132
106
127
140
65
128
137
118
105
48
69
112.4
56
140
140
135.428571428571
93.7926829268293
75
108
100
141.666666666667
121
139
139
69
148
144
137
137
115
89
104
148
109
122
135
119
128
111.579710144928
148
78
134
133
65
126
94
132
122
144
139.333333333333
146
138
57
127
139
141.373913043478
123
132
137
136
53
100
136
142
130
87
137
128
118
101.5
95
76
40.7857142857143
86
140
117
134
151
76
106
144
101
126.5
143
118
109.5
108
144
122
144
136
126
143
73
135
100.285714285714
137
130
140
135
105
77
137
49
106.352941176471
133
95
138
103
119
140
86
144
140
138
143
97
127
89
115
117.4
88
135
128
98
123
76
128
65
138
141
111
55
114
143
138
103.5
137.5
97
111
121.875
53
66
129
125
86
140
58
73
126
61
47
120.459016393443
98
135
139
138
144
146
54
125
139
92.5
141
139
120
126
57
45
141
140
128
136.5
90.5416666666667
41
109
121
83
125
73
139
71
143
127
124
53
31
54
140
102
98
146
101
133
134
145
133
75
81
91
59
128.622009569378
136
81
115
130
139
99.5
79
94.3484662576687
138
136
118.772727272727
88
144
137
136
144
133
55
91
139
138
124
50
150
109
137
136
136
48
138
137
54
108
101
129
70
73
140
98
56
131
51
139.5
91
70
36
140
138
141
136.824561403509
140
135
142
55
131
138.755813953488
83
75
137.666666666667
93
79
72
139
109.5
42
142
92
121
135
141.5
117
78
95
146
141
128
124
145
123
140
141
133.333333333333
139
73
60
70
125
140
141
132
94
115
97
27
124
55
142
121
142
72
92
127
84
145
63
132
107.5
138
117
136
140
88.6666666666667
70
112
104
92
119
142
128
100
36.5
128
140
115.5
117
134
139
141
137
90
92
90
121
139
77
148
113
104
141
104
134.666666666667
96
107
131
101
142.503875968992
140
93
130.616822429907
143.5
109
92
111
76
131.563636363636
132
79
140
77
139.521739130435
139
90
87
103
124.406779661017
123
128
129
136
98
48
85.2040816326531
143
140
140
122
51
124
90
131
59
67
128
139
147
116
129
78
102
80
140
142
31
131
137
131
128
134.945679012346
104
134
96.768115942029
105.666666666667
138
101
79
107
91
53
151
116
140
141
104
126
128
140.5
105
112
61
56
122
139
119
123.394736842105
130
131
76
73
143
99.6923076923077
90
144
116.293670886076
74
91
81
107
109
43
56
137.5
132
139
138
61
125
117
120
104
87
76
143
47
108
133.352112676056
113
141
93
137
137.5
135
98
80
66
141
140
42
87
134
59.2363636363636
78
80
133
69
71
132
63
125
140
139.712643678161
143
146
38
137
84
29
146
145
130
103
54
129
85
59
121
94
146.5
64
107.450331125828
140
144
48
125
128
104
38
97
62
29
110
140
101.666666666667
108
141
123
141
89
128
145
120
77
96
129
129
133
124.815642458101
143
114
127.444444444444
140
137
62
113
139
100
51
86
92
108.666666666667
74
105
116.195381882771
131
115.481481481481
139
64
140
135
137
105
136
78
89
147
87
139
119
131
69
116
121
53
130
137
142
140
144
140
138
127
75.5
119
92
116.979591836735
126
88
139
119
50
75
140
87
134
140
81
136
137
72
127
121
140
140
126
99
139.5
98
72
87
134
137
60
89
120
122
109
106
140
79
48
60
130
141
82
126
128
140
86
133
95
139
108
39
113
130
119
137
116
82
140
109
116.5
135
144
139
119
146
114
131
78
132
39
140
88
52
136
125.75
126.5
71.5
146
140
140
141
94
70
139.5
127.475712182873
27
141
138
65
135
89
94
142
44
118
117
135
141
73
139
120
90
106
132
94
79
90
140
122
115
144
127
115.545977011494
127
122
140
120.4
113
143
93
138
140
130
130
80
75
107.5
138
109
79.1395348837209
114
85
90
89.2894736842105
70
131
44
111.714285714286
119.5
79
99
118.854460093897
134
77
148
111
136
147.5
130
109
136
117
115
102
140
111
146
134
63
57
115
113
90.046875
81
88
83
124
143
140
136
113
109
115
128
116.479746835443
139
134
145
129
84
148
114
117
142.5
141
109
77
127
139
127
53
134
123
134
87
86
145
116
105
87
134
140
116
99
140
139
100
114
138
125
112.741304347826
106.925925925926
101
106
138
62
139
125
99.2307692307692
130
136
132
45
144
139
44
110
106
88
99
142
119.291891891892
116
65
119
76
119
113
85
93
82
105
52
108
92.0314960629921
137
70
121.857142857143
84
109
106.857142857143
70
112
143
143
48
140
103
108.6
105
87.5833333333333
123
84
100
140
139
79
127
121
121
126
140
145
141
139
125
114.666666666667
132
139
140.5
82
133
143
140
27
133.333333333333
141
72
145.105263157895
96.7323943661972
96
111
138
62
100
133
112
140
142
120
127.5
143
50
110.75
101.222222222222
99
139
98
141
126
58
118
108
134
143
116
145
58
140
131
44
131
122
85
113
94
128
132
138
134.909090909091
105
134
93
86
86
118.173913043478
140
138
108
27
121
88
38
104.5
66
140
143
67
143
63.5
139
126.75
90
102
140
129
134
37
138
56
110.5
111
65
36
112
140
69
78
138
140
135
128
94
139
140
117
96
147
63
95
87
140
105
123.5
142
112
78
138
46
110
96
142
119
90
103
80.2142857142857
142
149
130
136
106
140
140
142
137
136
100
134
75.5
134
134
93
151
132.5
135
139
139
146
105
78
121
59
67
138
142
139
141
111
110
66
139.5
142
107
112
141
105
132
129
125
138
134
36
134
115
105
100.444444444444
123
116
143
130
105
144
63
89
139
131
133
95
68
81
134
114
124
57
128
127
140
142
135
116
61
83
122
127
140
128
139
137
98
90
129
123
99
69
135
87
77
120
140
127
121.5
148
92
138
126
55
102
135
125.188679245283
102
63
112
140
100
134
76
138.5
113
86
69
89
136
68
136
42
60.5
133
131
139
143
127
69
128
139
79
138
144
118
143
141
138
98.2857142857143
133
139
109
99.5
126.849462365591
85
123
128
83
135
141.5
54
140
139
140
63
82
139
121.142857142857
139
125
99
110
144
133
75
124
140
139
104.814814814815
66
83.5
118
137
26
119
115
133
133
97
136
136
134
103
136
125
83
70
81
127
52
129
140
135
92
139
142
141
140
144
126
140
143
128.166666666667
73.5
94
101
123.8
118.2
88
138
126.37962962963
143
110
136
104
131
138
120
125
128
143
139
141
59
132
96
42
127
106
96
118
100
47.0714285714286
124
89
57
133
102.238095238095
89
99
136
136
96
142
119
113
88
140
121
128
142
96
138
124
100
122
111
110.5
136
85
78
140
56
86
137
78
139
74
97
43
116
146
135.077586206897
90
139
118
61
136.636363636364
82
107
123
88
123
68
52
112.4
140
140
80
141
98
140
99
126
113
133
160
137
114
97
104.6
138
139.5
146
101
140
85
141
116
48
139
143
136
134
143
138
132
144
139
71.5172413793103
141
56
97
56
134
116.333333333333
136
109
134
95
128.666666666667
69
139
70
105
138.5
141
101
138
88
101
56
137
89.0909090909091
137
81.5
124
147
140
143
126
144
137
117
57
135
139
122
130
66
127
111
130.090909090909
140
142
105
94
89
143
104
88.4772727272727
61
135.666666666667
93
72
138
107
104
131.5
80
128
117
47
95
138
144
139
113
133
61
137
139
113
107
107
80
69
60
134
140
83.5
142
113
95
117.5
83
110
114
115
134
140
139
140
121
135
125
140
95
111
123
130
117
65
137
122
110
80
143
101
74
131
56
99
68
138.666666666667
139
138
127
75
75
102.5
104
119
139
135
78
123
63
140
145
56
130
95
132
65
124
128.7
126
110.333333333333
143
133
140
124
93
123
141
114.528455284553
107.106444605358
114
116
136
113.666666666667
134
54
127
63
104
76
140
143
138
140
67
173
60
104
116
121.666666666667
110
138
128
67
142
130
131
95
79
90
76
88
105.428571428571
90
118
143
76
108
67
125
93
145
133
76
121
140
132
142
75
134
86
141
143
59
150
69
74
141
134
141
141
130
47
139
139
107
142
122
140
88
126
133
130
86
141
115
142.225
103.444444444444
26
84.5
104
147
113.189189189189
112
121
137
139
127
86
135
135.697050938338
143.5
49
58
106
91
70
136
143
57
81
140
137.5
140
63.6666666666667
52
109
123
110.475
122
71
118
111
149
125
130
111.8
124
66
134
117
126
141
137
127
106
140
140
80
127
139
109
69.6896551724138
140
140
55
79
97
79
143
140
89.7826086956522
114
137
108
142
132
118
125
66
127
113
140
141
144
136
92
144
150
95
120
129
130
131
148
122
94
144
133
76.6379310344828
140
139
139
55.3333333333333
139
139
117
102.617647058824
140
135
137.5
62
126
69
77
112
72
142
93
46.1
129
95
104
131
93
135
84.4285714285714
83
134
139
95
138
91
124
99
141
65
85
121
139
146
130
100
138
88
139
127
115
82.5
136
115
88
111
143
86
122
66
138
86
135
138
128
106
113
122
140
65
141
140
139
140
134
68
137
111
139
136
123
51
128
90
142
49
149
91
116
121
101
134
140
138
112
63
140
137
100.238095238095
104
135
90
93
98
137
140
133
98
140
76
120.736842105263
74
139
96
142
54
141
138
54
140
75
52
87
103.728155339806
81
148
130
96
54
80
94
110
82.3869760479042
109
135
72
114
128
83.75
126
109
143
137
140
44
143
123
143
121
140
123
146
112
122
122
139.981455064194
138
147
72
103
144
129
141
142
143
127
140
46
53
127
66
109
141
137
105
74
120
133
120
72
139
143
85
149
131.374844333748
75
87
121
138
129.181818181818
126
77
141
73.8
87
49
120.5
65.3529411764706
115
127
139
102
143
134
92
114
142.666666666667
88
70
81
143
75
140
142
141
111
77
143
121
130
132
136
140
103
122.8125
130
84
99
135
101
108
138
101.1
140
120
129
144
139
105
121.529411764706
75
106
138
92
69
68
76
139
83
93
136
125
61
133
139
144
132
126
84
67
143
140
52
138
103
121.5
140
136
66
140
93
100
108.857142857143
139
142
57
137
129
79
63
118
115
123
89
142
141
70
115
112
143
84
109
134.048780487805
128
131
49
72
130.5
147
140
108
131.2
122
86.3765060240964
131
53
145
70
135
95.5
120
129
141
63
93
55
135
137
74
69
96.6
122
115
38
153
50
137
124
96
142.591304347826
143
127
135.704225352113
33
91
120
137
136
120
111
136
120
81
125
144
111
132
108
115
141
28
76
59
120
77
63
142
85.9375
117
136.351648351648
99
66
141
98
88
96
130.295238095238
98
139
90
74
47
137
117
140
76.9333333333333
95
138
138
124
130
119
135
47
131
119
72
75
140
96
140.212765957447
140
124
97
127
124
134
140
62
139
82
66
146
88
100
139
111.25
74.5
119
137
87.5
139
93.3191489361702
132
138
140
145
50
142.5
114
131
132
137
144
43
111.333333333333
140
140
84
59.8571428571429
72
137
111
128
46
70
135.5
140
120
138.19018404908
142
134
52
59
108
114
105
98.3333333333333
67
136
136
84.15
138.1875
142
81
93
141
101
121
49
143
124
99
117
139
111
116.611111111111
138.321428571429
124
140
119
112
131
128
96
139
123
140
82
119
77.5
64
87
115
140
73
139
75
107
139
116
134
127
143
139
98
122
35
146
71
93
64
73
59
148
102.75
67
138
107
137
141
107
143
55
73
136
130
85
143
94
133
122
98
131.773430250541
96
95
106
123
131.367647058824
143
145
128
81
123.6
114
131
86
137
141
133
120.555555555556
97
93
88.6666666666667
82
140
53
134
139
135
99
91
135
127
138
140
136
95.551724137931
139
138
102.333333333333
39
144
142
126
140
103
113
134
97
75
49
74
139
136
133
140
130
147
142
121
114
108
100
81
133
105
91
139
85.7272727272727
141
144
80
135
112
115.571428571429
85
131
72
138
100
117
110
82
103
140
143
102
121
119
132
141
124.5
105.027027027027
139
111
80.8260869565217
64
83
112
98
135
101
144
113.95867768595
115
97
133
138
139
51
84
140
134.360902255639
115
79
139
122.769230769231
117
149
141
138
123
125
146
50
70
131
130.888888888889
140
69
109.666666666667
139
117.136363636364
140
133
134
112
90
98.7142857142857
71
54
134
132
141
115
94
144
154
129
139
133
138
137
79
138
127.875
55
126
140
63
146
131
135
102
104
146
67
58.2857142857143
78
111.9
107
103.75
95
107
136
93
134
98
115
112
134
111
97
78
86
92
90
116
36
83
140
84
146.5
146
98
143
106
92
143
141
138
58
132
48
66
152
135
128
128
125
138
126.068493150685
82
90
121
119
76
103
117
134
124.166666666667
140
140
112
154
135
133.365231259968
140
114
86
138
149
129
139
112.565573770492
57
137
96.3508064516129
85
58
131
138
68
113
46
100.729166666667
143
140
93.5
117
139
96
139
137
139
128.953488372093
93
108
138
133
60
136
109
108
111
130
101
128
122
141
85
143
129
65
101
85
132
134
94
139
81
150
139
73
60
121
140
133
100
114
127
74
139
113
129
103
139
100
104
85
74
138
117
124
85
58
136
128
99
130
68
139
54
121
137
80
88
146
137
140
66
129
117
94
84
37
50
93
140
138
141
137
120
139
139
113
132
141
118
91
114
102
95.5734989648033
138.5
58
139
71
135
74
133
130
134
108.5
130
68
96
72
139
110
126
117
105
142
81
83
140
138
140
81
86
137
117
129
140
138
97
124.653846153846
90
76
31
85.2608695652174
75
105.894736842105
140
140
47
99
68
76
101
106
101
78
128
122
123.567567567568
85
49
111
57
140
113
72
106.725352112676
138
141
54
47
130
53
143
106.97972972973
135
140
118.447154471545
79
60
142
52
137
142
138
71
140
96
36
124
93
106.657894736842
138
125
96.4285714285714
140
67
42
99
100
67
140
74
140
81
137
107
64
100
80
73
75
140
79
117
138
140
68
101
87
138.693617021277
134
135
142
105
61
124
92.936170212766
140
118
111
120.25
30
107.982142857143
124
100
135
70.6086956521739
133
96
140
138
110
113
84
121
138
120
93
136
90.5714285714286
128
136
107
142
143
58
93
54
76
107
61
143
42
83
127
123
136
83
140
111
119
118
142
124
137
112.3
114
138
87
101
134
138
142
137
140
111.32972972973
121
144
77.8235294117647
139
124
94
139
110
90.4
124.5
141
136
67
143
138
69
140
98.5
70
108
139.5
80
137
137
118
109
128
139
56
122
138
81
73
123
140
143
141
105
80.5
133
134
141
89.6666666666667
119
140
99
141
140
138
142
66
138
111
104.547619047619
76
80.7096553298334
139
99
144
127
138
99
76
42
128
139
101
103
100
100
93
48
140
103
94
140
136
137
139
140
139
144
92.2857142857143
133
125
121
140
121.158192090395
130
144
133
139
143
90
147
140
108
138
140
110
125
127
127
140
121
100.333333333333
104
47
77
141
111
122
120.5
101
138
139
107
143
155
99.5
91
146
88
127
140
107
130
110.6
43
112
97
104
94
76
133
128
103
54
145
138
131.886363636364
118
131
40
108
71
68
130
110
132.339130434783
143
143
140
127
107
137
119
139
44
145.749774571686
90.4
138
141
135
93
74
76
134
91
138
137
137
139
141
107
86
39.3333333333333
125
140
143
139
140
140
123
76
132
110
139
52
90
62
97
85.5116279069767
140
140
52
118
97
94
142
104
138
114
79
139
140
140
47
144
137
77
117
65
112
148
112
123
99
140
138
144
101
140
137
137
123
36
107
109
122
141
103
134
77
140
69
129
130
68
59
93
112
107.439393939394
97
129
125
82
145
75
64
129.0625
82
139
121
138
146
131
95
131
137
69.6873508353222
54
141.554794520548
111.84
130
136
143
108
116
84
139
103
119.5625
134.333333333333
96.7575757575758
100
54
111.769230769231
140
87
136
75
99.3571428571429
137
131
80
119
116
127
136
79
116
73
142
141
60
66
76
86
90
137
102
122
56
109
136
115
106
100
143
143
118.5
68.4137931034483
56
52
68
138
136
123
65
140
97
72
105
72
138
71
85.2151898734177
137
68
134
89
129
140
77
148
138
130
96
89
114
134
142
132
141.6
93
74
95
82
96
42
138
135
139.737288135593
137.515151515152
131
140
78
126
133.058441558442
57
53
140
111
103
139
140
132
97
143
131
131
101
81
122.535714285714
121
140
139
140
132
105
130.223076923077
144
33.6666666666667
98
132
141
121
142
108
112
119
60
147
128
71
125
121.388489208633
105.513157894737
145
85
142
50
107
66.5
93
138.657894736842
91
70
138
96.7727272727273
140
139.615384615385
46
99
130
90
127
28
113
133
139
102
97
99
137
115
126
59
139
101
111
127
92
113
133
139
129
137
137
144
71
143
93
108
90.7058823529412
96
81
139
143
97
123.952267303103
100
73
75
80
122
120
146
103.714285714286
97
139
122
62
120
111.830508474576
136
84
63
109.5
116
145
138
140
128
137
134
58
123
89
112
128
140
47
130
93
142
141
140
141
107
117.4
139
55
102
134
90.2980769230769
61
56
43
102
123
141.6
115.65
134
110
121
84
114
101
148
63
125.944444444444
67.5
115
142
142
142.571428571429
143.666666666667
148
84.25
121.833333333333
96
137
88
108
103
89
139.666666666667
25
117
139
149
144
143
119
129
145.933333333333
78
107
120
73
81.5321100917431
80
82
79.3571428571429
138.4
121.260162601626
117.064516129032
136.416666666667
125
112
56
140
93
112.5
143
152.666666666667
98
143
139
111.333333333333
77
116.5
121
94
72.3076923076923
83
103.833333333333
143
117
156
112.818181818182
132
84
89
140
105
81
112.666666666667
85.5454545454545
97.9555555555555
101.85
135
138.5
99.2272727272727
127
94.037037037037
139
140
126
80.5333333333333
112
130
127
138.5
74.5
140
93.303738317757
121
143
109.358288770053
147
115
113
127.5
139
79
87.2903225806452
130
93
123.214285714286
147.2
94.3361344537815
82.7375
143
87.5
60
98.1428571428571
79
118
150
67.5384615384615
112.666666666667
114.5
88.6666666666667
141
121
135
70
86
96.5
138
131
141
122.5
127.333333333333
88
140
136
149
49
139.5
119.5
129.4
82.4090909090909
100.809523809524
80
140
60
85
138.75
96
86
123.5
73.5948275862069
90.5428571428571
75
135
58.4
101.608695652174
132
121
134
80.4
122.5
140
77.5
55
49
90
84
103
137
101
118
97.8363636363636
105.315217391304
134
105
131
111.5
139
93
66
80
123
131.333333333333
111
137.666666666667
77
55
106
114
128.5
125.622222222222
131.830882352941
100.5
67
101
143
88
128
142
87.1573033707865
81.0070921985816
137
90
134
85
133
112
122
128
135
43.4444444444444
132
121
141
103
128
144
64.5
126.5
134
62.375
144
96
131
131
140
103.25
120.5
57
142
62.48
128
131
139
89
99.5
136
101
125
136
90
61.5151515151515
83
88
63
143
128.5
82.5
50
114
85
56
107
144
139
135
147
119.837037037037
131
108
92
139
103.5
83
62
126.420289855072
50
100
106
103
132
94
84
124
122
59
131.882352941176
87
140
82
70
89
109
127.333333333333
95
119
143
94.6016949152542
74
107
101
89.9433962264151
79
99
138
118
128
109
86
78
132
90.5416666666667
113
81
64.21875
142
127
85
83
113.666666666667
140
77.3333333333333
126
86
118.666666666667
134.296577946768
49
141
74.5
130
134
72
97.5
40
123
70
102
131.5
139
134
59
143
80
104
75
122
73.8823529411765
92
144
84.2840909090909
110
127
86
144
78
155
117
84.9655172413793
47
98
140
120
68
119.5
140
97
98
99
135
88
120
72
106.6
135.55
117
130
134
122
104.333333333333
90
128.750099166997
152
118.727848101266
123.976019184652
113
102
128
72
100
138
86
103.347826086957
89
100
64.1363636363636
137
73.5
90
104
141
98
140
103
127
67
135
90
121.277777777778
138
63.6944444444444
119
56
122
136
139
136.012376237624
88.7692307692308
132
136
129.814814814815
128
71
118.450704225352
117.5
140
30
62.4
129
109.666666666667
102
143
140
20.7142857142857
142
76
130
75
17
82
70.0833333333333
143
52
103.428571428571
109
118
76.5
141.142857142857
125
122.888888888889
116.333333333333
55
136
78
135
118.909090909091
111
22
74
135.617021276596
84
136
135
19
138
88
101.222222222222
56
129.4
97
129
109
84
43
136
32
45
139
136
140
40
138
100.333333333333
90
140
105
123
135.466666666667
135.555555555556
138.125
143
122
126
131
140
53
70
99
102
140
134.111111111111
111
95
118.68
88.5
112
62
113
98
136.333333333333
77.5
117
29
136
82
101.857142857143
110.75
114.166666666667
89.5
80
98
83.6666666666667
143
105
141
140
28
140
64
134.588235294118
132
138
136.666666666667
78
111
136
46
134
137
105.166666666667
138
68
138.5
62
130
140
98
107
39
125
140
58
94
148
47
123
115
96.4285714285714
133
100
43
110
95
136
64
26.25
38
68
86
94.049504950495
136.5
136.333333333333
138
120
70
116
129
113
129
44
90
63
138
94
105
140
140
56
137
75
96
119.461538461538
141
100
51
114
47
136
36
99
80
74
79
123
119
143
69.75
68.1428571428571
105
87.7142857142857
92
73
49
81.5
51
109
131
89
126
124.951219512195
139
136.5
120
137
120.5
94
138
92
121
60.5454545454545
101.744680851064
89
135.727272727273
78
139
140
83
121.666666666667
121
54
65
141
96.6666666666667
136
117
132
126
93
29
136
139
139
73
42
140
64
61
116
98
120
108
58
140
55
131
59
65
138
105
75
136.7
103
136
136
104
134
70
52
139
135
125.5
92.5
98.7821782178218
139
109
109
84
124
78
68
129
100
133
101
55
88
125
31
135
30.5
72
127
114
123
80
55
110
129.5
134
134
101
94
113.5
32
33.6666666666667
77.2857142857143
82.6666666666667
64
122
24
67
140
140
111.5
140
64
132.5
68
79
79
110
73
142
139
131
129
20
53
57
140
109
116.666666666667
48
101
136
103
97.3333333333333
104
96
70
79
124
73
87
111.25
52
113
140
61
107
90
105
77
44
131.5
119.823529411765
136
139
62
40
134
130
97
125.666666666667
137
106
118
136
70
133.5
36
104
132
99
107
114
97
105
84.5
111
135.5
109
133
131.25
102
128
123
141
112
136
112
61
31
139
55
112
122
106
113
20
111
45
76
73
59
72
56
78
135
140
112
25.5
65
129
69
116
134
138
102
114
140
53
140
57
140
95
140
71.6666666666667
136
100
137
120
117.5
108.293650793651
140
110.166666666667
130
136
101
112.5
71
136
108
44
23
129
68
120
139
130.698529411765
104
76
133
111
84
138
134
81.5
138
136
101
138
137
114
119
130
105
138
18
70
96
138
138
134
138
140
140
65
105
116
68
44
73
110
71
109
136
102
94.5
138
59
131
36
54
42
24
60
45
137
137
37
63
45
71
138
144
139
139
103
109
122
56
84.5
64
127
72
52
114
134
140
121
120
93.75
130
101
48
95
139
70
57
136
97
120
132
153
125.6
139
136
136.5
125
123
58
137
77
120
117
131
69.4871794871795
87.8571428571429
47
136
139
127
99.5
83
97.5
58
96
61
102
136
57
23
129
139
136
126
85
104
126
139
113
101
94
138
137
84
39
96
78
62
135
35
84
23.5
120
134
66
31
22
84.3333333333333
140
25
137
20
66
80
93.2142857142857
136
138
55
109
63
120
89
104
86
68
131
98
32
137
137
90
59
129
90
119
93.5454545454545
129
101.6
36
64
143
77
121
115
99
45
136
105
140
68
137
124
99
62
140
132
75
125
91
124
56
36
35
140
92
49
70
87
142
116.5
69
53
28
74
103
95.7142857142857
132.8
110
139
76
14
105
135
94
116
31
136
62
138
47
130
132
47
75
42
50
103
42
138
137
124
126
138
144
54
59
108
119
23
52
135
127
136
63
141
113.185185185185
66
47
138
133
78
95
111
100
126
136
90
84
128.666666666667
94
139
72
140
135
89
75
42.5
136
19
120
74
120.58273381295
140
138
60
103.166666666667
77
65
119
97
26
122.666666666667
114
44
135
137
139
125
148
83.5652866242038
57
122
123
39
107
136
132.5
114
37
136.5
26
59
75.3693181818182
135
49
54
120
29
95
134.5
84
136.5
42
50
35
97.3
48
67
86
137
85
44
100
73
53
73
57
28
138
136
125
80
83
133
129
106.166666666667
135
113
63
72
106
106
131
140
131
136.5
58
40
109
24
23
56
125
76
85
109.5
74
67
103
140
89
137
38
139
100
118
130
128
124
129
57
103
140
139
109
101
65
136
81
70
93
130
102.022900763359
45
136
143
89
76
102
54
139
77
63
47
53
94
89
116
138.25
124
19
115
135
139
58
40
122.5
135
97
92
125.5
59
103
102.5
77
85
47
74
67.5
125.75
121
137
108.5
107
111
137
139
117
138
71
57
27
98
104
62.6666666666667
42
134
122
135
70
26
39
106
131
140
62
112
54
112
95
57
137
131
142
107
140
100
58
140
113
108.5
137
138
84
143
129
130
70
135
131
134
122
72
139.5
43.5
129.166666666667
125.285714285714
70
54
61
140
140
86.5
40
60
69
97
136
134
72
141
140
95
103
118
77
41
139
30
132.714285714286
132
105
52
140
110.5
109
138
20
134
136
108
97
137
68
100
125
37
140
138
125
134
41
101
137
125
145
137
121.5
139
137
112
43
135
136
138
106
132
128
43
140
124.333333333333
139
137
51
121
138
29
91
140
88
112
120
136
57
59.8
140
63
27
111
115
132
140
100
113
124
133
110
143
136
48
137
48
82
133.625
139
109
42
137
135
84
113
118.5
133
138
73
90
110
69
47
101.333333333333
120.833333333333
84
36
52
112
108
97
80
107
64
122.895765472313
142.666666666667
115
38
71
78
119
78
31
136
143
89.5
75
140
34
128
34
54
86
50
21
47
105
131
39
89.3333333333333
132
115
32
80
143
136
130.5
71
134
143
51
65
90
29
140
140
52
114
139
86
53
59
70
125
89
139
32
105
135
112
92
140
56
126
133
63
110
114
89.5
42
136
128
101
90
117
99
32
91
125.5
21
111
83
54
51
135
94
138
140
46
84
21.3333333333333
78
134
143
131
74
57
139
95
30
43
140
80
140
36
106
32
141
104
54
129
23.5
56
46
81
86
91
41
95
140
101
136
93.3605220228385
134
49
100
126
137
118
41
89
136.137254901961
68
39
108
23
96
110
71
55
138
57
65
53
132
84
30
85
30
136
100.25
113
118.322580645161
92
136
136
121
136
67
98
45
131
138
98
89
138
33
132
81
139
36
87.4507042253521
59
140
140
68
137.602941176471
135
54
69
134
144
108
57
136
92
133
100
140
111
114
139
103
57
95
97
75
108
58
136
16
104
130
94
128
136
133
16.5
82
68
74
108
53
57
113
114
59
63
46
82
95
76
55
135
138
106
137
127
70
45.5
104
103
113
78
126
116
69
77
137.076923076923
54
115
139.5
87
94
147
105.985507246377
28
114
57
139
42
34
138
75
134
100
97
37
100
89
69
28
124
26
110
34
141.5
112
117
62
100
127
87
78.3333333333333
99
137
129
89
79
97
65
93
137
140
75.3333333333333
78.5
134
57
133
134
129
113
95.6666666666667
130
84
112
138
139
59
101.5
136
78
120
135
32
82
136
55.025641025641
106
133
138
87
119
27
39
136
129
115
136
133
100
107
80
76
85.5
126.5
140
86
135
70
90
50
120
135
130
128
76
79
44.5
128
55
131
138
143
135
75
138
61
124
70
74
54
94
92
52
95
46
126
111
79
104.5
63
134
113
126
134
135
126
104
138
128
74
62
124
133
91
106
96
140
105.666666666667
137
135
138
95
123
92
74
101
106
111
127
84
48
138
127
134
58
136
142
138
139
56
135
67
131
15.5
102
87
122
127
137
138
140
135
119
56
135
77
92
68
106
121
73
13.6
81
29
80
64
140
116
106
75
122
102
53
138
83
107
60
138
76
30
134
138
116.428571428571
45
61
144
110
59
101
107
103
41
116
84
128
140
66
136
52
116
75
99
131
104
61
133
136.5
87
122
87
139
85
116.728813559322
135
140
35
50
79
138
115
98
135
78
94
115
137
123
86.8857142857143
38
91
119
100
104
103.18407960199
118.714285714286
30
138
131
135.75
138
134
97
17.25
69
138
116
63
137
134
125
132
138
54
136
115
128
104
82.4
105
51
47
91.5
58
136
115
60
62
134.5
118
139
130
113
85
85
142
101.333333333333
102
40
135
123
58
54
108
83
135
123
140
31
134
140
19
44
144
74
122
131
113
138
133
124
71
73
65
68
122
139
81
110.166666666667
132
33
140
74
138
82.6666666666667
139
66
134
62
138
119
143
55
71
43
53
141
85
136
120
137
30
140
80
123
78
21
86
123
140
139.5
48
132.5
136
126.5
52
36
135
93
115
38
129
133
135
114
139.5
132
55
137
123
130
137
103
89
43
88
136
89
118
137
62
84
78
88
56
109
138
59
71.5
140
130
95
123
24
34
124
78
133
41
94.5
68
138
94
59
138
134
140
134
139
72
137
33
101
49
139
60
58
137
89
26
40
124
139
157
70
113
24
98
139
45
132
25
71
96
88
163.666666666667
83.25
39
67
130
84
139
139
101.333333333333
112
61
74
61
124
64
86
108
122
90
60
114
88
140
140
132
122
138
86
135
60
39
140
59
58
107.5
140
135
138
78
85
75
106
45.5
85
67
143
134
119
108
35
139
80
109
29
118
125.5
68
64
138
131.62
37
109
26
37
143
120
74
66
87
79
109
106
124
140
71
23
111.434981684982
67
128
64
62
131
95
58
37
73
92
97
117
73
109
139
64
46
191
136.333333333333
105.625
134
141
124
56
35
136
120
79
128
29
139
130
106
64
125
35
118
106
82
92
123.5
139
110
89
132
55
37
106
133
50
142
34
34
122
59
136
139
140
136
132
140
128
57
57
30
133
34
139
71.5
39
140
50
88
127
91
67
137
64
65
101
138
68
43
140
140
120
127
36
93
56
140
140
137
64
42
99
51
34
148
108
104.5
86
19
139
114.022123893805
118
122
92
106
139
44
41
85
23.5
56
54
102
43
36
140
122
119
92
128
96
105
43
89
87
114
57
138
82
144
135
130
136
49
76
23
133
97
143
136
110
38
75
94
30
133
21
140
110.571428571429
96
96
132
19
86
87.5581395348837
91
125
134
140
33
144
70
95
33
80
82
138
64
101
130.333333333333
113
89
137
76
84
93.4
93
114.769230769231
30
109
143
53
58
61
101
140
76
76
64
131
116
74
26
86
140
35
133
109
35
66
92
109.5
124
125
61
71
140
126
130
36
108
46
91.5
57
49
135
126.62962962963
139
137
89
86
128
21
136
140
50
138
144
137
106.36170212766
74
46
119
126.52380952381
138
138
53
49
139
96
74
129
65
140
76.3157894736842
81
46
92
136
46
138
68
138
135
126
119
100.32
117
30
67
68
76
123
44
134
134
59
107
90
144
132
73
67
53.3333333333333
90
79
127
63
137
89
58
139
119
102.5
125
139
46
56.6153846153846
104
140
102
96.5
86
109
139
22
118
62
110
114
136
99
74
106
67
112
46
139
99
34
97
122
76
129
137
20
136
43
76
110
73
26
98
76
122
139
70.4
104
43
20
133
132
91
136
55
76
127
104
83.5
134
133
140
71
57
139
85
129
99
136
89
140
117.492537313433
116
19
137
95
29
44
57
140
36
93.5
64
135
126
125
96
76
134
137
138
49
90
85
34
140
130
136
123
133
140
67
72
29
78
136
54
136
72
73
143
140
111
57.5
139
136.5
95
141
81
19
140
135
102
51
63
134
130
99
78
144
92
134
59
81
144
111
61
70
136
135
139
87
59
100
98.1304347826087
40
43
53
30
95
125
107
50
136
58
137
131
111
134
106
71.6666666666667
34
48
73
120
25
83
34
70
135
32
65
108
139
51
133
34
87
137
66
140
138
124
63
137
139
136
68
83
49
48
50
92
124.666666666667
36
134
140
83
111
136
138
99
82
20.5555555555556
139
106.25
55
132
91
139
147
110
34
80
89
138
130
132
68
137
123
136.5
26.5
36
108
73
136.5
141
34
41
140
93
103
98
132
132
50
89
129
44
78
139
76
39
134
32
104.8
135
130
38
118
130
86
137
138
48
139
59
140
142
110
140
56
103
99
137
57
98
131
134.153846153846
137
104
116
70
120.4
119
93.1259842519685
129
86
84
59
140
56
126
91
63
50.7797101449275
99
127
116
138.5
34
101
61
140
100
121
82
83
140
63
121
131
98
74
109
28
138
58
138
64
111
136
131
130
59
103
54
140
117
137
102
55
61
107
140
129
137
136.5
139
92
58
78
129
102
134
132
136
48
113
134
126
138
141
49
139
104
135
115
140
72
133
85
51
100
114
103
139
138.5
112.287323943662
139
96
31
91
139
71
42
114
35
100
29
57
131
94
118
85
98
68
65
80
66
75.9444444444444
64
104
131
105
135
48
132.833333333333
61
131
120
40
92
58
133
83
140
139
110
78
74
22
54
23.5
139
115
116.652173913043
78
140
96
129
139.5
131
41
40
137
73
108.75
59
103
144
66
52
75
57
73
140
29
36
132
42
48
28
73
104
112.0625
52
61
126
188
51
235
121
107
278
196.333333333333
291
128
115
227
63
181
34
84
290
119
104
95
111
112
85
126
145
139
136
119
99
124
274
174.75
157
42
175
137
303
140
35
140
25
39
57
261
90
93
47
64
136
156
130
77.5
198
21
96
168
135
117
44
137
75
99
118
198
280
138
51
220
219
105
153
136
155
303
295
95.5
77
261
109
140
113
186
104
182
134
155.75
140
122
41
207
123
109.640625
442
50
167.5
136
293
250
137
69
89
137
193.941176470588
116
92
104
126
113
119
62
239
254
285
134
213.5
247
279
87
210
161
43
81
140
245
233
20
263
139
287
240
140
68
200
131
207
78
133
93
130
29
151
101
136.5
52
67
140
132
140
33
139
256
118
222.75
177
86
84
109.888888888889
126.162162162162
191
234.923076923077
226
107
142
114.3125
176
245
56
105
136
116
124
171
129
136
68
160
150
169
104
39
88
125
159.5
46
129
283
187
172
137
254
256
94
89
306
274
64
35
154
288
90
80.6666666666667
211
134
132
86
126
134
86
66
80
41.6666666666667
109
83
72
108
87
31
49
75
45
84
68
83
133
32
90
67
64
212.5
131
64
131
25
129
66
100
60
114
208
224
313
111
135
105.333333333333
138
137
39
149
274
135
139
132
80
210.363636363636
40
92
132
194
208
244.5
140
132
311
134
135
75
129
268
83
126
163.666666666667
187
321
103
5807
308
338
338
339
313
322
397
401
197
12525
167.666666666667
313
181
40
142
140
121
74
128
184
209
121
140
97
75
137.5
310
135
66
134
75
266
196
96
27
235.5
230
125
46
101
240
75
28
44
82
124
109
292
24
54
136
177
202.5
138
149.04979253112
98
221
210
188
258
131
136
132
140
135.5
114
62
68
124
135
317
95.3333333333333
130
56.5
137
126
138
32
267
114
220
190
432
128
140
32
200.666666666667
120
195
134
98
80
112
75
90
14812
157
253
192
211
130
179.666666666667
189
149
247
139
311
310
182.5
268.714285714286
321
202.586206896552
51
112
104.413793103448
136
136
249
65
49.3333333333333
228
279
217
124
134
126.5
88
139
159
55
103
63
227.611111111111
109
126
43
125
134
127
67
136
111.698030634573
138
91
152
192.166666666667
90
189
116
98.5714285714286
241
120.772727272727
83
145.4
229.666666666667
76
88
128
134
73.5
144
265
300
72
110
156.703703703704
52
72.5
135
110
139
67
129
104
135
265
106
81
48
192
36.5
39
159
211
135.333333333333
147
189
103
104
82
102
305
198
104
186.090909090909
140
49
223
129
56
152
66
118
67
224
224.165680473373
66
124
86
273
79
63
119
163
132
195.25
186
140
233
139
44
135
137
290
26
263
139
159
60
78
235.6
199
279
121
103
70
147.5
139
139
135
166
139
105
36
71
136
126.5
139
102
133
165
133
93
131
56
