0
115
6
0
107.105263157895
0
97.1515151515152
92.6618705035971
66.2857142857143
15
88.6153846153846
114
138
0
87.8484848484848
150
78
0
76
76
60.7
99
60
118.857142857143
125
136
61.7058823529412
104.111111111111
111.666666666667
65.3529411764706
0
70.7391304347826
43
0
93.8095238095238
72.875
80.5
104.75
0
107
51.0714285714286
0
133.333333333333
51.3076923076923
0
71.6981132075472
0
35.5
95.0625
103.333333333333
79
104.8
0
67.7142857142857
90
87.5
76.5
82.625
104.5
91.0021739130435
97.9444444444444
119
61.8032786885246
118.339285714286
125.4
143
80.5178571428571
112.5
77.25
108.071428571429
149
71.35
0
111.4
53
43.5
3
92.8666666666667
55.5
120
0
0
86.5
120.8
55
93.2
0
87.063829787234
79.4871794871795
89.1428571428571
0
81
118
0
36
0
144
71
40
0
12
63.2820512820513
144
115.5
0
83.8214285714286
99
33.5
65.5
107
84.75
87.0776699029126
0
130
69.3333333333333
124.3
118
99.125
0
140
101.6
118.2
29
48
0
94.4230769230769
37
101.333333333333
97.9285714285714
101.210526315789
0
137
31.5
0
38
8.5
0
114.5
112
39
83.4
81.5555555555556
0
0
27.4285714285714
72.8666666666667
160
88
106.5
19
0
125.5
77.2777777777778
92.6428571428571
108.5
66.5666666666667
68
110.6
121.117647058824
0
160
121.166666666667
105.833333333333
98
134
70
83.5
152
156
83.4
0
157
146
0
0
99.9285714285714
86.3333333333333
76.4464285714286
0
0
75.0352941176471
47.3333333333333
80.5
15
43.9066666666667
92.9
117.214285714286
37.5555555555556
115
143
101.888888888889
0
79.6923076923077
112
62.4444444444444
53.7272727272727
20
127.142857142857
100.5
106.727272727273
101.6
96.5
48
79.8333333333333
48.2758620689655
14
74.2857142857143
22.5
61.9285714285714
128
91.5
34.4615384615385
0
0
59
0
146
32
109.571428571429
0
101
138.5
88
0
0
110.125
109.833333333333
57.6666666666667
140
99.9
104.666666666667
160
36
52
21.5
79
71.0666666666667
0
0
102.290909090909
0
0
0
130.166666666667
51
91.1489361702128
94
0
60.6756756756757
127
87
0
124.827586206897
110.272727272727
116.222222222222
119.5
134
91
97.5
15
113
110.25
0
0
139
0
74.5925925925926
4
71.6
0
0
42
160
147
17
113.444444444444
159
0
158
78.5135135135135
142
56
0
18
158
0
148
69
118.727272727273
130.714285714286
134
160
58.8
64.3
22.2
92.5
124
0
78.6363636363636
77
103
0
136.25
7
97.3846153846154
0
24
0
64
108.666666666667
0
0
121.5
129.5
69.4545454545455
77.3333333333333
31
83.5
114
101
94
0
157
0
65.5
0
108.5
73.4
108
76.7777777777778
62.2923076923077
70.5
140
17
158
0
0
31.5
66.7142857142857
158
92
134.5
53
30.0666666666667
0
0
0
0
111
99.5555555555556
154
59.6
123
95.5
157
60
52.6349206349206
71
0
102.583333333333
110.142857142857
90.0666666666667
113
81.2
105.538461538462
160
154
119
0
104.153846153846
55.5
0
155
29
55.7922077922078
144
92.6190476190476
155.5
97.7606837606838
66
81.0402684563758
110.5
0
110.6
86
120.666666666667
130.4
0
0
115
0
0
98.6666666666667
53.3333333333333
82.3333333333333
0
0
76.7878787878788
108.823529411765
0
159
148
86.9090909090909
115
104.529411764706
147
128.75
58
88.6666666666667
94.5535714285714
10
93.4782608695652
67
0
53.75
105.3
106.666666666667
91
0
131.666666666667
90
105.272727272727
9.66666666666667
96
97.9733333333333
155
77.4
144.3
0
63.5555555555556
159
114.5
110.222222222222
85.8333333333333
113.478260869565
17.5
0
80
126
95
114.777777777778
113
144
103
0
84.5
39.6666666666667
72
0
89.8
101.871287128713
35
134
79.125
84
27
80
35.6666666666667
148
100
130
0
141
110
123.5
103
76
159
0
71.6666666666667
25
0
0
142.333333333333
52
60.75
92.6
93.6470588235294
117
80.1052631578947
152
72.5454545454545
114
143
155
68
62
0
0
0
143
86.5151515151515
61
68.5
93
70.7619047619048
84.0909090909091
0
132
0
0
118.083333333333
0
44
56.6125
70
132
97.5625
97
0
0
108
11.5
106
51
0
0
12
0
27
98.2222222222222
69.5
0
61.5714285714286
8.66666666666667
73.5
86
100.272727272727
0
0
0
106.418604651163
130.2
0
78.5
91.25
100.315789473684
82.1126279863481
149
160
0
0
70
0
50.7272727272727
150
43.8333333333333
112
0
160
148
107
6
80.25
160
123
25.2
128.25
135.6
0
0
65
131.666666666667
77
120
141
135
0
83.3333333333333
104.1
0
38
22
0
0
90.1875
88.7428571428571
63.5
54
65.6
0
152
146
0
78
97
0
0
0
0
86.3061224489796
82
65.2380952380952
0
118
128.333333333333
0
75.8378378378378
0
79.25
0.35
134.5
83.4285714285714
160
152
159
93.4550898203593
44
0
160
0
102
72.25
117.941176470588
117.428571428571
0
34
42
88.9111111111111
0
0
105
97
0
84.9782608695652
27
65.5
0
77.5
109
22
158
42.5
103.375
80.4285714285714
49
19
55.6666666666667
152
128
102
57.2127659574468
143.5
107.5
98.8620689655172
39
0
156
0
0
0
115.125
0
151.5
157
0
0
69.1333333333333
149
129
0
0
123.166666666667
28
134
0
90
0
0
127
0
101.428571428571
142.5
42.6
114.5
0
0
65.1153846153846
119.25
79.5
46.5333333333333
145
117.833333333333
47.0526315789474
160
105.1
0
23
94.625
81
142.888888888889
106
31
0
13
0
84.3235294117647
127.733333333333
127
68.5
102
0
111
54.5
0
158.333333333333
157
0
12
87.7272727272727
149
85.8181818181818
74.5
129
0
34.6666666666667
138
0
0
0
0
89.4285714285714
151
101.5
0
115
99.6666666666667
87
130
77.5625
119
102.686274509804
0
64.5
117.5
82
0
0
62.6666666666667
115.5
91
93.7592592592593
67.5
92
0
65.3846153846154
0
81.15
0
106.6
125
0
0
94.3
160
0
6
72.25
97
92
139
77.1
67.3333333333333
115.785714285714
66.3333333333333
120.033333333333
88.5952380952381
0
0
0
0
106
111
26
0
77.258064516129
109
84.3333333333333
149
68.3818181818182
0
36
137
98.8333333333333
99.4545454545455
90.15
0
0
0
0
103.166666666667
54.6666666666667
31
159
0
88.3333333333333
22
0
78
0
150
85.8214285714286
15
105.8
0
64.5
100.3
98.4
0
156
12
0
81
118
75.9285714285714
88.3333333333333
58
155
93.1666666666667
136
84.2
83.8571428571429
79.2380952380952
106
50
39.0652173913044
133.666666666667
0
0
158
108
0
141
154
45
0
112.666666666667
56
66.0588235294118
99
160
99.5
0
122
126
21
111.8
0
100.333333333333
0
83.8285714285714
29
121
109.896551724138
0
133
91
124.2
0
41
75.5
157
0
77.25
0
149
0
72
156
0
26
128
53.2857142857143
0
90
21
73.2536585365854
105.46875
155
37.25
0
114
143
88.5
0
92.25
93
118
158.333333333333
0
129
156
93.1666666666667
0
88.7631578947368
0
0
0
106
95
52
0
75
123.5
157
0
41
0
158
140.8
0
141
0
0
160
132
141
103
88.5882352941177
0
0
38
134.5
132.9
128
134
104
127.272727272727
143
68.4
0
0
0
128
0
0
0
159
100.8
150
18
51
0
98.6666666666667
129
106.909090909091
101
0
0
0
57.6666666666667
160
0
0
156
73
122
150
0
121.5
116.166666666667
151
153
0
0
0
159
111
97.5
127
106
127
131
0
68.5
0
94.2352941176471
0
56.5
159
84.4666666666667
108.5
0
8
43
90.75
95.6
71
44
0
0
0
146
105
129.636363636364
24
132.333333333333
92.5714285714286
152
100.409090909091
0
0
0
52
117.833333333333
84
87.1739130434783
0
114
9
0
93.5570652173913
0
75.2
37.96
71
114.210526315789
88
72.7826086956522
0
150
110
143.5
70.6129032258064
0
61.6666666666667
74.0547945205479
0
78.5
73.5714285714286
61.3
0
141
121
22
0
129
0
78.1818181818182
106
45.1363636363636
0
45
0
144
75
73
122.333333333333
91.7543859649123
77
129
0
119.2
0
148
116.5
68.1666666666667
84.25
91
40
39.6666666666667
89.25
72.5
80.6666666666667
140
159
145
85
75
40
132
0
0
53.125
0
132
0
130
77.2
114.166666666667
0
0
0
111
123.285714285714
32
0
0
62.5
30
74.2244897959184
85.6666666666667
22
0
0
154
63
0
77
74
95
24
79.3333333333333
150
130
126
16
156
78.5
50
0
76.25
68.3333333333333
156
156
155
99
0
109.4
0
76.3333333333333
77
155
0
51
121.5
139.2
154
76.0223214285714
62.125
93.6167023554604
112.333333333333
112
81.5
160
159
19.5
0
123
0
33
107
0
149
0
128
152
152
85.8888888888889
0
0
0
0
0
154
100.5
87.1574468085106
0
127
10
74.2105263157895
0
0
77.5
44.7
108.75
150
144
64.5
159
0
0
122.333333333333
106
27
104.666666666667
86.75
85.75
153
92.4444444444444
0
66
0
160
51
0
58
52
134.5
0
158
12
0
72
0
0
50
98.5
47.5
98
100
112
0
125.071428571429
94.0526315789474
0
78.5
0
106
98.4
87.375
33
0
152
127
0
0
0
148
98.8218954248366
52
0
87.7894736842105
149
90
0
7
0
12
0
138
80.5
0
145.5
0
140
153
0
0
79.75
85
74.5
0
0
50
133.4
134
0
0
76
0
148
0
25
50
127.5
103
94.2857142857143
23
0
49
152
0
93.25
85
0
111
64
0
0
37.5
126.333333333333
0
155
0
42.2912844036697
137
142.923076923077
70.75
0
95.0384615384615
67.8571428571429
92.6842105263158
79.2142857142857
148
114.666666666667
0
0
80.6666666666667
0
85.4
59
0
111.875
87.5
0
51
0
67.6666666666667
0
0
152
104.666666666667
0
39.5
0
93
109.06976744186
106.888888888889
0
0
116.5
118
99.8421052631579
31
96
0
0
55
0
104
0
105.166666666667
64.4
22
78.8807106598985
0
160
0
79
0
97
0
123
125.714285714286
31
79
0
0
98
0
116.533333333333
0
124.75
155
7
0
134
154
122
0
0
0
0
0
48
0
0
0
44.5
117
86.2142857142857
90.625
116.5
140
21
140
0
106
148
0
74.3333333333333
90
0
0
94
0
58
0
123.4
85
82.7391304347826
22
160
76.5
74.5094339622642
104.52380952381
0
0
0
119.666666666667
70.2
0
55.5
132.75
0
0
46
110.5
140
0
130.333333333333
103.428571428571
123.5
136.5
0
97.5
141
92
0
89
0
105
103
145
43
110
18
145
95.5689655172414
0
132.333333333333
105
72.2307692307692
160
103.666666666667
0
160
0
2
115.333333333333
41
82
25
10
124
0
105.333333333333
150.5
147
0
108.2
151
0
92
93.5
80.8
86.25
78
153
43
0
139
113.5
142
129
0
0
109
60.5
0
0
58
91.6666666666667
51
41.0838122605364
51
0
127.333333333333
0
97
151
0
0
93.625
0
98
104.75
136
85
44.7142857142857
157.5
0
139.666666666667
0
71.8
22
33
119
0
55.3333333333333
148.666666666667
0
157
3
0
0
0
109
0
156
109
0
86
143
95
93.25
0
149
0
0
73.75
79
0
20
0
157
151
130.666666666667
50
0
84
114
0
54.0555555555556
145.333333333333
160
101.496519721578
0
67.5
0
56
40.5
120.5
128
122
156
0
119
52.5
0
111
70.5151515151515
0
54
62
159
0
0
93.5555555555556
107.333333333333
108
26
60
0
144
0
0
0
80.5714285714286
132.375
137
0
108.736842105263
129
116
47
0
0
158
152
35
0
84
63
160
117.888888888889
156.333333333333
131.5
114
75.5714285714286
76
0
121
0
160
159
101.666666666667
111.7
143
98.1976047904192
133.666666666667
112.785714285714
111.25
97
60
140
74
147
77.2857142857143
39.3333333333333
116.571428571429
83
115.125
86
0
0
37.552
108.6
150
107
36
0
108.41935483871
51
150
38
0
83.6086956521739
0
69.5
135
105
114.052631578947
77.2585034013605
0
70.75
32.4444444444444
103
97
0
93
90.75
112.5
71
0
117
0
88
0
105
0
155.333333333333
92.1142857142857
148
0
0
32
90.2142857142857
150
78.25
119
0
86.0434782608696
141.5
128.4
114
157
66.625
0
160
0
0
0
123.714285714286
85
0
32.8333333333333
153
160
0
0
115
80.24
119
70.0552486187845
76.2
101
151
17.5
0
0
0
0
0
0
13
74.9090909090909
0
0
91
0
128
89.1666666666667
77
4
129
39
116.5
0
92
0
0
99
0
134
78.4
154
88
142
0
94
16
0
136
62.75
57.5555555555556
75
0
156
63.1724137931034
0
0
51
77
0
0
0
157
92.3333333333333
75
141
0
106.25
0
31
160
98
110.5
156
0
73.4444444444444
146
0
112
0
59
81.5
0
49
0
0
0
141.5
159
100
0
91.4
0
53
160
35
83.5
0
128
32
0
139
132
0
0
68.3333333333333
0
0
0
0
135
105
124.5
64
158
5.33333333333333
66
117
0
59
95
156
0
44.5555555555556
0
36
140
0
108
122
128.2
158
148.142857142857
92
9
124
84.3333333333333
0
135
159
0
0
66.4545454545455
88.2797202797203
108
13
0
0
0
115
0
50.5
0
0
71.4285714285714
9.5
0
123
0
0
146
151
73.3333333333333
0
99.7321428571429
154
41
23
111.75
113
104.388888888889
142
81
150
60.7692307692308
66
105.75
0
48
102
49
0
0
0
148
136.25
156
94.1656441717791
130.5
112
155
0
102.5
0
0
0
92
124
108
104.2
0
75.3333333333333
0
83.820987654321
36
80
96
0
0
25
0
0
0
82
99
155
58
72.8
0
157.5
35
0
94
0
149
0
117
27
0
68
53
44
0
0
76
0
123.6
0
67.8333333333333
142
76
76.5
111.9875
0
0
84
148
154
92.5
0
160
104
144
32
0
159
0
87
0
140
0
156
101.5
129
38
149
0
0
62
0
119
0
0
0
40.4634146341463
0
142
160
0
93.1666666666667
109
0
70
45
94
86.5
0
138
158
0
88.6666666666667
104
0
0
110.333333333333
0
109
0
56.6764705882353
0
137
160
0
0
109.75
27.1
0
108.333333333333
0
60.8571428571429
119
156
0
0
121
140
0
151
83.8695652173913
55.75
156
0
49.25
122
34
100
0
0
160
0
0
0
0
155
0
126
0
93
97
117
137
95
148.5
150
0
123
112
92.75
64.6385542168675
0
21.5
70
41
30.5
70
16
0
94
0
90
44.2142857142857
64
57
92.5243902439024
109
110
64.9411764705882
0
43.25
159
160
141
0
97
81.3333333333333
87.5
146
137.666666666667
0
0
0
27
0
0
0
42
0
42.3398058252427
0
152
122
128
99
0
158
47
0
159
80.1428571428571
89.3333333333333
0
151.833333333333
0
90.5904436860068
0
71.4
0
75.2
80.6666666666667
104.857142857143
0
81.1034482758621
80
0
68.7272727272727
0
0
0
136
67.5952380952381
77
129
58
73
0
0
0
0
98.5
79
0
0
82
43
0
141.2
0
135
150
0
0
0
0
160
90.13
146
0
39
140
33
0
84
85.75
0
53.5
48.0377358490566
34
0
53.5
0
24
115
123.333333333333
9
157
0
3
72.7777777777778
84.6666666666667
135
155
0
87
0
53
50.1181102362205
46.3333333333333
60
0
152
0
109
0
137
0
81
0
102
42.6666666666667
156
137
36
0
86.1706161137441
0
149
0
29
0
146
0
0
0
0
146
54
154
117.333333333333
114
119
136
139
99
31
146
0
0
68.5
76.1911764705882
0
136
106.078571428571
154
110
114
97
26
73.25
60
0
0
0
27
70.1698113207547
116
0
148.5
149
36
71
0
0
67
0
0
143.5
0
108.25
151
0
95
90.775
0
155
107
46
0
40.6678082191781
112.571428571429
146
0
157
142
21.6666666666667
148
0
101.5
0
0
40
103
103.333333333333
26
0
93.7142857142857
0
158
0
68
0
142.8
0
0
150
152
0
63
38
160
109
124
0
94
0
131
65
0
49
127
94.5
141
50
0
0
0
84
108.5
137
0
0
97.125
0
153
160
98.8153846153846
68
18
114.571428571429
0
128
40
0
0
15
31
0
104
0
149.5
0
0
70
134.25
38
0
148
110.666666666667
144
87
0
71
0
0
0
160
0
114.4
145
140.333333333333
0
0
0
131
0
28
77
0
160
0
0
0
141
0
0
44
0
120
0
150
98
0
66
0
156
64.04
10
80.2777777777778
0
145
0
90
74.7
76.75
19
64
116
158
0
153
89
120.25
151
84.5185185185185
0
22.3076923076923
45
0
0
43
0
59.5
0
159
147.333333333333
132.5
117.75
79
0
115
0
48.8
9
28
0
0
0
87.25
81.7647058823529
157
0
62
91.6666666666667
0
0
116
68
0
156
26.3333333333333
146.4
137
160
64.4736842105263
0
160
105.4
136
112
154
121
43
0
0
0
0
10
53
88
0
140
0
117.666666666667
79.3333333333333
29
160
0
131
0
0
0
0
91
46
0
68
57.3333333333333
61
129.5
90.5
0
81
68.5
0
73.7777777777778
0
0
134
160
156
0
57
0
156
101.5
0
160
29
0
146
45.5714285714286
153
0
0
153
152
0
0
10
43
97
142
0
0
156
0
160
86
87.6326530612245
0
0
0
160
102.5
0
127
0
0
12
150
18
0
82.5
26
33
0
67
2.25
124.5
0
110.5
0
97.6666666666667
144
0
44.8
21
54
86.9333333333333
88.25
0
45.3333333333333
65
80
0
133.2
36.5
0
0
0
137
0
119
80
113.666666666667
0
0
0
0
112
0
0
0
157
0
13
146
44
137
0
0
51.3636363636364
152
0
78.6666666666667
96.9069767441861
41.5
124
129
0
114
0
0
52
0
0
146
0
37
160
106
62
0
111
0
54
69.84
152
0
88
0
52
70
70
0
90.6
150
0
0
79
0
0
94.8863636363636
109.148148148148
107.5
54
150
112
0
0
0
103
147
0
65
76.0344827586207
102
0
42
148
48
0
41
92.5
52.6666666666667
0
0
0
0
138
0
156
118.5
150
75
0
33
0
86
55.75
81.5
123
0
95
94.5
0
95.8
59
99
0
0
81
0
137
0
0
89
159
0
0
63.6666666666667
0
0
79
0
152
78
0
150
0
132.333333333333
0
45
0
0
0
103.016438356164
22
118.5
5
135.5
78.1363636363636
152
94.6666666666667
143
0
122.789473684211
149
150
107
84
107.5
143
0
94.1730769230769
126.5
86
143
67.3333333333333
0
0
130
0
0
48.75
156.666666666667
0
0
0
88.3333333333333
0
123
97
0
160
113.111111111111
52
146
106
152
81.2222222222222
97.4615384615385
44
0
88
80.6666666666667
0
137
51.8854368932039
41.8660250534678
29
0
31
93.3
103
95.5
0
0
69.12
0
0
0
146
122
83.75
77
0
0
0
31
0
0
100.25
95
15
0
0
138.6
103.5
142
0
0
0
148
38
0
110.446428571429
148
29
68
0
0
19
0
108.75
0
0
0
141
130
33
0
0
160
129.5
0
0
158
0
0
130
0
0
95
0
61.5
144
72
108
74
0
0
105.227272727273
19
0
48
71.3227272727273
15
115.333333333333
160
114
126.666666666667
61.3079847908745
158
114
0
151.25
105.153846153846
0
0
0
96
0
0
99.7635135135135
160
0
0
156
122.75
106
0
50
120.2
0
68
102
93.8333333333333
0
0
0
157
36
131
0
0
155.5
0
0
0
153
45
153
30
0
151
51
100
102.461538461538
153
137
160
154.333333333333
160
129
40
55.3333333333333
79
0
0
83
112.5
110
54
67.5
95.4
138
141
89
132
125
95.3333333333333
22
69.5
159.5
110.8
0
0
139
0
52
83.5
160
141
85
0
76
0
85.5
0
115.153846153846
0
113
45
0
0
132
63.5
89
24
0
93
0
0
127
21
0
0
81.1875
80
48
0
0
0
0
111
0
0
0
0
0
0
39
142
0
89.2792792792793
160
0
0
0
80.6666666666667
49
0
0
0
130
0
28
45
0
103
159
90
123
26
62
75.5
34
0
110.5
0
46
0
76
83.2481751824817
0
0
0
0
149
0
0
160
0
0
0
0
0
17
108
158
0
157
154
37
156
152.5
93
129
52
125.153846153846
0
120
106
15
0
0
86.6666666666667
158
95
141
57.3333333333333
150.5
0
124.5
0
151
0
105
0
0
0
122
0
155
0
3
0
0
91
89
0
118.777777777778
0
44
0
99
104.666666666667
91.5
109
82.5
0
157
0
0
0
126
138
0
0
71.5
12
155
0
0
42
0
118
84.6
87.5
64
0
114.5
46
60.4444444444444
0
147
140
93.4444444444444
98.7745098039216
0
0
60.3333333333333
0
0
36
71
157
86.8333333333333
0
105
0
0
0
47.1707317073171
43
0
8
138.5
0
64.5
67.6333333333333
0
52
104
18
0
0
152
55.25
0
160
129
0
55.5
46
23
0
0
0
15
150
0
0
67
160
136
158
108
132
9
0
80.4444444444444
0
129.25
0
0
0
139.25
0
0
86
0
0
60.7
94
0
17
65.5
109
32
11
104
0
0
0
150
0
90.2777777777778
109
33
56
79
94
79.7894736842105
0
0
0
0
0
71
0
108
140
0
89
107
73
143
0
59
160
150
9
31
0
46
0
143
97
0
0
0
152
0
0
80
0
0
0
0
0
61
100
156
0
135
83
151
134
98.5714285714286
110
0
0
0
129
37.25
79.5
133
0
0
129
0
67.1602564102564
0
67.8888888888889
0
156
0
0
112
94.2777777777778
0
148
16
79
103
152
159
0
12
41.5
31
60.8974358974359
0
138
142
0
0
0
0
0
156
114.25
0
69.7692307692308
124
10
0
51.4344262295082
116
0
26
15
74
0
154
142
160
157
22
0
0
0
152
92
54
107.5
72
21
130
47.5
44
84.0584415584416
0
136
0
70.5714285714286
146
0
131.333333333333
0
119.333333333333
0
153
0
149
149
150.5
0
0
0
24
124
158
0
155
144
131.25
147.5
0
68
118.428571428571
36.625
0
0
96.8
21.6666666666667
0
104
132.5
160
57
0
136.5
0
26
0
0
34
0
0
0
39
153
95
82.25
106
23
0
0
0
0
0
0
0
0
99.3333333333333
51
0
13
0
112
0
141
124
0
132
126.25
78
156
144
37
63
152
75.5
12
0
132
101.8
159
105
0
69
0
0
142.5
84
152
36
57
0
39
143
61
0
160
127
0
82
0
0
17
107
12
143
0
155
39
120
0
159
0
24.5
0
57.5714285714286
76
0
125.5
0
76.962962962963
125.5
62
0
3
0
97
37
0
88.8666666666667
6
115.25
132
155
148.5
94
0
0
60.2307692307692
98
0
0
30
124
0
0
0
136
69
74.8571428571429
0
56
77
15
96.3684210526316
119
0
157
122.5
106.285714285714
132
148
156
0
0
94.0986547085202
0
74.695652173913
154
0
16.6
75.7777777777778
137.833333333333
0
132
106
19.4
0
0
0
0
156
0
158
0
159
67.75
113
0
0
63
84.3333333333333
128
87.728323699422
0
0
73
0
111
0
0
65
0
135
116
86.219512195122
77
68
0
0
121
0
0
103.495412844037
156
0
115
148
81
27
81.3284671532847
129
113
0
153
106.571428571429
48
0
94.3793103448276
75.5925925925926
159
118.333333333333
75.6666666666667
116.333333333333
0
0
109
0
71.1529411764706
17
0
160
129
129.166666666667
125
110
0
0
148
0
0
34
78.6206896551724
63
0
61
0
107
10
160
150
0
82.5
0
53.3333333333333
38
0
0
148
0
160
38.75
0
115
159
88.5
51
0
159
0
41.7540983606557
43
80
123
0
25
0
0
132
92.7440559440559
0
0
32
0
0
103.906666666667
0
0
0
153
150
108
0
0
131
97
98.875
157
116
103
134
94
0
144.666666666667
147.5
77
160
120.5
0
158
0
71
119.333333333333
0
94.0555555555556
67.7839506172839
0
119.5
147
0
105.833333333333
90.3333333333333
0
130
0
0
130
0
108
104
0
0
133
7
10
0
110
95.9838709677419
0
0
84.2
0
150.5
61
159
0
98.5
17
0
158
0
121
0
0
141
0
121
125.25
0
0
123
160
0
52
9
68.3076923076923
153
33
0
115
43.2
138
138
23
72.6807228915663
0
0
0
147
62
0
0
0
0
79.8571428571429
134
0
0
0
148
137
0
147.5
150
147
0
0
124
123
157
0
82
0
141.333333333333
90.7435897435897
90
159
45
148
121
0
0
152.666666666667
100
154.5
18
55
70.5
123.2
0
108
61.8611111111111
138
0
117.285714285714
0
157
0
81.5555555555556
111
47
0
0
84.1369863013699
0
139
59.5
0
0
0
0
0
0
0
0
0
117
152
160
11.5
148
0
54
0
0
0
73.5616438356164
123.666666666667
122
134
0
27
0
0
0
0
92
82.1111111111111
0
81
43
0
45
0
77
115.666666666667
153
0
0
68.4666666666667
74
0
120.5
93.4
0
102
0
85.2
30
22
0
159.5
92
128
159
72
0
0
0
0
84
51
0
27
0
22.75
78
150
0
156.5
0
0
158
140
85
119
0
0
0
0
0
141
0
31.3333333333333
92.0952380952381
39
112
0
0
0
150
56
139
12
0
150
101.5
0
0
0
134
157.2
29
56.5
119.8
89.75
89.6388888888889
59
114.3125
52
0
102
93.6666666666667
102
149
157
0
49
0
155.5
160
0
0
0
0
97.9375
94
0
0
0
133
138
155
101
0
0
0
0
0
46.2056737588652
0
37
129
111
151
0
0
0
144
0
33
93.8
79
0
147
0
0
159
0
55
116
51
0
0
80.3333333333333
114
0
50
111
0
63.7692307692308
0
0
0
22
0
0
112
0
22
30.3333333333333
118.5
92
144
22
95.5
0
0
0
87
130
14
121.5
37
0
94
109
155
137
0
99
0
0
0
0
77.4786324786325
62.2094499294781
0
69.4278606965174
151
134
0
0
119.666666666667
61
159
0
97.5
121
13
0
0
149
65
106
0
0
158
0
0
59
87
153
0
24
0
5
70
56
0
0
0
0
38.0915516661057
52
150
58.2572463768116
0
69
62.5
0
0
73
75.6153846153846
134.5
125
33
0
0
160
151
130
0
0
82
0
151.5
0
144
0
152
0
0
126
116
99
0
0
0
43
75.4864864864865
0
0
87.94
0
34
124
16
135
0
96
0
99.8235294117647
0
87
11
0
64
155
0
157
0
0
0
0
138
123
65
15
0
53
0
23
28.3333333333333
58
109
0
144
4
159
0
51
135
124
62
107.333333333333
0
0
63.5
0
0
106.333333333333
0
0
0
136
132.5
0
31
0
136
0
0
0
0
148
49
0
0
0
82.0555555555556
28.5555555555556
0
44
41
0
0
101
144
136.666666666667
0
0
123
158
0
0
0
97.9523809523809
139
0
0
122
0
0
12
129
112
130.5
0
0
14
28
159
0
0
20
81.2490118577075
122
0
26
152
97.375
124
128.5
60.7058823529412
0
0
0
0
157
99
160
0
0
100
0
6
117.625
0
91
0
104
127
126
0
0
0
0
0
89.2222222222222
155
0
0
155.5
0
80
0
101
0
27
0
0
159
58
80
147.5
69.4594594594595
0
14
78
125
147
0
0
0
11
78
0
0
0
0
153
129
0
0
0
73
149
13
96.7837837837838
0
82.6136363636364
0
0
95.5
77.5
22
0
0
0
0
95.5454545454545
160
0
69
37
0
154
35.5185185185185
21.6
158
138
69.975
98
131
133
68
94
151
143.5
144
0
154
97
130.4
120.117647058824
0
0
141
160
106.25
124
0
12
117
0
19
87
0
0
149
0
82
0
0
43
0
0
0
0
0
0
127
68.6805555555556
0
17
154
19
69
0
90.96
51
160
0
109
0
0
50
0
144.5
157
0
87
56
83
0
157
32.5
52
72.5
0
0
148.5
0
154
0
75
124.666666666667
0
150
0
76.4
0
47
106
73
0
0
151
158
0
0
84.5
3
22
0
28
0
0
0
0
73
153
0
0
158
95.8795180722892
159
0
46
0
0
159
41
0
121
39
19
112
0
82.5694444444444
11
0
0
0
159
145.571428571429
37
89
44
74
55
0
134
26
156
155
35.1752577319588
0
44
0
0
0
155
121
72
0
98
94
131
0
0
131
20
131
0
105
0
35.5249169435216
79
0
0
0
38.1551724137931
0
0
125.5
0
102.52380952381
105
155
102.04
0
101.891891891892
0
159
46
67
0
16
85
102
0
0
158
22
78
0
99
0
152
0
0
0
0
157
21
143
0
84.5
22
73.6666666666667
68.3333333333333
0
94
29
0
0
152
158
116
84.25
0
29
0
0
0
0
0
96
62
0
101.837837837838
140
152.75
101
0
0
0
0
52
159
0
136.5
149.333333333333
0
0
158
101
0
54
0
0
0
152
0
0
157
153
0
74
48
118
143
148
76.3666666666667
51
128.5
0
152
73.6666666666667
17
0
88.5
0
70
89
0
22
0
38
155
0
136
113.5
160
0
154
0
159
0
0
88
105
49
17
0
46
0
0
0
0
0
106.166666666667
141
0
57
40
0
156
0
0
144.5
0
0
160
0
0
139
61.4086956521739
0
0
50
33
0
116.5
90
59.2727272727273
0
44
0
0
77.3085106382979
0
0
0
0
65.3333333333333
51
0
0
0
140
0
119
154
156
151
0
0
131.5
0
13
0
60.8333333333333
150
0
0
160
71
7
84
160
158
0
0
88
150
31
137.5
141
0
77
36
37
0
104
0
0
0
156
73.5
96
0
0
0
58.6
0
0
0
94.4
138
126
91.4666666666667
0
0
0
0
0
160
113.333333333333
0
0
134
0
82
0
16
41.5
46
0
97.25
158
152
0
0
0
0
0
160
95.5
76
45
0
159
0
131
0
160
154
0
0
116.071428571429
93.9296296296296
0
11
158
84.3333333333333
34
90.75
147.5
0
0
125
154
158
0
155
107
0
47
52
0
57.2352941176471
87
145
27
0
47
0
0
97.5555555555556
129
0
97
157.5
0
44.5294117647059
127.5
0
54.1351351351351
0
0
0
91.5
68
0
160
73.5
131.666666666667
120
104
0
160
142
0
132
0
66
0
156
18
138
0
101.5
0
0
0
0
0
0
133
71
91.4444444444444
76.2
0
0
116
4
0
61
64
19
87.219512195122
58.7777777777778
3
94
83
0
0
155
0
0
0
37
0
0
0
0
0
0
93
0
79.7971014492754
70.5
0
4
28
147
0
76.62
0
0
70.5
0
0
116
0
47
0
0
53
134
159
76
93.3875598086124
0
0
94
0
42.2604651162791
0
157
0
160
0
4
110
160
76.2022471910112
106.5
0
157
0
0
141
140
115
150.5
82.1041666666667
38.2612612612613
0
160
0
0
158
138
155
0
58.7142857142857
78
80.7777777777778
0
78.5384615384615
108.3
152
0
159
22
0
0
110.75
0
99
118
0
17
145
0
0
111
11
13
141
0
66.55
159
0
0
148
138
155
95.2273534635879
150
160
133
32
70
38
0
76
0
0
137
0
0
145
0
47
0
0
0
0
67.3333333333333
132
6
0
0
0
98.046875
147
94.5
0
0
0
151
119
98
0
36
0
0
0
42
129.333333333333
44
122
127.5
0
0
99
25
153
11
77.4166666666667
0
22
50
102.25
72
131
156
105.3
0
41.0862068965517
129
144
0
0
112.8125
0
123.666666666667
95
7
107.1
74.1232876712329
0
139.333333333333
45
0
38
17
48
0
96.0246913580247
0
126
0
10
147
0
111
0
0
76.4125
0
135
0
47
0
0
139
20
20
0
160
79
0
0
37
0
144
133
151
155
50
8
145
73
117.4
31
157.5
0
0
0
68
0
142
55
120
159
0
106
0
93.0169491525424
0
93
0
0
0
131
0
86.9057471264368
84
72
0
76.0178571428571
129.5
96.6272727272727
89.5523255813954
97
123
0
0
134
69
45
55
0
160
0
72
102.285714285714
0
0
85
0
135
66
0
24
0
0
0
0
55
0
0
111
31
0
89
0
0
0
0
129
120
0
0
153
0
138
0
79
0
0
0
0
144
0
80.3333333333333
35
0
0
35.5631067961165
0
0
0
0
122
91.84
0
0
0
0
20.6666666666667
0
95.7956989247312
159
0
0
0
153
0
13
130
0
0
50
20.5
0
0
0
0
0
149
80
106
37
0
0
0
0
0
0
0
96.75
41
105
103
152
61
0
122
142
0
73
118
33
0
109.8
89.5
91.6129032258064
0
0
134
0
86.5
0
0
85
0
37
0
62
77
0
0
0
0
98.3333333333333
0
0
150
109.666666666667
0
40
0
89
88
160
147
0
159
0
34
0
67.6917293233083
65.6353591160221
25
0
80
0
157
60
89
35.2127659574468
0
133
0
40
159
111
137
0
0
92.5
108.901960784314
98
149
126
144
0
26
0
0
101.326086956522
66
0
0
79.1736111111111
0
108
155
0
0
97
0
0
12
83.7024221453287
21
90
107
118.333333333333
0
0
97
9
128
0
0
107
68
100
0
0
0
153
20
0
158
0
0
0
154
0
135
0
144
120.625
0
7
0
0
47
97.1428571428571
145
34
14
132
160
105
118
83
78.5173745173745
0
60.3333333333333
0
0
41
0
0
115
0
0
148
0
0
0
112
0
113
19
0
0
85
0
113
0
86
52
8
133
152.5
98.2
0
0
0
29
30
160
71.8059701492537
130
0
69
0
115
0
8
112
82
114
14
0
137
122
0
140
0
0
78.6172839506173
113
160
0
118
150
3
0
0
88
17.5
115
145
140
0
140
160
0
86.7777777777778
0
31
19
0
0
87
139
0
145
28
91
142
159
0
0
51
0
151
0
145
32.4285714285714
0
7
140
68
47
98
86
78.5714285714286
87.9285714285714
0
0
72
111
0
142
157
0
12
48
100
0
155
86
0
0
0
0
156
139
120
0
0
31
0
0
143
84
0
0
160
106
97
0
156
30.5
0
50
50.6666666666667
122
0
112
0
140
0
0
0
146
149.5
0
64
0
0
144
31
90
46
64
0
156
0
102
160
43
159
108
0
25
131
140
77
0
0
0
84
128
115
0
0
0
157
101
159
0
0
90
0
83
0
131
156
159
155
121
12
123
157.5
83.039603960396
50.5
135
0
135
0
34
43
0
0
71
154
0
62
96.5
0
94.7739130434783
101.333333333333
0
0
124
0
0
12
0
121.727272727273
0
0
0
0
160
0
16
0
72.125
0
0
0
73
147
108
60
46
132
160
44.7740963855422
142
0
65
158
0
83
0
0
0
79
141
0
0
36.1190476190476
0
131
54
0
0
115
157
91.5
0
119.25
114
0
0
75
72
0
0
71
129
0
0
0
0
46.5
45
0
0
147
0
70
70
0
134
110
0
58
0
0
76
111
153
93
67.7333333333333
131
12
0
77.7333333333333
0
0
87
154
0
32
0
157
0
0
0
0
79
0
0
13.5
0
0
0
111
160
109
0
147
71
0
0
0
0
0
0
21
0
0
156
0
106
86.3676470588235
99.5
152
0
0
42
0
73
51
113
66.75
86
0
120
0
0
140.25
14
0
0
0
133
16
26
127
0
0
0
132
0
108
0
6
0
19
76
152
99
122
93.3174603174603
99
0
0
0
0
0
0
0
101
158
0
0
160
132.333333333333
0
111
70
13
14
133
159
158
0
0
95
89
0
83
132.5
78.2837837837838
154
158
0
0
112.5
84
146
90
20
0
0
0
0
118
98.7272727272727
0
58.2083333333333
88
0
129
0
0
68
0
128
0
156
11
0
0
26
39.4022503516174
0
130
147
139
0
48
72
149
0
0
0
0
67
83
0
109
0
0
0
99.969696969697
0
89
18
0
90.4791666666667
75
0
135
23
86
48
0
44
0
93.5955882352941
0
0
151
150
156
49.6666666666667
0
114
0
120
139.5
37
159
0
0
146
112
83.5161290322581
93.9012875536481
159
0
77.5
0
0
71
24
0
0
0
0
127
158
97.5737704918033
76
134
47
42
0
0
145
38
85.5232358003442
0
155
0
0
157
51.75
94.0967741935484
106
91
127
82.1111111111111
117
88.0120481927711
0
0
0
45.3333333333333
0
82.027027027027
0
0
0
0
156.5
92.86
150
135
0
145
159
0
0
79
123.692307692308
157
160
151
0
0
151
64
0
142
0
96
0
89
0
10
44
150
0
55
0
0
131
0
31
58
44
92
0
104
0
0
153
138
73
158
8
97
0
0
0
0
158
0
0
113.142857142857
31
0
149
148
0
133
0
144
31
0
0
52
0
92.6666666666667
73
157
130
116
159
15
0
0
91
77.75
134
0
113
48
0
0
73.9070796460177
38
22.5
31
0
160
29.5
63
0
72
107
0
30
72.9925373134328
133
0
9
0
124
49
108
25
0
0
0
140
0
56.6
155
0
134
153
0
135
0
0
0
103.285714285714
0
148
122
0
88.4
0
0
52
0
0
0
121
81
0
160
139
0
93
74
0
0
0
151
0
78
144
0
87
151
70.6666666666667
0
0
107.3
35
0
0
0
145
154
0
152
0
0
0
0
122
159
70
0
57
159
0
0
58
124
15
160
90
35
153
145
0
83.2810902896082
66
0
0
85
132
103
35.5
0
138
42.5
45
0
155
134.666666666667
41.5
0
0
114
0
135
0
56
115
154.5
64.7613636363636
150.5
0
0
91.5903614457831
123
96
0
155
159
61
0
134
73
159
13
128
49.75
0
0
132
0
0
159
43
0
0
0
0
0
71.8571428571429
0
0
0
97.1818181818182
0
0
121
52
98
0
98
159
125
0
0
158
0
105.333333333333
94.6666666666667
37
104
0
0
30
156
0
0
0
86
53
115
0
19
60.5
131
155
88
155
80
109.69696969697
22
0
138
157
0
43
102
0
0
83.0222222222222
0
0
64
155
49
0
0
0
0
0
75
0
76.5555555555556
0
0
0
16
105
0
0
51
59.6
0
0
0
30
0
160
95
85.25
0
120.181818181818
145
138.5
157
0
160
61
0
127
8
0
0
0
33
0
54
153
0
0
116.2
0
0
0
0
0
0
146
90.5625
66.6
72.6326530612245
110
0
0
0
110
160
46
0
0
0
76
0
0
0
65
98
0
0
128
132
102
0
113.5
0
53
0
0
148
0
0
92
156
0
0
7
85
0
0
77
0
0
0
104
128
156
102
0
0
153
0
0
160
55.0454545454545
106
155
126
0
0
87.5
158
33
0
0
160
134
8
88
92.7142857142857
42.0384615384615
0
0
103
118
82
34
0
0
43
142
0
151
0
86
148
0
156
46.3076923076923
132
119
0
0
36
97.5
0
31
80
151
0
0
6
159
0
35
149
99
72.4652173913044
0
0
33.3
49
44.5
0
95.9705882352941
71
101
144
138
0
154
0
153
0
79
0
6.5
131
119.666666666667
137
0
81
115
24
26
40
0
0
145
0
95.7164179104478
15
0
135
0
0
88
152
104.227272727273
129
107.529411764706
0
0
0
104.25
0
0
103
84.5
60
13
0
8
148
0
145
151
24
142.5
46
0
0
158
0
0
74
0
140.5
19
31
0
0
152.5
123
84.2307692307692
0
0
0
0
159
0
52
0
0
0
65
0
0
0
157
0
148
98.6666666666667
72
0
86
0
90.7326732673267
0
66
0
81.3333333333333
34
134.666666666667
0
123
0
0
0
0
0
106
0
78
151
94
0
137
21
153
0
148
0
29.25
0
88
139
0
158
142
0
0
158
0
0
0
81
69.2087682672234
0
0
126
119
0
0
136
77.625
136
160
0
99
108
0
0
91.2696629213483
0
0
156
0
137
0
0
160
160
0
143
40
110
0
33
0
29
0
150
49
59
0
62
0
0
23
95
0
158
0
22
0
0
43.7272727272727
144
62
0
0
0
158
148
132
139
0
0
108
128
0
157
159
0
0
0
124
0
117
0
0
42
0
81.248275862069
0
0
0
80
0
0
160
0
0
0
152
0
160
37
0
69.5
0
0
158
0
0
15
0
41
100
143
0
0
87
103
107.826086956522
59
0
0
11
56
11
0
121
19
0
0
0
155.5
89.5714285714286
0
39
124
0
0
0
0
154
0
101.462585034014
26
0
155
80
112
143
0
121
0
0
110
123
70.5106382978723
151.5
145
61.5
160
83
0
98
0
78.3246753246753
138
159
111
0
25
60
0
160
0
89.25
0
0
119
65
3
83
0
88.0537634408602
0
156
0
0
0
0
0
106.1
0
0
0
0
0
0
0
139
0
0
0
30
0
16
0
0
92.7647058823529
154
18
0
0
0
155
0
19
0
0
152
0
0
101
77.0909090909091
123
0
119.5
136
20
65
127
0
62
0
0
0
0
120
0
15
51
58.6979166666667
0
0
0
146
0
0
0
127.333333333333
0
0
88
0
0
102
34
0
136.5
21
0
31
0
0
0
56
60
127
0
0
91.875
0
81.4166666666667
67
123
98
0
160
22.625
0
160
139
153
0
140
48.3018867924528
49.5
0
89
26
0
0
113.5
57
0
135
0
85
0
89
73
0
0
20
78
42
0
98
122
0
0
90
159
159
155
149
4
152
103
118
0
0
0
136
93
131
0
0
158
0
76
0
0
0
36
0
122
155
43
118
102
157
147
0
98
91.5466237942122
0
23
155
0
131
0
150
143
0
157
42.9772727272727
36
0
0
157
0
92
0
64
117
143
0
0
104
92.4923076923077
0
23
0
0
0
86
136
102.421052631579
0
96.1086956521739
0
0
0
0
15
94.78125
71
80
0
136
0
20
147
11
0
0
138
33.3241590214067
75.4137931034483
87.3
0
42
91
112
0
0
97.3846153846154
0
0
0
0
86
0
121
0
0
0
108.333333333333
0
0
151
13
0
0
30
0
100
0
0
152
42
0
85.4390243902439
87
130
46.125
0
0
0
158.5
0
157
62.6666666666667
0
145
153
155
41.75
0
137
80
27
97
107
85.3571428571429
154
65
132.333333333333
6
0
0
0
0
145
102
35
0
125.5
95.6765873015873
139
39
129
159
0
143
0
0
0
89
155
71.8928571428571
0
41
0
0
0
95.935960591133
158
79.3243243243243
155
60
157
133
0
0
95.8423913043478
0
0
0
0
67
32
0
157
0
0
0
50
0
159.5
66.3333333333333
0
51
0
148
147
156
140
159
35
0
93.0247933884298
74.5
0
124
160
34.1428571428571
0
0
135
0
69.9487179487179
0
128
148
39
140
23
0
0
0
132
159
0
0
78.3653846153846
0
76
0
0
0
71
63
0
0
0
0
0
119
0
0
86.7765957446808
21
45
0
97.5510204081633
67.0434782608696
0
87
143
151
148
118.25
0
34
0
0
110
37
142
0
0
0
0
0
0
0
99.5
0
0
35.1829652996845
102
0
159
0
0
152
0
155
0
0
35
0
0
0
0
0
35.3575129533679
0
0
0
129
148
156
97.45
19
0
83
0
155
0
0
0
37.4134078212291
127
63
0
0
0
3
158
0
9
32
0
96.3586956521739
0
153.5
41
51
0
0
0
113.714285714286
0
66
34.5587044534413
154
0
102
33
76.4838709677419
153
68
33.6666666666667
154
54
0
0
127
0
0
0
108
0
0
0
0
0
160
0
136
0
0
133
0
98.5757575757576
155
0
144
128
23
105
0
125
0
125
0
81.2162162162162
109.666666666667
110
0
0
160
39
0
0
90
0
0
121.25
160
143
112
0
129
0
0
0
58
19
151
77.3235294117647
0
0
142
0
0
0
0
0
0
63
39
0
159
149
143
24
0
94
56.5
0
0
0
0
0
100
0
83
0
159
0
0
0
0
67
0
34
0
0
39
0
123
63
0
150
160
0
0
0
0
100
142
0
0
128
27
69
0
82
0
0
0
0
50.7272727272727
159
0
0
153
0
0
0
0
23
90
0
0
0
0
160
113
78
0
70
0
136
146
73.5
108.107438016529
0
0
88
154
0
0
155
152
158
97
0
0
0
0
25
76
41
99.0533333333333
0
0
0
140
39.1406649616368
25
135
0
159
149
102
110
132
120
6
18
0
0
0
58
102.5
71.5
0
0
0
41
0
0
89
0
146
0
0
54
0
0
150
111
82
36
142
159
155
0
28
87.5
107
96
25
160
0
91
0
138
0
112
67
0
119
109
0
10
0
61.5714285714286
90.6666666666667
116.666666666667
0
72
145
56
82
0
0
116.012048192771
103
140
112.5
0
158
77
0
0
61
0
0
120
159
0
0
0
118
24
152
19
0
0
48.5555555555556
27
108
108
151
0
110
40.6666666666667
88
0
0
61
0
0
160
94
94
22.6666666666667
0
106.286624203822
0
155
159
157
131
14
55.1627906976744
149
0
0
0
39
54
0
144
152
0
134
0
159
0
0
58
40
0
0
108.545454545455
159
36
0
0
90.5
160
0
0
92
34.6323529411765
0
0
0
44
147
31
0
0
0
49
111
148
129
0
157
0
141
124
156
102
0
0
0
0
159
68
37
0
41
60
0
0
121
0
0
42
0
160
94
56
0
0
81.1269841269841
0
114
0
141
49
151
0
0
0
0
55
0
0
0
0
152
0
74.0050505050505
54
65
0
158
0
9.5
160
0
136.5
0
90.2857142857143
144
152
0
0
0
0
140
0
71
0
0
111
0
0
0
154
0
0
0
0
1
0
137
0
90.2
72.5084745762712
0
0
0
114.333333333333
119
158
137
25
0
0
45
0
0
0
0
105
0
0
0
88
160
88.9607843137255
122
53
135
66
0
73
96
134
0
0
114
159
0
107
0
0
70.6666666666667
114
53
36
55
97
0
0
152
0
102
38
0
0
54
99
0
99.8461538461538
5
0
53
0
0
0
51
0
0
0
150
112
28
0
0
0
0
144
160
123
0
0
89.1666666666667
110
67
0
0
0
0
0
0
115.642857142857
0
0
0
95
0
0
0
139
32
98
84
132
156
0
0
111
132
151
0
133
0
0
121
99
125
0
0
0
104
34
0
160
15
0
50
88.6411290322581
0
0
160
0
66
0
0
0
58
0
0
97.780487804878
127
150
0
0
121.5
0
0
123
73
82.75
160
85
160
0
0
0
157
0
110
0
57.6363636363636
0
65
66
0
0
0
135
0
0
0
0
39
0
0
0
160
49
94
128
147
160
129
159
0
0
0
28
70.9467455621302
160
0
158
140.333333333333
0
0
0
33.6015625
0
0
124.692307692308
155.5
118
145
153
0
0
0
159
0
140
0
0
0
0
103
159
44
0
0
143
0
150
0
74
0
0
0
0
0
0
0
141
15
122
0
116
0
0
94.6
102
75
63
105
149
70.6301369863014
0
0
51
137
0
0
72
149.5
0
0
0
0
0
158
147
0
0
111
151
0
0
160
0
120.5
124
21.5
110
0
0
3
0
148
18
137
55
0
0
0
28
101
89
154
106
54
0
0
0
0
0
0
0
114
0
0
160
90
0
82
0
0
0
0
104
79
37
0
16
28
128
0
0
19
0
0
0
0
61
122
0
84
0
0
141
0
57
0
98
0
0
49.7833333333333
141
0
52.7710843373494
0
0
0
0
156
81.8387096774194
0
0
158
12
78.1428571428571
44
86.5
34
0
98.4888888888889
17
43
0
150
152
0
75.75
0
0
0
127
0
159
80
0
0
87
145
47
0
87
159
0
44
0
85
111
0
159
0
0
22
80.665306122449
0
118
52.7692307692308
118
56
103.92
152
67
0
54
112
0
0
0
158
0
0
0
75.75
159
0
136
0
132
0
81.9811320754717
65.5
0
0
0
0
98.4
36
103
90.9072847682119
157
125
0
59
0
0
0
96
154
0
0
36
0
154.5
51
32
38
0
155
123
54
120.978260869565
34
160
0
0
0
0
0
0
154
68
0
21
160
0
46.875
0
99
65
35
0
0
15
113
150
92.7103174603175
54
0
0
17
0
0
91
0
153
148
0
126
53
50
111.5
88.5
160
153
85.6666666666667
0
0
23
119
0
0
0
0
0
0
0
0
55.1666666666667
0
159
0
143
155
124
0
154
0
0
12
127
89
70.1409395973154
158
0
89.4166666666667
85
0
0
0
160
57
0
153
112
0
0
52
87.7052631578947
152
59
0
150
131
67.5
158
152
0
42
0
0
0
160
160
89
0
0
0
0
160
48
141
0
149
0
151
0
20
122
0
33.4
86
0
0
79
0
0
141
0
7
0
157
0
102
0
160
0
159
142
0
36
102
149.5
0
0
0
7
129
0
155
52
0
92
159
0
0
15
160
57
0
31
54
155
140
132
111
118
48
0
29
0
32
159
0
0
0
159
0
0
135.333333333333
58
0
135
0
139
142
127
160
153
0
46
123
70
144.5
0
0
0
15
126
0
0
75.5
52.8601925491838
0
0
160
45
0
54
114
150
0
23
0
0
0
129
86
153
160
159
66
128
0
0
110
0
94
0
28
84.544502617801
128
96
21
101
10
159
0
0
24
128
0
0
85
0
155
86
37.2635658914729
42.5
151
0
75.2765957446808
0
155
0
116.4
0
0
0
90.8397435897436
128
0
0
83
0
99
155
156
159
135
0
0
153
107.5
0
0
0
0
97
0
96.16
146
0
0
146
0
63
47
0
0
0
0
90.2545090180361
77
135
0
17
0
160
0
137
142
0
0
0
0
0
0
0
0
0
147
0
0
65
159
61
155
0
0
74
0
0
0
51
0
0
23
43.2222222222222
101.666666666667
121
0
30
92
123
0
50.3809523809524
0
0
22
0
0
0
0
0
147
36
0
0
78.8227848101266
0
0
147
0
25
0
156
154
40
0
18
0
67.7906976744186
0
108
93.2
0
0
132.333333333333
0
123
121
34
64
157
0
70
160
107.04
44
0
76
160
0
85
84
139
19
141
100
159
80
2
36
0
132
34
47
0
110
0
104.5
0
128
0
106
92.9594594594595
63.2439024390244
0
0
146
0
147
23
0
91
100
0
0
156
0
158.5
45.3333333333333
147
0
156
155
160
0
107
0
73
120
0
0
49
139
0
0
139
147
71
0
15
141
104
0
77.775
0
101
70
160
0
88.1298701298701
0
71
0
0
108
151
0
40
0
157
0
0
0
26
118
142.666666666667
0
0
160
135
0
0
14
54
24
0
136
67
0
153
0
93
0
0
0
0
135
147
143
59
151
160
0
0
0
59
0
105.5
75
127
0
0
0
46
152
91
0
23
80
106.916666666667
47
0
0
0
159
37
91.5
136
61
0
127
0
0
151
123
16
148
151
0
152
159
149
0
101
148
0
54
0
0
0
0
138
151
0
40
0
0
28
0
0
50
0
137
0
0
0
131
0
0
131.555555555556
0
115
115
55
0
52
66
72
0
0
0
0
62
0
143
0
159
0
0
0
0
159
0
159
0
61
158
0
0
134
0
154
0
0
0
88
151
0
122
0
129
155
93
0
141.5
22
153
158
0
51
0
158
71.7894736842105
0
19
0
103
0
102
0
112
0
158
0
0
155
158
0
0
0
0
0
157
30
82
0
159
20
0
147
142
0
147
152.5
121
69.6666666666667
0
160
0
148
90.9827586206897
0
135
102
0
19
26.5
0
145
0
123
0
0
19
66.75
0
0
142
149
12
0
0
0
135
74
100.459459459459
0
0
93
0
0
0
0
46
116
138
19
0
135
82
159
160
0
0
0
137
132
105
137
152
35
86
149
74
0
141
0
160
77
149.333333333333
0
0
62
53.6666666666667
71
0
66
87.1944444444444
0
0
0
41
151
159
0
0
0
114
122
160
0
39
0
0
42
123
0
0
0
52.8
139
0
0
155
118
98
92
160
147
141
23
0
154
93
67
0
0
0
92
0
0
53
0
160
0
0
0
3
160
0
98
85
0
45
87
0
0
129
0
98.0412371134021
128
151
0
72
156
10
0
7
49
160
73
0
0
0
74
17
0
0
0
0
38
0
136
77
0
153
53
148.4
0
0
0
0
158
0
0
116
0
0
113.5
0
0
124
0
20
151
0
41.85
0
147
160
0
0
94.75
127
37
125
159
110.666666666667
0
0
100
0
150
0
0
0
0
0
5
92
74.9444444444444
0
66
115
0
144
100.111111111111
0
159
116
98
60
0
115
90
0
26
0
0
66
0
0
0
0
0
160
0
80.3396226415094
155
68
0
0
0
157
0
103.25
94
0
0
33
0
64
122
0
0
160
0
0
68
0
37
0
109
0
0
141
91
137
155
45
154
0
0
148
74
124
159
0
0
158
0
0
0
0
2
141
115
12
160
0
0
142
0
0
0
147
0
55
0
0
66
0
0
0
0
0
0
10
12
151
0
0
0
0
0
0
149
108
127
0
48
0
0
89.5
145
103
153
22
0
0
0
0
0
90.5555555555556
90.7103365384615
0
156
160
84
110
0
116
138
79
0
134
107
143
117
39
0
0
37
18
0
38
0
0
53
112
0
96.3333333333333
0
118
0
0
49
75.5064935064935
0
0
138
0
0
8
0
0
51
0
0
0
150
148
79
14
85
0
0
0
0
160
41
0
152
70
40
0
105
0
0
152
0
144
159
122
120
0
154
87
13
56
0
85.8148148148148
72.4905660377358
0
92
0
0
97.1379310344828
0
59.5
139
56
0
0
0
59.8780487804878
108
0
0
92
0
0
0
0
0
0
0
42
129
0
17
22
0
72.4666666666667
112
0
0
0
0
0
0
90
159
35
0
0
153
0
136
0
0
0
100
93
157
0
0
50.3333333333333
45
157
0
87
71
0
159
152
92.75
145
40
0
148
159
156
0
0
44
145
0
142
100
0
0
0
151
0
0
9
0
0
0
0
95
0
92
77.95
71
35
0
65
156
101
54
107.583333333333
160
135
92
0
0
0
0
159
0
158
0
68
0
0
0
32
0
160
40.3846153846154
75
0
49
0
142
31
0
155
0
159
96
0
0
0
156
0
81
0
158
0
44
27
0
0
43
158
0
91
22
0
151
158
105
118
0
0
0
0
0
0
127
0
160
159
0
111
0
61
0
137
95
157
0
56
0
16
155
113
0
0
0
0
114
0
11
0
0
157
78.5769230769231
148
0
147
159
0
56
13
132
0
0
131
21.25
13
135
148
22
0
43
0
0
160
115
0
14
83.5958904109589
151
155
129
24
0
0
0
133
92.0917721518987
0
0
139
80
105
117.25
70
91
103
113
0
0
0
129
55
0
158
40
155
0
116
153
48.2559414990859
116
128
0
146
106
0
79
155
103
148
0
0
6
29
0
35
112
0
159
51
81
75
158
103
0
0
0
76
35.0989010989011
0
0
0
159
93.6060606060606
133
0
0
45
0
0
114
94.7272727272727
5
122
0
0
0
0
0
48
86
71
40
0
25
49
64
120
56
157
0
160
0
0
0
0
158
0
86.0952380952381
122
0
111
0
0
0
0
111.75
40
0
0
64
88
75
91
0
103
151
0
41
0
0
20
36
0
5
0
0
0
57
0
86
0
0
0
155
26
0
19
160
65
39
0
0
0
67
0
62.75
156
144
0
56
156
0
26
71
152
34
0
0
121
0
0
80
158
0
24
77.8921568627451
152
0
19
0
72.8333333333333
0
0
0
63.75
147
91.1558441558442
85
0
0
0
0
114.5
80
94
0
0
0
0
112
0
146
0
91
0
0
0
107
0
122
140
119
91.2
36
131
82.5611510791367
83
150
0
0
112
0
15
0
116
0
0
60
86
147
56
0
0
0
79
79
107
160
0
122
79.5915492957746
26
54.8888888888889
121
0
101
80
0
53
97.6805555555556
135
0
0
0
26
149
106
0
71
157
21
0
0
147
0
69
26
0
0
0
71
91
160
91.7941176470588
0
32
116
0
0
0
0
27
0
154
0
0
159
160
0
152
98
0
46
0
155
61.4074074074074
0
0
159
150
129
141.5
27
0
36
154
0
0
119
118
146
0
27.3333333333333
158
157
0
159
0
34
77.5
97
0
88.948905109489
153
0
23
79
154
0
0
95
0
158
0
39.5
113.64
22
0
0
119
0
121
85
150
40
40
147
0
146
30
93.9253731343284
76
144
72
0
160
143
0
86
158
160
133
0
55
0
0
0
0
0
0
0
151
0
0
0
0
0
0
103
0
64
77
0
115
0
0
156
0
56.8333333333333
0
134
0
0
106
156
51
0
0
98
0
36
0
0
128
117
111
39.4099766173032
102
96
98
0
85.468085106383
0
0
0
36
78.9166666666667
0
96
0
11
132
0
106.833333333333
0
155
14.3333333333333
0
0
0
0
157
159
0
144
141
154
0
131
151.666666666667
104.954545454545
115
140
70
0
160
0
0
0
0
0
0
0
74
0
0
160
96
0
136
0
0
0
52
0
0
103
43
37
0
73
129
71
84
0
0
96
110
50.6666666666667
78
0
0
118
137
0
98
156
160
0
142
0
129
0
131
0
129.5
79.1
41
0
79.7727272727273
0
0
77
159
151
130
0
88.0243902439024
0
0
74
151
0
0
145
0
80.765306122449
0
158
0
89.5
16
160
122
37
0
156
0
109
0
159
75.84
0
0
0
156
98.9677419354839
0
160
87
153
78
88.4210526315789
69
34
111
115
0
148
0
144
45
0
0
0
158
0
65
113
146.142857142857
0
159
160
32
143
25
0
31
0
159
58
37
152
102.375
0
0
83
0
0
0
124
152
66
111
56
0
0
0
0
0
153
0
76
0
0
137
0
0
0
125
0
140
0
122
93
32
123
15
0
158
149
146
0
0
112.0625
81.1632653061225
0
116
0
156
131
90
72
155
129.25
0
0
0
0
0
71.4503105590062
0
0
58
0
103
0
0
45.2307692307692
0
0
61.4913294797688
82
86
68
101
0
142
0
69.5217391304348
122
160
56
0
159
0
0
46
78
114.46875
158
0
111
0
53
158
157
47
118
18
0
0
0
0
149
0
0
0
0
156
0
0
0
82
0
76
14
0
106
100
0
120
137
0
75
38
50
101
0
0
0
0
30
124
63
0
41
0
106
36
158
0
0
138
120
0
0
154
160
0
0
0
115
114
0
96
118
0
47
28
0
158
0
61
126
0
0
62
0
155
60
0
0
0
78
31
30.7014925373134
56
0
0
0
0
0
84
150
0
0
0
0
0
0
7
106
0
106
131
97
0
38
0
0
0
0
157
24
34
0
101
84
151
94.65
99
0
0
68.3111111111111
0
67.8181818181818
0
0
146
0
0
0
160
0
0
0
126
0
109.966666666667
119
0
0
0
0
0
91
90.3246073298429
95
61
0
115
147
62
97
81.9279279279279
32
0
77.1617647058823
0
0
155
66
0
148
0
0
0
0
96
0
0
98.3846153846154
146
129
108.4
157
26
0
120
159
0
0
148
0
0
0
97
23
143
73
0
109
0
0
10
133
0
0
20
0
79.9598540145985
51
0
0
0
0
0
34.5
0
115
0
79.75
0
99.0487804878049
0
38
0
112.384615384615
149
0
160
158
0
0
36
68
0
155
27
0
93.1666666666667
135
39
0
73
132
0
0
25
142
0
0
128
0
157
0
0
87
0
0
0
60
0
0
47
0
98.4285714285714
160
150
0
0
0
0
0
102
133
81.2919708029197
26
0
85.4782608695652
0
0
23
30
147
123.75
143
0
148
0
134
68
159
160
43.6
0
17
116
160
0
0
144
22
0
123
0
158
0
0
0
140
0
0
159
0
0
137
79
149
113
149
6
37
158
149
160
156
154
132
75
75.1363636363636
72
45.0884892086331
121
0
155
0
0
0
0
0
34
156
0
100
0
52
133
0
99
0
99
0
160
160
0
111
160
0
110.857142857143
0
0
45
12
76.2181818181818
0
96
114
129
0
0
17
0
70.8076923076923
112
71
0
0
131
20
0
159
90.9166666666667
0
47
156
0
71
34
102
0
0
0
154
35
0
75.75
0
149
0
131
151
0
144
49.3333333333333
117
156
0
0
0
0
160
0
23
0
160
153
98.2352941176471
0
0
160
0
0
0
0
159
95.0649350649351
126
62
0
153
0
51
0
113
0
84.1926940639269
130.571428571429
122
70
154
0
135
0
0
0
0
17
76
158
144
111
0
89
51
148
0
0
139
0
0
0
120
0
0
84
0
34
0
88
0
61
0
0
0
0
0
0
108
0
0
155
0
0
0
0
56
22
38
0
0
158
0
0
0
0
0
152
0
134
0
143
142
0
0
0
79
146
68
0
0
0
0
0
159
80
0
70
0
104.875
109
0
137
60
44
145
0
87.12
0
0
0
116
126
0
0
0
56
57.7135416666667
0
103.736842105263
80.55
158
146
0
157
0
0
0
0
107.769230769231
127.333333333333
105.368421052632
107
0
68
0
0
100
0
75.5555555555556
0
136
0
99
160
0
0
90
27
0
0
45
105
155
149
0
0
110
153
0
0
34
0
0
90
0
0
0
123
80.25
0
0
160
0
0
76
136
155
152
0
0
88
152
0
87.6021505376344
0
0
0
0
92
157
15.5
0
0
152
153
25
103
0
45
160
39
0
0
101
0
158
35
0
0
77.1611814345992
76
16
0
151
0
36.0445205479452
110
0
94
0
0
92
0
155
0
160
155
0
27
51
68.2307692307692
149
0
0
0
53
151
96.0561797752809
153
67.5
0
89
159
0
132
0
0
0
0
112
109
0
49
41.6
81.8645833333333
0
7
122
0
109
0
28
99.7738095238095
56
0
155
100.25
0
80.5813953488372
0
0
139
0
38
0
76
129
0
0
0
0
129
0
0
150
139
98
63
0
0
0
25
0
0
0
0
153
0
143
103
133
72.6666666666667
32
152
0
82
147
40.7558139534884
158
90
158
0
0
142
0
108.5
0
33
132
156
0
73.4864864864865
65
0
0
0
93
106
51
38
69
0
160
0
117
69
0
160
0
24
0
40
160
117
0
0
0
106.4
9
0
160
0
58
0
0
0
0
54
100.571428571429
112.666666666667
120
124
110
0
93.8333333333333
0
0
0
36
67.75
80.9230769230769
0
0
100.9
139.5
0
36.6666666666667
156
68.5
0
74
0
61
0
21.3333333333333
0
90.8571428571429
68.8888888888889
0
0
78.4
0
107
110.384615384615
138
0
111
0
0
0
0
41
79.5
0.333333333333333
83.64
110.444444444444
0
0
0
160
0
102
155
0
81
80.625
120
18
0
0
0
156
0
0
0
0
0
0
0
0
0
116
113.5
0
160
136.666666666667
107.142857142857
111.3125
126.363636363636
140
0
0
119
1
123
160
0
0
0
81
81
159
58
134
0
0
160
0
160
0
0
0
160
0
71.5185185185185
0
82.5
98.5
117.75
19
67.8235294117647
0
0
0
92.8
0
0
0
17
126.333333333333
113
0
35.5
110
0
0
0
0
0
0
131
0
0
0
0
0
106
0
154
66
83.75
0
9
0
123
120
41
106.333333333333
13
0
0
0
0
0
0
0
79.3333333333333
0
0
0
0
0
156
70
0
0
0
0
0
0
160
0
0
0
88
34
0
123
143
0
0
0
0
0
0
91
0
0
0
127
84.5
67
54
0
0
0
159.5
0
156
105
0
63.9354838709677
0
36
41
0
133
0
0
40
157
80
160
153
0
157
0
0
0
0
83.3571428571429
0
156
0
0
0
160
115.5
54
159
121
1
0
0
0
158
0
0
82
0
48
0
0
0
157
68
88
0
0
0
0
36
147
0
26
137
0
155
0
0
0
0
2.33333333333333
0
61
0
83.6666666666667
0
0
0
0
72
0
0
0
0
122
91.5
88
0
0
0
0
0
0
0
106.5
126
0
0
155
102
15
48
0
66
0
94
0
0
130
160
0
0
0
1
47
153
137
0
110.217391304348
0
0
0
15
101.333333333333
86.551912568306
0
142
0
150
44
12
0
82.3333333333333
0
0
0
0
0
9
0
150
0
50
0
0
0.5
0
152
0.5
0
112
0
151
0
0
157
0
77
57
25
0
138.5
0
0
0
0
0
0
0
94
0
0
96.2666666666667
0
0
59
111
71.6666666666667
0
97.8595669982446
0
0.5
4.42857142857143
31
0
0
0
141
157
0
1
0
0
0
98
156
0
19
0
0
156
0
0
0
0
0
124.5
0
0
0
0
0
29
158
44.7777777777778
47
0
17
99.1666666666667
51
0
149.985915492958
79
135.333333333333
122
73
0
116.5
0
0
0
83
0
0
0
0
0
0
91.5
0
0
0
136.5
0
62.5862068965517
48.3333333333333
0
64.6666666666667
0
0
0
0
0
74.2857142857143
0
0
158
67.5
141
10.377358490566
158
0
0
0
97.6
44
31
0
0
0
0
0
41.4285714285714
0
0
0
0
0
0
0
0
0
0
0
0
25.8333333333333
137
43.3333333333333
0
0
77
0
119
0
0
152
0
154
69.6666666666667
0
160
0
0
0
0
0
0
156
0
0
0
0
0
89
82.6153846153846
123
24
0
0
21
159
0
160
0
0
0
0
87.6666666666667
0
0
0
0
0
0
0
0
0
97.3333333333333
160
0
146
77
53
0
0
0
0
0
0
0
0
0
0
0
0
117.75
16
0
140
153
0
0
0
0
0
0
0
76.1935483870968
51.1428571428571
77
128
0
0
0
0
154
0
0
0
0
0
0
0
160
127
0
0
0
76
5.28571428571429
98
0
0
0
0
100
0
0
0
0
0
0
0
0
11.5
59.2
119.333333333333
143.833333333333
0
0
0
105
0
0
0
0
0
12
0
128
0
0
0
117
68.8333333333333
0
0
48.75
60.8666666666667
0
79.8333333333333
0
0
70
116.333333333333
132.333333333333
0
0
37
0
0
0
0
129.25
0
0
0
62
0
0
0
0
146
160
0
0
0
0
0
0
0
0
149
0
0
0
0
0
0
0
0
0
0
153
0
0
0
0
112
52
88.0930232558139
154
0
43
0
0
0
0
23
0
0
0
0
0
0
0
0
152
138
88
69
160
0
0
154
0
0
103
160
0
70
0
0
0
92.3333333333333
0
21
0
0
144
0
0
0
0
138
0
0
0
0
0
0
0
0
0
0
0
35.6666666666667
0
5
105
0
0
0
0
135
0
0
0
18
0
0
0
0
0
0
81
0
158
45
0
0
0
0
96.15
0
85
0
0
160
0
0
45.6666666666667
11
0
89
0
115
150
0
0
0
0
0
0
0
0
0
0
0
0
131
151
0
151
116
0
0
0
0
0
0
0
0
0
0
141
0
149
115.5
0
0
0
0
0
0
0
0
158
0
0
0
0
0
0
0
0
0
0
0
0
0
0
0
0
0
57
0
37
153
0
116
139.021276595745
0
95
0
0
0
0
0
0
0
0
0
154
0
0
0
69.6
113
0
0
48
0
0
64
0
0
52
0
157
0
0
0
0
0
0
0
0
0
126
0
0
0
135
0
0
0
151
0
0
0
0
0
0
0
0
0
0
0
0
0
0
0
0
0
0
0
0
0
147
0
0
0
0
0
0
144
132
0
0
0
0
124
0
0
0
0
0
0
0
96.5
66
0
0
0
0
0
0
0
0
0
89
0
0
0
0
40.5
0
0
0
0
0
0
0
0
77.25
86.8333333333333
0
160
0
120
146
0
0
26
0
0
156
129
0
0
0
0
0
0
0
132
139
0
157
0
0
74.5
0
0
0
0
0
0
0
0
0
0
0
135
0
0
10
54.6666666666667
0
0
0
0
0
0
0
0
159
0
0
0
0
79
0
0
0
138
10
155
0
153
0
0
0
0
0
28.5
0
70.8888888888889
0
0
0
0
39
149
0
0
0
0
0
0
0
0
111
0
142
150
0
32
0
0
0
0
0
0
0
0
0
0
33
0
0
0
0
0
0
105.5
42
0
0
0
0
76
49
0
0
0
0
0
0
0
0
101
0
0
0
0
0
0
153
0
136
0
0
0
0
0
0
0
0
0
0
0
0
0
0
98
0
0
158
0
0
0
160
0
0
0
0
0
25
0
0
0
150
0
0
114
0
73
0
18
0
79.6065573770492
100
0
5
37.75
0
0
0
0
0
0
0
0
0
0
160
148
0
46.1388888888889
0
0
0
0
0
22
0
0
0
93
0
0
52.9117647058824
0
0
0
0
0
128
0
158
0
0
0
0
93.1666666666667
0
0
0
0
0
0
0
0
0
0
0
0
0
0
0
0
0
0
0
0
128
114
0
0
0
0
0
158
0
56
0
0
0
0
0
0
156
0
0
0
147
152
0
79.5
0
0
0
0
99.5
0
0
0
0
0
0
0
0
138
0
0
0
0
0
0
97
0
86.4285714285714
0
0
100
0
0
0
0
127
147
0
0
0
58
0
0
118.5
0
0
0
116
0
39
0
0
0
65
0
0
0
0
104
0
0
0
0
92
151
0
0
0
98
130
0
0
0
50
0
0
0
0
0
78
0
0
0
0
0
0
0
0
0
0
0
0
0
123
139
0
67
0
0
86
0
0
0
0
0
0
0
0
0
0
0
151
0
0
0
0
138
0
0
0
143
148
0
0
0
146
0
0
0
0
0
80
0
150
0
0
0
0
0
46
0
0
0
0
110.666666666667
0
0
0
0
0
125
143
0
146
0
94
0
0
0
0
0
0
35
0
0
0
0
0
0
0
0
0
0
0
0
0
0
0
138
0
160
0
0
0
158
0
0
0
0
0
0
0
0
0
129
0
0
160
0
38
77
0
0
0
117
0
146
0
158
0
0
0
0
0
125
135
0
0
91.125
153
0
0
0
0
0
0
0
111
0
0
134
0
0
0
0
0
160
0
0
0
139.666666666667
0
0
0
0
84.7796610169491
0
142
0
0
0
0
0
0
90
0
0
0
0
0
0
0
0
0
0
0
0
0
0
0
0
0
0
0
0
119
41
0
0
0
0
0
0
111
0
0
86
0
127
0
0
0
56
0
0
0
0
0
0
88
0
72
0
0
0
0
0
0
0
0
0
0
0
0
0
0
0
0
102
0
0
108
154
0
0
0
0
76
0
0
0
45
0
103
0
0
0
0
0
0
40
0
0
0
108
0
21
0
154
141
0
81
0
0
0
0
122
0
0
142
127
99
0
49.963696369637
159
0
0
0
21
0
0
0
70.7272727272727
0
0
0
0
54
0
0
0
0
0
0
0
151
0
0
0
0
0
91
0
93.2857142857143
0
156
59
0
0
65
0
0
0
0
154
104
0
0
75
0
148
0
52.5454545454545
0
0
0
0
23.5
0
0
155
0
69
0
0
0
0
0
160
0
0
0
0
0
0
0
0
0
0
0
47.3333333333333
0
0
0
21
0
0
0
0
0
0
63
0
0
0
0
0
0
0
0
0
0
0
0
0
160
158
64
0
0
0
59
0
158
0
0
0
0
0
85.5
0
0
0
0
0
0
56.7962962962963
0
72
0
0
0
0
0
0
113
0
0
0
0
160
0
0
147
0
150
0
0
0
0
0
0
0
0
0
0
0
0
0
0
0
0
0
0
0
0
95.5
120
16
0
0
0
0
0
0
0
0
160
0
0
0
0
0
0
0
0
0
0
76
17
98
0
160
0
0
0
0
0
73
0
38
0
0
160
0
0
22
0
0
0
0
0
0
0
107
0
0
0
11
0
69
0
145
118
153
68
0
0
0
0
0
0
0
0
0
0
0
0
0
0
0
0
0
65
0
0
0
0
0
0
157
157
0
0
0
0
0
0
0
0
0
0
157
0
0
109
0
10
0
0
0
0
45
0
0
89
0
0
0
0
0
122
0
43
0
0
0
0
0
0
0
0
0
0
0
0
0
0
0
0
0
0
87
0
0
0
0
0
0
0
0
0
51
0
0
0
0
79
0
0
0
138
0
0
0
0
0
0
0
0
0
0
0
0
0
138
0
0
152
0
127
0
0
0
0
0
0
38
86
29
0
0
0
0
0
68.8888888888889
120
155
0
0
0
0
0
0
131.333333333333
0
0
0
0
0
84.35
0
0
0
0
144
71.7567567567568
20
0
0
123
150
0
146
0
0
0
0
0
160
0
136
160
119
0
0
0
0
28
0
68.3333333333333
0
0
0
0
0
64
157
0
0
0
0
111
0
92
0
0
0
22.5
0
0
81
40
0
0
79
0
137
0
64
0
0
0
0
0
117
0
127
0
0
158
0
70
0
0
0
0
0
0
0
117
83
0
0
0
0
0
0
0
0
0
0
0
0
0
138
0
0
0
0
130
0
0
0
99
0
0
0
0
0
0
0
46
0
0
110
81
0
0
156
0
0
0
0
0
0
0
69.5
0
0
0
0
27
0
46
0
0
153
0
0
0
0
0
0
0
0
0
0
0
0
0
158
0
0
0
0
0
62
0
0
0
0
0
0
0
0
0
0
0
0
0
0
0
0
0
0
126
0
0
0
0
0
0
158
0
70
0
0
0
117
0
0
0
0
141
0
0
156
0
0
0
0
0
149
0
0
0
0
0
0
153
0
0
0
0
0
38
0
0
0
124
28
0
0
0
0
0
0
0
0
0
156
0
0
0
0
0
0
0
0
0
0
0
0
0
0
0
0
0
111
0
0
104
0
0
0
112.5
0
0
0
0
0
0
31
0
0
0
0
0
0
0
0
0
43.2063953488372
0
137
0
24
0
0
0
0
0
0
0
0
0
0
0
0
0
138
0
57.5
0
58
145
0
0
136
0
0
0
0
0
0
112
0
159
0
0
0
154
0
19
153
0
0
145
0
0
0
0
0
160
28
0
0
0
0
39
0
0
0
0
0
0
0
0
0
0
0
0
0
0
0
0
0
0
0
112
0
0
0
0
0
0
0
0
0
0
0
0
96
0
0
0
0
0
92
0
0
0
138
0
0
0
0
108.732142857143
138
0
0
0
0
0
0
0
0
0
0
0
132
0
0
0
0
0
153
0
0
0
138
0
0
0
158
0
0
0
64
37
0
0
0
0
0
0
0
0
0
0
0
0
0
0
0
150
0
0
0
0
0
43.9090909090909
0
0
0
0
0
0
0
0
0
157
0
0
0
0
64
0
0
138
0
0
90.3333333333333
0
89.1428571428571
0
0
153
0
0
0
0
43
0
0
0
0
0
0
123
105
61
0
0
153
0
0
0
0
156
0
0
0
0
0
0
0
0
0
0
0
0
0
68.5
0
0
0
0
0
0
0
0
0
0
0
112
102.238095238095
0
0
0
118
131
0
0
0
0
43
0
0
52
0
117
0
0
44
46
86
0
0
0
159
0
0
76.5625
0
0
138
0
133
97
0
0
0
0
0
0
160
0
0
0
0
0
0
160
0
158
152
0
0
0
0
0
0
0
57
0
0
160
133
0
0
145
0
0
0
110
0
0
0
0
0
160
0
0
0
0
0
0
0
0
158
0
0
0
0
23
0
0
31
0
0
0
0
88.3333333333333
0
0
0
0
0
0
0
0
0
0
0
132.5
0
0
0
0
0
0
0
0
0
139
0
157
27.8
0
0
0
0
0
0
0
0
79
0
0
0
0
0
65
0
96
0
0
0
79
0
0
157
52
0
0
0
82
0
0
0
0
0
0
0
145
0
0
155
0
0
0
126
128
83
0
0
0
138
76
0
0
160
0
0
0
0
0
0
0
0
0
0
0
0
142
0
0
0
0
0
156.5
0
0
0
0
0
0
0
0
0
0
156
0
0
120
0
121
0
0
0
149
0
0
0
0
0
0
0
0
21
0
160
0
0
134
0
0
0
0
0
0
0
0
0
0
0
0
0
0
0
0
0
0
0
15
0
0
115
0
0
0
116.333333333333
0
0
0
0
0
69
94
0
14
0
0
0
0
0
120
135
0
0
0
0
0
134
0
0
88
0
0
0
0
112
0
145
160
0
0
0
0
0
0
0
107.176470588235
0
0
0
0
0
0
0
0
23
0
0
83
0
0
0
0
0
0
0
0
19
0
106
159
0
26
0
0
138
60.2051282051282
159
148
0
0
118
0
0
0
0
85.2297297297297
0
0
0
0
0
0
0
0
0
0
0
0
0
0
0
0
0
0
0
0
0
0
0
0
75
0
0
0
0
0
0
0
0
0
64
0
0
0
0
0
108
126
160
0
0
0
128
0
0
0
0
155
0
55
0
0
0
98
0
0
0
0
154
0
0
0
0
0
0
0
64
0
98.6666666666667
0
0
0
0
0
0
147
0
0
0
0
0
0
0
0
101
0
0
0
0
0
37.4
0
0
0
0
0
0
101.333333333333
0
0
0
0
0
0
0
0
0
0
0
131
0
0
0
0
0
0
58.2857142857143
0
160
0
0
158
79
0
0
0
15
0
0
0
142
0
0
0
0
0
0
0
83
0
0
0
0
0
0
70.40625
0
0
89.5
0
0
0
0
76
0
0
93
0
0
0
0
0
0
0
0
0
0
0
0
0
114
0
11
0
0
0
0
0
157
127
79
0
0
139
0
0
0
0
0
0
0
80
0
130
0
0
0
0
58
42
38
0
0
94.5
0
0
0
0
0
0
0
0
108
0
0
20
0
0
0
156
0
0
138
152
0
0
0
160
0
0
0
0
0
0
0
0
155
20.5
0
63
77
0
0
77
138
0
0
0
0
0
146.75
0
0
0
0
0
0
0
138
106
138
0
0
0
58
0
0
79
0
94
0
0
0
0
0
0
0
138
0
0
138
0
0
0
0
123
0
0
0
0
0
0
0
0
0
0
0
128
0
0
49
0
0
0
137.166666666667
111.857142857143
31
82
0
0
0
79
0
0
0
37
142
0
0
0
0
43
0
0
0
0
0
0
0
0
0
0
0
0
150
150
128
0
0
51
51
0
0
0
0
0
0
0
92
136
0
0
149
0
0
0
0
0
0
5
45
96.5
0
0
0
36
159
0
0
0
0
0
0
128
0
0
0
140
0
0
0
0
0
87
0
0
0
0
102
0
0
95.5294117647059
0
0
0
0
0
27
0
153
0
0
0
0
0
0
0
153
0
32
0
0
0
0
0
127
135
0
0
0
0
129.888888888889
60
0
0
0
0
138
153
138
0
158
0
100.666666666667
138
0
0
0
0
0
0
0
0
0
0
0
0
0
0
138
0
0
0
0
37
0
68
0
77
0
0
0
0
0
0
0
0
0
0
0
0
0
0
0
0
154
0
76.7788461538462
77
0
0
0
0
69
0
0
0
0
0
0
0
92
92
65
0
0
0
127
0
0
0
0
0
55
0
98.5
0
123
0
0
0
0
0
56.5
0
0
0
0
0
79
0
0
0
0
0
65
0
0
0
0
0
0
0
0
90
0
0
111.333333333333
142
0
138
0
14
0
15
0
95.7682926829268
120
0
45
0
0
0
0
0
0
0
0
0
0
0
125
0
136
84.15
0
0
0
106.666666666667
0
149
23
151
0
21
0
33.5
151
0
0
0
0
158
0
0
146
47
28
94.5625
0
0
156
0
156
0
0
159
143
0
0
0
0
0
0
0
0
0
116
0
148
0
0
0
0
0
0
0
115.833333333333
0
0
0
0
0
26
0
0
0
0
60.2857142857143
0
56
39
0
0
0
0
0
0
0
0
0
0
0
0
141
0
0
0
75
0
0
98
0
0
58
0
75
0
0
71
71
0
155
136
25
0
0
0
0
37
156
0
140
0
0
0
58
0
