0
24
1
0
14.8421052631579
0
13.969696969697
13.4892086330935
10.6666666666667
3
13.1794871794872
7
19.3333333333333
0
14.2121212121212
20
13.5
0
12.5
10.5
10.2
17
8.45454545454546
15.952380952381
13
22
10.8823529411765
17
18
9.82352941176471
1
12.304347826087
7
0
15.5238095238095
11.375
12.1666666666667
16
0
16
9
0
19
7.92307692307692
0
10.7735849056604
0
6.5
12.875
15.6666666666667
10
14.2666666666667
0
11.1428571428571
13
16
10.6666666666667
12.675
16
14.1
13.3888888888889
18
10.327868852459
15.5892857142857
18.6
21.9333333333333
13.1071428571429
16
12.5
14.2142857142857
26
11.475
0
19
8.75
8
1
14.4666666666667
10.5
19
0
1
14
18.8
8
15.4
0
13.2446808510638
11.4102564102564
13
0
11.9736842105263
18
0
6
0
26
15
9
0
2
9.46153846153846
12
15
0
11.7142857142857
15
4.75
10
16
13.75
13.8640776699029
1
23
13
18.3
18
14.5
0
19
16.5111111111111
16.6
4
8
0
14.0769230769231
6
15
14.7857142857143
15.4736842105263
0
21
7
0
9
1.5
0
17
16.875
6
11.4
12.3333333333333
0
0
6.14285714285714
11.4666666666667
24
13.7142857142857
17.5
1
0
22
12.1111111111111
14.7857142857143
16.5
11.3333333333333
15
18
17.8823529411765
0
24
15.3333333333333
16.3333333333333
13
28
11
11.5
28
26
16.2
0
24
27
1
0
13.5
12.6666666666667
12.25
0
0
12.0705882352941
8.33333333333333
12.75
2
6
14.7
16.9285714285714
7
19
21
16.3333333333333
0
14.4615384615385
18.3333333333333
9.66666666666667
9.45454545454546
4
17.5714285714286
14.25
15.0909090909091
17.8
18
8.33333333333333
13.3333333333333
7.89655172413793
1
12.7142857142857
4
9.85714285714286
21
12.5
6
0
0
8.5
0
13
4
16.6714285714286
0
18
19.5
14
0
0
14.25
15.2
9.66666666666667
26
14.8
15
22
6
9
4.5
12
10.6
0
1
15.5272727272727
0
0
0
20.5
7
13.7446808510638
14
0
11.1621621621622
22
17.5
0
19.551724137931
17
19.5555555555556
16.75
21.75
13
17.5
2.5
16
19
0
0
19
1
12.037037037037
1.5
10.4
0
0
11
24
22
4
18.1111111111111
23
0
20
12.5135135135135
23
9
0
2
26
0
21
9.57142857142857
17.6818181818182
22.1428571428571
23.6666666666667
24
8.6
9.6
4
11.5
16
0
11.8181818181818
10
16.2857142857143
1
17.75
2
13.8461538461538
0
5
0
11
16.3333333333333
0
0
17.8333333333333
21
11.4545454545455
11.8939393939394
4
12
19
17
12
1
21
0
10.5
0
20.5
12
14
11.3333333333333
9.49230769230769
11.5
28
3
26
0
0
7
12.7142857142857
23
16.5
20
10
6.06666666666667
0
0
0
0
18.375
15.2222222222222
25
9.7
17.5
13.3
19
10.5
8.34920634920635
12.4
0
13.6041666666667
19
13.7
17.25
11.3333333333333
18.3846153846154
13
18
20.4
0
13.9230769230769
9
1
19
5
9.31168831168831
23
13.9761904761905
21.5
14.4786324786325
10
12.5939597315436
23
0
19
15.5
19
19.8
0
0
19.6666666666667
0
1
17.6666666666667
7
12.3333333333333
0
0
11.7424242424242
16.7647058823529
1
20
26
13.3636363636364
18.75
15.1176470588235
22
18.25
13
15.6666666666667
14.5625
1
13.0869565217391
7
1
6.75
18.8
16.6666666666667
13
0
14.6666666666667
10
17.3636363636364
2.33333333333333
13.1428571428571
15.22
8
12.6
20.2
0
10.3888888888889
31
17
17.7777777777778
13.1666666666667
15.8695652173913
4.5
0
14.5
12
17
20.3333333333333
17.625
24
15
0
13.3333333333333
7
13
0
13
15.7970297029703
8
17
12.59375
13
4
9
5
17
20
24
0
13
15.5
16
17.6
13.5
25
0
10.3333333333333
5
0
0
17
7
11.5
14.1
13.1176470588235
21
12.1578947368421
27
11
16.625
25
8
12
9
0
0
0
19
13.4848484848485
10
8.5
13.75
10.5714285714286
13.0909090909091
0
21
1
0
16.5833333333333
0
6
9.6875
9
19
15.4375
20
0
1
20.3333333333333
3
18
8
0
0
3
0
5
14.9444444444444
14
0
9.42857142857143
2.33333333333333
10
14
15.4242424242424
0
1
0
15.6976744186047
20.8
0
10.5
11.75
14.9473684210526
12.7935153583618
20.5
18
0
0
9
0
8.15151515151515
71
8.5
20
0
19
21
17.5
1
13
31
18.75
5.6
19
21.2
0
0
8.33333333333333
20.3333333333333
10
17
25.5
16
0
11
16.1
0
8
5
0
0
13.5625
13.3142857142857
8.25
9
10.6
0
27
17
0
15.5
15.3333333333333
0
0
0
0
14.2857142857143
11.5
9.11904761904762
0
21
21.3333333333333
0
12.2297297297297
0
13.25
1
26.5
12.7142857142857
21
26
21.5
13.622754491018
7
0
20
0
14
10.25
13.9411764705882
18.2857142857143
0
5
7.28571428571429
13.7333333333333
0
0
14
16.75
0
13.2625418060201
4
10
0
11.5
14
3
24
5.75
16.1875
13.2857142857143
5
3
9.33333333333333
24
20
13.5
8.31914893617021
27.5
15.8333333333333
14.7586206896552
7
0
31
0
0
0
20
1
28.5
22
0
0
9.73333333333333
22
18
0
0
16.1666666666667
6
20
0
13
0
0
18.6666666666667
0
15.7142857142857
16.5
7.4
18
0
0
9.84615384615385
16.25
12
10.1666666666667
21
16.5
7.94736842105263
22
24.2
0
1
14
13
18.5555555555556
13
4
1
2
0
12.4705882352941
16
18
8.25
10
0
16
7.5
0
18.6666666666667
22
0
3
16.3636363636364
20.25
12.5454545454545
13.5
20
0
5.66666666666667
27
0
0
0
0
14.1674876847291
27
16
0
17
16
10
19.1428571428571
11.75
17
16.2156862745098
0
10.6666666666667
17
16
1
0
13.6666666666667
18.25
18
14.5185185185185
10.5
14.6666666666667
0
9.53846153846154
0
12.1
0
14.3142857142857
27
0
0
15.9
28
0
2
8.5
13.3333333333333
11
16
9.3
9.33333333333333
18.4285714285714
11.047619047619
17.8666666666667
13.9761904761905
0
0
0
0
14
18
5
0
11.1935483870968
19
11.6666666666667
27
9.81818181818182
0
4
27
14.9761904761905
18.3636363636364
13.85
0
0
0
0
17.1666666666667
9.33333333333333
3
27
0
13.6666666666667
1
0
12.3333333333333
1
23
12.75
2
14.6
0
7.75
15.8
14.6
0
25
1
0
11.3333333333333
18.5
11.8571428571429
14
11
21
12
10
11.75
13.7142857142857
11.952380952381
25
8
8.70652173913044
15.3333333333333
1
0
21
14
1
26
20
7.33333333333333
0
18.6666666666667
9
10.7450980392157
18
32
13.5
0
14
21
4
17.8
0
15.3333333333333
0
12.9035714285714
6
22
17.9310344827586
0
18
18
18.8
0
4
11.4230769230769
30
0
13.25
0
21
0
10.5
18
0
3
20
10.5714285714286
0
19
5
10.8
15.03125
27
6
0
25
30
18
1
14.25
13
19
24.3333333333333
0
17
30
13
0
14.2368421052632
0
0
0
14.6666666666667
16
10
0
15
16
21.3333333333333
0
7
0
26
21.2
0
20.3333333333333
0
0
22
18
20
14.3333333333333
13.4117647058824
0
0
8
22
20.5
25
22
21
20
18
9.8
0
1
0
18
0
0
0
29
15
27
4
9
0
14.6666666666667
19
17
18
0
0
0
9.33333333333333
20
1
0
25
14.5
21.25
29
0
23
17.3333333333333
25
29
1
0
0
29
16
17.5
19.3333333333333
13.5
17
21
0
13.5
0
12.4705882352941
0
9
21
12.0666666666667
15.25
0
1
8
9
16.4
16
7
0
0
0
24
16
19.1818181818182
5
17
15.5714285714286
29
14.8636363636364
0
0
0
8
17.3333333333333
15.5
12.3478260869565
0
20
2
0
14.3777173913043
0
12.6
7.24
10.6666666666667
15.9473684210526
15
10.8695652173913
0
31
16.3333333333333
16.25
11.2903225806452
0
12
11.6027397260274
1
12
12.5714285714286
10.9
0
22
19.4
4
0
22
0
13.2727272727273
17.3333333333333
6.63636363636364
0
11
0
21
14
13
18
15.1228070175439
9.9375
18
1
18.2
0
19
16.75
10
13.625
12
6
6.66666666666667
13
10
12.6666666666667
25
13
25
17
13.3333333333333
2
21.5
0
0
8.75
0
16
0
18.5
9.8
19
0
0
0
14.5
18.2857142857143
6.5
0
0
12
5
12.2448979591837
14.3333333333333
5
0
0
19.5
11
0
12
11
15
5
13.6666666666667
23
19.5
15.5
3
23
11.5
9
0
9.5
10.3333333333333
23
21
18
17
0
15.6
0
13
17.5
28
0
8.25
16.5
23
25
12.28125
9.875
14.4796573875803
20
17
15.5
22
29
5
0
19
0
6.66666666666667
13.6666666666667
0
25
0
20
19
26
12.6666666666667
1
0
0
0
0
20
14.5
13.6893617021277
1
20
2.5
11.2631578947368
0
0
14
7.6
16
19
21
12.5
25
0
1
15
19
5
16.3333333333333
13
14.25
26
14.1111111111111
0
9
0
21
10
0
9
9.33333333333333
14.5
0
24
1
0
16
0
0
7
16.75
7
15.5
22
18
0
18
13.2105263157895
0
12.5
0
21
14.2
13.5
5
0
26
19
0
0
1
27
15.031045751634
9
1
12.8421052631579
22
21
0
1
0
2
1
21
8.5
1
22
0
18
24
0
0
11.5
11
11
0
0
10
17.2
15.5
0
0
12
1
22
0
2
6
18.8333333333333
17
14
2
0
6
21
0
13.25
13
0
11
7.5
0
0
6.5
22
0
28
0
8.12844036697248
22
21
10
0
14.6538461538462
9.14285714285714
14.0526315789474
11.6428571428571
21
17.6666666666667
0
0
10
0
13.2
11
0
16.875
13.9166666666667
0
9
0
8.66666666666667
0
0
22
15
0
7.5
0
15.5
15.6279069767442
14.6666666666667
0
0
17
22
14.75
5
13
0
0
9
0
19.6666666666667
0
17
10
3
12.6116751269036
1
27
0
15.5
0
11
0
20
19.2857142857143
6
14
0
0
13
0
17.4
0
19
15
1
0
20
26
16
0
0
0
0
0
7
0
1
0
6
21
13.2857142857143
18.25
16.5
26
5
26
1
16
25
0
12
14.8571428571429
0
0
15
0
12.5
0
17
13.2
12.0434782608696
3
20
12.5
11.6792452830189
15.7142857142857
0
0
0
16.6666666666667
11.6
0
9.5
19
1
0
8
13.5
20
0
21.6666666666667
15.5714285714286
16.5
18.5
0
14.5
19
15
0
9
0
17
17
19
4
16
2
28
14.3620689655172
0
20.6666666666667
12
14.1538461538462
31
11
0
16
0
1
19.6666666666667
7.5
12
2
3
14
0
13
19.5
23
0
14.8
23
0
11.6666666666667
13.25
12.7
12.96875
10.5
27
8
0
21
8
62
18
0
0
17
11.5
0
0
7
13.3333333333333
5
7.31633141762452
9
0
13.3333333333333
0
15.4285714285714
28
1
0
14.75
1
20
16.5
23
15
7.57142857142857
24
0
20.3333333333333
0
11.8
5
4
19
0
8
18.3333333333333
0
22.5
1
0
0
1
16
0
27
18.5
0
14.4444444444444
24
14
12.25
0
22
0
0
12.75
15
0
4
0
22
22
17.6666666666667
8
0
15.3333333333333
25
0
8.44444444444444
15.6666666666667
18
15.431554524362
0
10
0
9
3.5
17
21
13
18
0
18
10
0
17
11.5757575757576
0
10
11
13
0
0
13.8888888888889
15.6666666666667
16
6
11
0
21
0
1
0
11.7142857142857
20.125
23
0
15
22
14
9
1
0
22
21
3
1
15.3333333333333
11.75
25.5
18.3333333333333
29
18
14
12.4285714285714
11
0
17
0
21
24
11.3333333333333
17.1
24
15.0898203592814
17.6666666666667
16.2857142857143
14.75
19
6
26
14
26
14.7142857142857
7.33333333333333
17.8571428571429
17
14.375
11
0
0
6.776
14.4
19
14.6666666666667
6.5
0
15.258064516129
7
21
5
0
12.6086956521739
0
11
21
15.3333333333333
14.5263157894737
11.8231292517007
1
11.5
5.77777777777778
17
15
0
16
11.5
16.5
10
0
18.5
1
12
0
16.8
0
21
14.2285714285714
25
0
1
4
14.4285714285714
24
8.25
18.75
0
13.4565217391304
19
16
18.5
30
10.75
0
22
0
0
0
19
17
0
5.33333333333333
19
20
0
0
22
12.2571428571429
20
11.060773480663
21.4
11
20
3
0
0
0
0
0
0
3
12
1
0
16.7272727272727
0
16
13.7083333333333
15.5
1
17
8
19
0
14.3333333333333
0
0
21
0
19
15.8
21
12
19
1
18
2
0
18
9
8.77777777777778
10
0
21
9.58620689655172
0
0
8
8.5
0
0
0
20
14.3333333333333
8
26
0
13.5
0
6
23
18
18
21.5
0
11.1111111111111
19
0
16
0
11
14.5
0
8
1
0
0
22.5
22
13
0
15.2
0
7
21
3
12.5
0
19
8
0
15
22.2
0
0
12
0
0
0
0
13
16.4285714285714
16
9
29
1.33333333333333
7
17
1
12
15.5
26
0
7.66666666666667
0
5
22
0
16
31.5
18.8
25
20.1428571428571
14
3
27
12.6666666666667
0
16
26
0
0
10.9393939393939
13.5804195804196
12
3
0
0
0
12
0
7.5
0
0
10.9285714285714
1.5
0
20
0
0
20
24
8
0
14.6785714285714
23
7.8
3
20.25
19
15
26
13.5
19
9.84615384615385
14
19.5
0
5
20
10
1
0
0
17
19.5
19.5
14.2515337423313
15.5
17
26
0
15.6666666666667
0
1
0
15
17
14
13.8
0
10.3333333333333
0
13.0864197530864
7
12
14
0
1
3
0
0
0
11.25
7
21
7
10.64
0
18.5
7
1
14.3333333333333
0
25
0
17.6666666666667
5
0
7
8
10
0
0
13
0
15.6
0
11.8333333333333
20
10
13
16.975
0
0
12
26
25
12.5
0
30
16
22
4
0
26
0
14.6666666666667
0
20
0
26
18
18
4
30
0
0
6
0
18
0
0
0
6.9390243902439
0
19.5
21
1
14.1666666666667
22
0
11
8
17.5
14.5
0
22
22
0
13
20.5
0
0
14.8333333333333
0
16
0
9.70588235294118
0
21
30
1
0
14.5
10.5
0
18.6666666666667
1
9.28571428571429
24
26
0
0
17
33
1
26
12.9347826086957
9.33333333333333
27
0
8
18
5
19
0
0
29
0
0
0
0
18
0
21.5
0
19
15
16
12.5
12
23.5
19
0
15
18
13
10.7951807228916
1
4
8
10
5
10
3.5
1
13
0
13
8.21428571428571
12
7
14.219512195122
11.5
16
10.7647058823529
0
7.5
32
19
22
0
11
11.3333333333333
14.25
20
22.6666666666667
0
1
0
5
0
0
0
6
0
7.61165048543689
0
26
16
15
12.5
0
27
5
0
22
13
13
0
20.3333333333333
0
13.3174061433447
0
11.4
0
12
12
16.8571428571429
0
13.3448275862069
12
0
11.0454545454545
0
0
0
23
10.3809523809524
12
15
12
9
0
0
0
0
14.1818181818182
10
0
0
15
8
0
18.2
0
21
27
0
0
0
0
15
13.4
21
1
6
21.5
7
0
9
13.75
0
9.875
7.90566037735849
4
0
7.5
0
4.5
14
16.3333333333333
1
29
0
1
9.44444444444444
12.1333333333333
21
21
0
7
0
8
8.02362204724409
7.33333333333333
8.66666666666667
1
20
1
15.2222222222222
0
22
0
11
0
18
8.33333333333333
21
25
9
0
12.7440758293839
0
23
0
7
0
29
0
0
0
0
25
8
29.5
19.3333333333333
14
21
22
26
16.5
5
22
0
0
9
11.3125
1
30
15.6142857142857
21.75
16.5
15
17
5
11
10
0
0
0
5
11.1320754716981
18
1
24
22
8
11.5
0
0
8
0
0
18.5
0
14.25
19
0
12
13.7625
0
24
18
7
0
7.22602739726027
17.4285714285714
28
0
27
16
2.66666666666667
22
0
14.25
0
0
6
18
16
4
0
16.0714285714286
0
22
1
8
0
19.8
0
0
23
18
0
10
9
22
16
17.6666666666667
0
14
0
16
8
0
10
19
15.5
26
9
0
0
0
15
13.5
14
0
1
13.25
0
21
28
14.2923076923077
13
2
22.1428571428571
0
23
7.5
0
0
4
6
1
12.5
0
20
1
0
12.5
19.5
6
0
26
14
23
18
0
10.5
0
0
0
14.5
0
15.6
19
26.3333333333333
0
1
0
18
0
5.5
8
0
20
0
1
0
16
0
0
11
0
19
0
23
18
0
9.33333333333333
1
30
10.96
3
12.8333333333333
0
18
0
13.5
11.3428571428571
11.5
3
8.66666666666667
17.75
30
0
17
15.1666666666667
21.5
26
12.4814814814815
0
4.61538461538462
6
0
0
4
0
12
1
17
20.6666666666667
21
17
11.5
0
18
0
8
2
2
0
0
0
14.25
12.1176470588235
22
0
10
11.6666666666667
0
0
19.25
13
0
21
5.33333333333333
24
22.6666666666667
26
10.3157894736842
0
15
16
13
19.5
27
20
5
1
0
0
1
1
9
13
0
20
0
16.6666666666667
9.33333333333333
5
26
0
18.5
0
0
0
0
18
6
0
16
9.16666666666667
16
18.5
16
1
11
8.5
0
12.8888888888889
0
0
20
23
22
0
7.75
0
25
14.5
0
33
4
0
19
7.14285714285714
19
1
0
25
19
0
0
1
7
15
20.5
0
0
23
0
28
15
13.5918367346939
0
0
0
24
18
0
21
0
1
2
23
4
0
13.5
2
3
0
13
1.25
22.5
0
17.75
0
13.3333333333333
22
0
6.8
2
12
12.5333333333333
11
0
5
9
10
0
18.6
8
1
0
0
20
0
17.6363636363636
11
19
1
0
0
0
17
0
0
0
21
1
2
28
8
19
0
0
8.45454545454546
18
0
11.7333333333333
14.4883720930233
5.5
17
19.75
0
21
1
0
7
1
0
22
0
5
18
13
12
0
18.3333333333333
0
7
11.36
20
0
17.5
0
10.3333333333333
14
11
0
13.5
23
0
0
12.8
0
0
14.7727272727273
16.5925925925926
14
10
21
15
1
0
0
17
20
0
10
11.6551724137931
20
1
5
17
7
0
7
12
7.16666666666667
0
1
0
0
19
0
29
17.5
26
10
0
4
0
14
9.5
14
26
0
17
14.5
0
17.8
12
16
1
0
18
0
19
0
0
9
26
0
0
8.33333333333333
0
0
14
0
17
10.3333333333333
0
24
0
18.6666666666667
0
9
0
0
1
15.3917808219178
4
16
1
17
11.9545454545455
22
15
22
0
18.3157894736842
25
20
16
13
17.5
21
0
14.1923076923077
20
15
21
16
0
0
24
0
0
8.25
23
0
0
0
13
0
19
13
0
25
17.8888888888889
7
26
18
29
12.3194444444444
14.8461538461538
7.66666666666667
0
15
14
1
18
9.3378640776699
7.53406660556065
4
0
6
14.2
21
12.5
0
0
10.72
0
0
0
19
18
12
11.5
0
0
1
5
0
0
15.1875
17
2
0
0
20.3
17.5
24
0
1
0
22
4
0
16.5178571428571
19.3333333333333
4
9
1
0
4
0
15.25
0
1
0
19
14
8
0
0
24
21
0
0
25
0
0
17
0
0
10
1
9.5
28
12
15.75
11
0
0
15.1515151515152
3
0
6
11.3409090909091
1
19.3333333333333
22
16
18.3333333333333
9.9467680608365
23
14
0
24.25
15.8461538461538
0
1
0
20
0
0
14.5202702702703
22
0
0
27
17.25
14.5
0
7
17.6
0
12
12
14.3846153846154
1
0
0
26
4
19
0
0
24
0
0
1
26
8
21
5
0
18
8
18
16.6153846153846
25
17
29
19.6666666666667
19
24
8
11.3333333333333
11
0
0
14
17.5
15
9
10.5
14.6
24
34
16
19.25
11
14.3333333333333
4
13.5
26
16.8
0
0
21
1
7
11.1
76
19
12.5
1
12
0
13
1
16.4615384615385
0
15
9
1
0
23.5
10
9
5
0
14.1190476190476
0
0
21
3.5
0
0
11.5625
12
9
0
0
0
0
18.5
0
0
1
0
1
0
8
24
0
13.4054054054054
25
0
0
0
13.3333333333333
10
0
0
0
17
0
6
9
0
18
25
10
20
4
11.5
12.5
6
1
16
0
6
0
8
12.7956204379562
0
0
0
0
31
0
0
22
0
1
0
0
0
9
14
22
0
14
19
5
16
21
18
18
11
19.4615384615385
0
18
13
1
0
0
14.6666666666667
25
17
15
11.6666666666667
23.5
0
24
0
21
0
18
0
0
0
18
1
20
0
1
0
0
18
12
1
17.7407407407407
1
10
0
14
12
27.25
15
11.5
0
23
0
0
0
23
23.5
0
0
13
2
28.5
0
0
6
1
17
14.2
12.5
14
0
19.5
4
9.38888888888889
0
24
23.5
15.1111111111111
15.1078431372549
0
0
10.3333333333333
0
0
6
10
26
13.3333333333333
0
20
0
0
0
7.82926829268293
9
0
1
40
0
10.5
10.4666666666667
1
8.5
23
3
0
0
26
8
1
29
13
0
9
11
4
0
0
0
3
24
0
0
9
23
21
18
18
17
1
0
11.2222222222222
0
16
0
0
1
17
0
0
13
0
0
9.71428571428571
15
0
2
8
16
6
1
15
1
0
1
19
0
16.5
19
6
12
10
16.3333333333333
12.4736842105263
0
1
0
0
0
10.1666666666667
0
14
23
0
14
18
11
22
0
12
21
22
1.5
5
0
8
0
21
15.5
0
1
0
24
0
0
13.5
0
0
0
0
0
7
15
24
0
23.5
16
30
20
13.5714285714286
16
0
0
0
24
6.75
14.5
23
0
0
13
1
11.2051282051282
0
9
1
27
0
0
16.5
14.8888888888889
0
26
4
15
14
25
19
0
3
7
4
10.7948717948718
1
19
21
0
0
0
0
0
24
16.75
0
8.38461538461539
17
2
0
9.08196721311475
18
0
5
2
11
0
12
42
31
18
3
0
0
0
31
15
8
12
10.3333333333333
4
23
7.75
8
12.9935064935065
1
19
1
9.85714285714286
27
0
19.5
0
20.3333333333333
1
20.5
0
25
20
22
0
0
0
4.5
21
27
0
28
20.5
19.5
20
1
9
16.7142857142857
7.25
0
0
12.4
3
0
15
21
27
7.5
0
16
0
3
0
0
7
1
0
0
5
13
10
11.75
17
4
1
0
0
0
0
0
0
0
15.6666666666667
11
1
2
0
16
0
16
18.25
0
36.5
20.25
15
22
23
7
14
22
12
3
0
12
13.6
30
14.4
0
11
0
0
20.5
10
31
8
9
0
6
23
9
0
31
15
0
19
0
0
2
14
3
24
1
29
6
17
0
27
0
5.5
0
9.51428571428571
16
0
20.5
0
11.3703703703704
20.5
12
0
1
0
21
5.66666666666667
0
13.8
2
20.5
15
21
17
14
0
0
9.30769230769231
13
0
0
5
19
0
0
0
27
13
12.5
0
9
10
3
14.8070175438596
11
0
21
20.75
15.9047619047619
23
16
25
0
1
14.4910313901345
0
11.8405797101449
27
0
3.4
11.7777777777778
17.3333333333333
0
21.75
12.6666666666667
3.4
0
0
0
0
20
1
29
0
20
9.5
12
0
0
11
14.6666666666667
17
13.4161849710983
0
0
11.5
0
14
0
0
10
0
13
19
13.4878048780488
10
11
0
1
17
0
0
16.6697247706422
29
0
19
21
16
6
12.7737226277372
26
19
0
19
18.0952380952381
10
0
13.7586206896552
10.6666666666667
25
21
12.1666666666667
12.3333333333333
0
0
17
0
11.6235294117647
3.33333333333333
0
24
22
19.3333333333333
19
17
0
0
27
1
0
5
11.8275862068966
7
0
10
1
18
2
29
20
0
8
0
7
6
0
0
27
0
31
5.5
0
17.75
25
14.5
7
1
13
0
7.91803278688525
8
13
18.5
0
6
0
0
24
13.7748251748252
0
0
7
0
0
15.4933333333333
0
0
0
29
22
19.5
0
1
15
16
15.875
21
22
15
25
12.5
0
17.3333333333333
21.5
12.6666666666667
31
18
1
24
0
9.25
17.6666666666667
1
14.7037037037037
10.9938271604938
0
13.5
22
0
16.8611111111111
14.3333333333333
0
16
0
0
16
1
16
21
0
1
27
1
2
0
21
13.6935483870968
0
0
14.2
0
24.5
8
18
0
13
3.5
1
28
0
23
0
0
12
0
21
15.25
0
0
34
18
0
13
2.5
10.9615384615385
24
6
0
19
7.35
31
19
4
11.4578313253012
0
1
0
25
13
0
0
1
0
13.7142857142857
18
0
0
0
21
17
0
17.5
20
17
0
1
17
17
24
0
13
0
24
15.4871794871795
14.5
7
2
28
12
0
0
18
18
24.5
4
6
12
16.8
0
19
9.41666666666667
27
0
18.4285714285714
0
22
0
13.1111111111111
17.3333333333333
8
0
0
12.7397260273973
0
17
8.25
0
1
0
0
0
0
0
0
0
22
23.3333333333333
26
2.5
27
0
10
0
0
0
10.8356164383562
19
14
19
0
3
0
1
0
0
18
12.4814814814815
0
9
6
0
7
0
16
18.6666666666667
31
0
0
10.8
13
0
20
14.4
0
16
0
12.6
6
4
0
23.5
16
18
23
13
0
0
1
0
12
9
0
4
0
3.5
13
22
0
26
0
0
25.5
12.5
15
15
1
0
0
0
0
19
1
5.66666666666667
14.2857142857143
6
38
0
0
0
20
9
32
3
0
26
14.5
0
0
0
19
24
5
11
18.2
14.4166666666667
14.2083333333333
8
17.75
10
0
17
15
16
31
24.5
1
10
0
25
27
0
0
0
0
14.3125
12
0
1
0
21
20
19
16
0
0
0
0
0
8.11347517730496
0
7
16
17
28
0
0
1
23
0
5
12.8
10.3333333333333
0
24
0
0
18
0
6
17
10
0
0
12.1111111111111
18
0
4
16
0
10.7692307692308
1
0
0
4
0
1
18
0
4
6
16.5
15.75
16.5
1
15.5
0
0
0
18
19.8333333333333
3
29.5
7
1
37
19
27
18
0
16
0
0
1
0
12.2307692307692
10.3561354019746
0
10.8407960199005
23
18
0
0
18.3333333333333
10.5
26
0
15
18
2
0
0
28
13
16.5
0
1
30
0
0
7
12
21
0
4
0
3
9
9
1
0
0
0
7.00572197913161
8
39
9.57608695652174
0
11
11.5
0
0
11
11.7692307692308
23
16
8
0
0
30
23
21
0
0
14
0
23.5
0
28
0
18
0
0
26
18
17
0
0
1
8
12.1891891891892
0
0
13.4133333333333
0
6
14
2
20.5
0
12.5
0
15.4117647058824
0
13
3
0
8
28
0
24
0
0
0
0
19
17
13
2
0
6.5
0
5
4.5
9
18.8333333333333
0
19
1
15
0
10
14
28
9
20
0
0
8.5
0
0
17.6666666666667
0
0
0
21
20.5
0
6
0
22
0
0
0
0
21
10
0
0
0
12.3888888888889
5.55555555555556
0
9
7
0
0
12
15
19.6666666666667
0
0
23
30
0
0
0
16.952380952381
19
0
0
21
0
0
3
19
16
18
0
0
4
4
13
0
0
2
12.8774703557312
23
0
4
23
13.5
15.5
22
9.58823529411765
0
0
0
0
16.5
15.3333333333333
23
0
0
14
0
1
16.5
0
11.5
0
19
14
17
0
1
0
0
1
12.1111111111111
28
0
0
21.5
0
12
0
6
0
5
0
0
28
12
13
26.5
11.3783783783784
0
2
10.8333333333333
21
23
0
0
0
2
13
1
0
0
0
24
20
0
0
1
12
23
3
13.6756756756757
0
13.8636363636364
0
0
13
12.5
1
0
0
0
0
13.7575757575758
31
0
11.5
7
0
26
6.30864197530864
4.2
20
25
10.475
19
15
17
7
13
24.3333333333333
26.5
27
0
22
15.4
17.4
18.2352941176471
1
0
19
30
15.3125
17
0
3
24
0
7
13
0
0
30
0
14
0
0
8.5
0
0
0
0
0
0
15
11.0416666666667
0
4
19
4
12
0
12.32
7
32
0
10
0
0
13
0
22
21
0
5
13
15
0
20
5
10
14
0
0
24.5
0
26
0
10
18
0
28
0
10
0
6
15.5
10
0
0
18
20
0
0
12.5
1
3
0
7
0
1
0
0
14
26
0
0
31
14.1686746987952
28
0
7
0
0
25
6
0
18
6
2
26
1
13.75
3
0
0
0
23
18.7142857142857
6.66666666666667
13
7
9.5
8
1
20
3
21
22
6.42783505154639
1
9
0
1
0
28
22
6
0
10
17.5
22
0
0
22
4
14
0
18
0
6.31893687707641
12
0
0
0
6.72413793103448
0
0
22
0
14.4761904761905
17
24
15.72
0
14.9459459459459
0
17.5
9
10
0
2
14
17
0
0
28
1
12
0
21
0
21
0
0
1
1
32
3
21
0
18
3
11
11
1
9
5
0
0
24
23
15.6666666666667
13
0
6
0
0
0
0
0
15
9.5
0
14.4054054054054
23
27
15
0
0
0
0
6
25
0
18.5
19.6666666666667
0
0
29
10
0
12
0
1
0
19
0
0
29
25
1
11
6
13
23
20
11.3666666666667
4
11.5
0
23
11.6666666666667
3
0
10.5
0
11
15
0
1
0
6
25
0
17
17
20
0
18
0
30
0
0
15
18
7
4
0
6
0
0
0
0
0
13.3333333333333
18
0
9
8
0
20
0
0
15.5
0
0
20
0
0
25
10.0434782608696
0
0
7
7
0
18
15
8.90909090909091
0
7
0
0
12.3404255319149
0
0
0
0
8.33333333333333
10
0
0
0
17
0
13
19
17
27
0
0
19.5
0
2
0
9.83333333333333
17
0
0
23
10
2
9
14
28
0
0
14
28
4
19.5
22
0
12
5
7
0
15
0
0
0
20
15
15
0
0
1
10.8
0
0
0
14.2
22
18
13.1666666666667
0
0
0
0
0
17
21.3333333333333
0
0
17
0
12
0
2
5.5
8
1
15
24
26
0
0
1
0
0
25
12.25
9
8
0
23
0
26
1
26
27
0
0
15.2142857142857
14.462962962963
0
1
25
10.1666666666667
8
12.75
22.5
0
0
27
21
24
0
23
16.5
0
9
10
0
8.35294117647059
12
27
2
0
6
1
0
14.2962962962963
24
0
14
11.5
0
7.76470588235294
19
0
11.6756756756757
0
0
0
14
12
0
23
11
16.3333333333333
18
14
0
27
29
0
15
1
11
0
24
3
17
0
14.8928571428571
0
0
0
0
0
0
21
11.25
13.9444444444444
13.6
0
0
21.5
1
0
12
13
2
13.4296435272045
8.11111111111111
1
18
11
0
0
20
0
0
0
6
0
0
0
0
1
1
11
0
11.768115942029
9.5
0
1
6
28
0
12.52
0
0
14.5
0
0
18
0
10
0
0
12
17
21
11
14.3157894736842
0
1
19
0
7.50232558139535
0
10
0
23
0
1
19
23
11.3932584269663
13.5
0
22
1
0
19
18
12
15
12.6354166666667
6.40540540540541
0
24
0
0
23
19
14
0
9.28571428571429
11
12.1111111111111
1
14.1538461538462
16.0142857142857
20
0
21
4
0
0
16.75
0
13
21
0
4
12
0
0
11
2
3
23
0
10.9
21
0
0
21
17
25
14.3072824156306
28
29
13
4
9
7
0
12
1
0
17
0
0
23
0
7
1
0
1
0
10.6666666666667
24
1
0
0
0
14.76171875
26
17.5
0
0
0
22
20
13.5
0
5
0
0
0
5
18.3333333333333
4
13
19.5
0
0
14
4
27
3
11.8541666666667
0
3
9
12.75
12
23
22
13.5
0
7.20258620689655
19
21
0
0
17.375
0
19.6666666666667
11
1
14.1
11.3287671232877
0
18.6666666666667
9
0
8
4
5
0
14.641975308642
0
15
0
2
22
0
18
0
0
12.09375
1
15
0
6
0
0
14
5
2
0
19
13
0
0
7
0
14
24
29
24
7
2
19
13
18.8
5.25
19.5
0
0
0
8
0
16
9
19
22
1
17.2857142857143
0
13.4406779661017
0
16
0
0
1
20
0
13.6114942528736
16
11
0
11.6071428571429
16
14.6727272727273
13.6744186046512
17
18
0
0
17
11
6
10
0
23
0
40
16.8571428571429
0
1
9
0
20
10
0
3
0
0
0
1
9
0
0
11
7
0
16
0
0
0
0
16
15
1
1
19
0
27
0
10.5
0
0
0
0
26
0
12.7222222222222
6
1
0
6.97087378640777
1
0
1
0
16
13.8933333333333
0
0
0
0
3
0
14.5268817204301
21
0
0
0
17
0
2
17
0
0
10
4.5
0
0
0
1
0
28
10
17.5
6
0
0
1
0
0
0
1
14
6
18
19.5
21.5
9
0
17
18
0
14
22
7
0
17.4
12.5
13.4032258064516
0
0
17
1
11
0
0
10.5
0
7
0
9
10.6
0
1
0
0
14.6666666666667
0
0
24
17
0
6
0
15
10
24
26
0
26
0
1
0
10.781954887218
10.8121546961326
2
0
20
0
18
9
14
6.15425531914894
0
24
0
6
29
14
28
0
0
14
16.6862745098039
13
22
18.75
21
0
5
0
1
15.7282608695652
8
0
0
12.0347222222222
0
16
30
0
0
15
0
0
2
13.159169550173
3
13
32
16.6666666666667
0
0
14
3
19
0
0
21
11
16
0
1
0
23
2
0
27
0
0
0
22
0
19
0
24
17.875
0
2
0
0
9
14.4285714285714
14
5
2
21
27
17
19
17
12.3552123552124
0
8.66666666666667
0
0
10
0
0
18
0
0
24
1
1
0
17
0
18
2
0
0
16
0
16
0
10
6.5
2
24
26
16.2
0
0
0
5
5
24
10.8358208955224
18
0
10
1
17
0
1
16.3333333333333
13.3333333333333
14.5
2
0
16
18
0
24
0
0
12.2798353909465
15
19
0
15
20
1
0
0
12
2.5
19
24
26
0
22.3333333333333
23
0
13.6111111111111
0
4
4
0
0
18
16
0
18
6
36
19
27
0
0
10
0
14
0
23
5.14285714285714
0
1
26
8
7
33
9
10.4285714285714
13.1428571428571
0
0
12
19
0
20
22
0
2
10
18
0
30
15
0
0
0
0
23.5
19
16
0
0
6
0
0
21
11
0
0
24
15
14.5
0
23
5
0
5
7.33333333333333
8
0
21
0
24
0
0
0
29
19.5
0
12
0
0
20
4
13.75
9
10.0846153846154
0
29
0
17
26
10
29
16
0
6
14
22.3333333333333
17
0
0
0
11
22
20
0
0
0
23
12.5
20
0
1
13.5
0
11
0
16
34
21
20
18
2
24
23
14.2772277227723
10
21
0
20.5
0
7
8
0
0
11.6
30
0
9
14
0
14.6260869565217
14.3333333333333
0
0
17
0
0
1
0
16.1818181818182
0
0
0
1
21
0
2
0
10.625
0
0
1
15
19
16
9
4.5
12.5
24
7.96987951807229
17
0
9
24
0
13.1
0
0
0
11
25
0
0
6.75
0
26
10
0
1
19
19
15
0
16.25
19
0
0
8
13
0
1
9
19
0
0
0
0
5
4
0
0
23
0
13
10.64
0
19
20
0
7
0
1
6
18
21
12.25
10.2
16
1
0
12.0666666666667
0
0
17
25
0
5.5
0
28
0
0
0
0
9
1
0
3
0
0
0
11
20
15.5
0
27
12
0
0
0
0
0
0
6
0
0
28
0
16
13.2598039215686
17.5
20
0
1
10
0
17
6.66666666666667
16
13
11
0
21
0
0
17.5
2
1
0
0
24
2
4
20
0
0
0
17
0
19
0
1
0
3
13
19
19
24
14.1904761904762
14
0
0
1
0
0
1
1
16
24
0
0
24
20.1666666666667
0
11
11
2
3
24
27
32
0
0
17
14
0
9
18.5
12.8783783783784
20
23
1
0
16.5
13
21
17
4
0
1
0
0
15
14.9090909090909
0
9.375
8
0
19
0
0
11
0
21.5
0
25
3
0
0
4
7.11181434599156
0
23.5
22
19
0
8
15
16.5
0
0
0
0
14
12
0
15
0
0
0
14.9090909090909
0
15
3
0
14.4791666666667
9
0
20
4
15
10
0
5
0
14.3382352941176
0
0
26
33
25.5
8
0
8
1
14
22
6
22
0
0
17
16
12.741935483871
14.0643776824034
29
0
13.5
1
0
10
4
0
0
0
0
21
17
15.344262295082
15
19
9
7
0
0
22
5
13.4036144578313
1
32
0
0
33
10.75
15
10
14
23.5
12.3888888888889
12
13.421686746988
1
0
0
8
0
12.4594594594595
0
0
0
0
14
14.12
20
22
0
19
19.5
0
0
13
17.3076923076923
24
26
22
0
0
20
13
0
18
0
15
0
19
0
2
9
22
0
7
0
1
22
1
6
11
7
14
0
19
0
0
25
18
9
26
1.5
15
0
0
0
0
28
0
0
17.4285714285714
4
0
26
17
1
18
0
12
4
0
0
11
0
14
13
22
18
22
24
2
0
0
12
13.5
22
0
19
7
0
0
11.5353982300885
7
5
5.5
1
15
4.5
12
0
10
16
0
5
11.2835820895522
13
0
3
0
19
9
17
5
0
1
0
20
1
9.54193548387097
24
0
22
18
0
25.3333333333333
0
0
0
15.0714285714286
0
20
21
0
16
0
0
9
1
0
0
20
12
0
30
19
0
11
16
0
1
1
25
0
13
26
0
14
23
11
0
0
16.25
8
0
0
0
14
26
0
27
0
1
0
0
20
24
10
0
4
31
0
0
10
26
3
15
12.2272727272727
7
26
23.5
0
12.9097103918228
11
0
0
10
19
20
6
0
20
8
7
0
17
17.6666666666667
6
0
0
18
0
16
1
9
13
24
10.5113636363636
21.5
0
1
14.855421686747
9
16
1
24
23
7
0
20
14
20
1
23
8.60294117647059
0
0
22
0
0
25
8
0
0
0
0
0
11.7142857142857
0
0
0
14.7878787878788
0
0
16.5
7
15
1
18
29
21
0
0
17
0
16
13.3333333333333
4
21
1
0
6
24
0
0
0
15
5.5
11
0
3
12
11
20
16
12
10
17.1818181818182
4
0
24
16
0
5
16
0
0
13.2777777777778
0
0
10
19
6
0
1
0
0
0
14
0
12.3888888888889
0
0
0
3
21
0
0
10
12.2
0
0
0
6
0
19
12
12.5714285714286
0
18.0909090909091
25
19
24
0
25
10
0
21
1
0
1
0
5
0
8
20
1
0
17.6
0
0
1
0
0
0
15
13.8125
10.1
11
16.3333333333333
0
0
0
19
28
8
0
0
0
16
0
0
1
13
18
0
1
12
18
17
0
18.5
1
8.5
0
0
24
0
0
14
22
0
0
1
14
0
0
10
0
0
0
14
18
19
19
0
1
26
0
0
21
9
20
21
22
0
0
15
25
3
0
1
27
25
2
14
14.6428571428571
7.83076923076923
0
0
24
16
14
6
0
0
4
21
0
23
0
14
19
0
26
7.84615384615385
20
20
0
0
7
15.5
0
5
12
26
0
1
1
29
0
4
16
13
11.6869565217391
0
0
4.7
6
7.5
0
15.2352941176471
15
18
20
28
0
23
0
23
0
10.5
0
1.5
23
17.6666666666667
20
0
15
14
5
3
5
0
1
20
0
14.7313432835821
2
0
23
0
0
16
25
16.1363636363636
20
16.1176470588235
0
1
0
14.4166666666667
0
1
16
16
10
2.5
0
2
26
0
29
17.5
5
20.5
5
0
0
21
0
0
13
0
22.5
3
1
0
0
22
22
12.5769230769231
0
0
0
0
29
0
9
0
0
0
11.5
0
0
0
24
0
25
13
12
0
9
0
14.4455445544554
0
11
0
13.3333333333333
5
19.3333333333333
0
26
0
0
0
0
0
16.6666666666667
0
13
25
13
0
24
4
26
0
21
0
4
0
11
18
1
24
22
0
0
10.5
0
0
0
18
10.9039665970772
0
0
19
20
1
0
20
12.625
13
20
0
14
13
0
0
14.1011235955056
0
0
23
0
17.6666666666667
0
0
28
22
0
26
4
15
0
7
0
4
0
20
10
10
0
6
1
0
4
17
0
21
0
1
0
0
7.31818181818182
23
9
0
1
0
27
21
25
20.5
0
0
13
10
0
23
23
0
0
0
18
0
22
0
0
5
0
12.6206896551724
0
0
0
12.5
0
0
24
0
0
0
23
0
24
5
0
10
0
0
24
0
0
1
0
9
10
19
0
0
12
20
16.2608695652174
10
0
0
1
8
3
1
20
4
0
0
1
19
12.952380952381
0
6
17
0
0
0
0
22
0
15.1972789115646
6
0
17
11
17
24
1
18
0
0
18
20
11.0212765957447
19.5
27
9.5
24
13
0
18
0
11.5974025974026
18
18
13
1
6
12
0
29
0
13.25
1
0
15
14
1
14
0
13.2365591397849
0
23
1
0
0
0
0
14.35
1
0
0
0
1
0
1
21
0
0
0
5
0
2
0
0
13.7058823529412
20
4
0
0
0
25
0
3
0
1
22
0
0
9
12.1818181818182
20
0
17.8333333333333
21
4
10
16
0
6
0
0
0
0
18
0
3
7
9.50520833333333
0
0
0
22
1
1
0
18.3333333333333
0
0
16
1
0
10
6
0
20.5
3
0
3
0
0
0
6
9
23
0
0
13.9166666666667
0
12.0833333333333
14
17
14
0
26
4.125
0
17
24
13
0
21
8.68553459119497
8.5
0
17
5
0
0
15
9
0
18
0
12.5
0
13
13
0
1
4
14
7
0
18
23
0
0
12
29
27
28
20
1
21
15
16
0
0
0
15
20.6666666666667
14
0
0
23
0
13
0
0
0
5
0
19
19
6
21
18
22
24
0
16
14.4340836012862
0
4
19
0
21
0
22
25
0
31
7.52272727272727
6
0
0
27
0
15
0
15
23
27
0
0
12
13.6461538461538
0
5
1
0
0
15
13
14.9473684210526
0
14.4565217391304
0
1
0
0
3
14.8229166666667
10
12.5
0
19
0
3
15
3
0
0
21
6.27522935779816
10.7241379310345
14.4
0
6
13
18
0
0
14.6538461538462
0
0
0
1
13
0
23
0
1
0
14.6666666666667
0
0
14
1
0
0
4
0
17
0
0
21
8
0
14.1219512195122
14
20.5
8.5
0
0
0
29
0
23
7
0
23
26
25
7.40384615384615
0
20
11.5
6
15.5
22
15
21
13
22.5
1
0
0
0
0
23
18.5
6
0
22
14.3353174603175
17
4
22
25
0
22
0
0
0
16
25
10.4285714285714
0
5
1
0
0
15.3793103448276
22
12.2207207207207
24.5
10
21
18
0
0
15.0054347826087
0
0
0
0
9
1
0
25
0
0
0
15
0
23
12.6666666666667
0
7
0
23
18
20
24
25
7
1
14.1404958677686
14
0
19
25
4.28571428571429
0
0
18
0
11.1025641025641
0
12
23
6
23
3
0
0
0
20
28
1
0
12.2115384615385
0
10.5
0
0
0
11
9.66666666666667
0
0
0
0
0
17
0
0
14.0851063829787
4
7
0
14.1632653061224
11.304347826087
0
11.6666666666667
27
15
20
14
0
6
0
0
10
7
23
0
0
0
0
0
0
0
15.5
0
0
6.67192429022082
17
0
18
0
0
23
1
19
0
0
7
0
0
0
0
0
6.4559585492228
0
0
0
22
22
23
15.55
2
0
15
0
24
0
0
0
6.62849162011173
18
11
1
0
0
1
19
0
2
4
1
14.6086956521739
0
24
4
12
1
0
0
16
0
9
6.71255060728745
21
0
19
4
11.8064516129032
24
13.5
6
21
9
0
1
20
0
0
0
14
0
0
0
0
0
25
0
17
0
0
24
0
15.6363636363636
24
0
21
21.5
1
19
0
20
1
22
1
11.7567567567568
16.3333333333333
19
0
0
23
5
0
0
15
0
0
17.5
16
22
18
0
20.5
0
0
1
7
3
23
11.6764705882353
1
0
20
0
0
0
0
0
0
11
7
0
31
28
21
4
0
15
7
0
0
0
0
0
16
0
14
1
23
0
0
1
0
11
0
4
0
1
6
0
20
9
0
20
24
0
0
0
1
13
24
0
0
22
5
14
0
17
1
0
0
0
7.27272727272727
20.5
0
0
25
0
0
0
0
3
15
1
0
0
0
23
21
11.8
0
16
0
19
19
12
16.504132231405
1
0
12
30
0
0
24
24
16
17
0
0
0
0
5
12
6
14.8533333333333
0
1
0
24
6.80562659846547
4
18
0
23
27
20
13.5
24
16
1
3
0
0
0
13
15
13.5
0
0
0
7
0
0
14
0
19.5
0
0
9
0
0
22
11
11
6
19
21
28
0
7
13
6
14
4
27
0
13
0
24
1
17.5
8
0
14
21
1
1
0
9.28571428571429
14
18.6666666666667
0
11
19
9
18
1
0
17.8674698795181
17
25
18
0
30
10
0
1
12
0
0
20
24
0
0
0
17
3
24
4
0
0
7.94444444444444
4
12
16
18
0
17
7
11
0
0
9
0
0
20
17.5
15
4
0
16.6114649681529
1
28
29
25
15
2
8.83720930232558
22
0
0
0
7
7
0
27
28
0
13
0
24
0
0
6.66666666666667
5
0
0
17.1818181818182
26
9
1
0
13.90625
26
1
0
12
6.01470588235294
0
1
0
9
28
7
0
0
1
8
11
21
21
0
19
0
18
26
22
13
0
0
0
0
23
9
8
0
7
7
0
1
12
0
0
7
0
24
14
9
0
0
12.9206349206349
0
16
0
58
9
20
1
1
0
1
12
0
1
0
0
27
0
11.7272727272727
8
11
0
24
0
2
20
0
18.5
0
14.1428571428571
16
23
0
1
0
0
22
0
12
0
0
20
0
0
0
22
0
0
0
0
1
0
14
1
14
11.8983050847458
0
0
0
12.6666666666667
17
22
16
4
0
0
5
0
0
0
0
13
0
0
0
12
28
13.1372549019608
17
8
13
8
0
5
16
20
0
0
18
17
0
18.5
0
0
11.2898550724638
17
8
4
9
13
0
1
21
0
18
6
0
0
15
15
0
16
1
0
7
0
0
0
8
0
0
0
23
14
7
0
0
1
0
12
22
16
0
0
11
15.5
18
0
0
0
0
0
0
19.2857142857143
0
1
1
11
0
0
0
23
6
18
12
22
19
1
0
17.6666666666667
25
28
0
22
0
0
22
14
19
0
0
0
13
7
0
21.5
2
0
13
13.5524193548387
0
0
27
0
9
1
0
1
9
0
0
14.4146341463415
22
25
0
0
9.5
0
0
20
13
11
26
9
11
0
0
0
24
1
15
0
10.0909090909091
0
13
10
0
0
0
23
0
0
0
0
8
0
0
0
24
7
19
17
22
24
25
22
0
0
0
5
11.5502958579882
22
0
18
19
0
0
0
6.046875
1
0
20.2307692307692
22
17
22
18
0
1
0
31
0
30
0
1
0
0
12
24
5
0
0
20
0
18
0
15
0
0
0
1
0
0
0
21
2
11
0
15
0
0
14.725
13
11
8
19
26
10.958904109589
0
0
10
22
0
0
14
20.5
0
1
0
0
0
28
20
0
0
11
24
0
0
24
0
20.5
25
4.5
14.5
0
0
1
0
20
3
14
7
1
0
0
4
17
14
31
12
9
0
0
0
0
0
0
0
16
1
0
29
17.5
0
15
0
0
0
0
21
9
5
0
4
7
14
0
0
3
0
0
0
0
11
19
0
13
0
0
15
0
8
1
18
0
0
7.53333333333333
23
1
9.21686746987952
0
0
0
0
20
16.2903225806452
0
0
28
3
12.3571428571429
9
15
7
0
15.2444444444444
9
6
1
30
21
0
11.2916666666667
0
1
0
20
0
21
14.5
0
0
13
25
10
0
10
22
0
8
0
18
13
1
21
0
0
4
12.5428571428571
0
19
9.38461538461539
25
6
17.6
21
16
0
8
16
0
0
1
20
0
0
1
12.25
28
0
19
0
21
0
12.7547169811321
11
0
0
0
0
15.7
3
14
13.9238410596026
26
20
0
8
0
0
0
17
22
0
0
6
0
22
7
2
9
0
26
25
7
17.1739130434783
7
22
0
1
0
0
0
0
20
15
0
3
31
0
7.375
1
10
11
5
1
0
3
18
28
13.8055555555556
8
0
0
4
1
0
14
1
31
23
0
21
3
10
14.8333333333333
14
24
27
12.3857142857143
0
0
4
18
0
0
0
0
0
0
0
0
6.83333333333333
1
23
0
28
31
21
0
35
0
0
1
19
13
11.4228187919463
28
0
12.75
12
1
0
0
23
8
0
10
18
0
0
9
13.6210526315789
19
9.27272727272727
0
24
20
11.5
22
25
0
4
0
1
0
28
23
12
0
0
1
0
17
11
23
0
23
0
23
0
5
19
0
6.8
12
0
0
13
0
0
20
0
1
0
24
0
14
0
24
0
26
21
0
7
18.5
24
0
0
0
1
20
0
4
10
0
15
21
0
0
3
11
8
0
6
10
16
24
21
22
20
11
0
3
0
5
25
0
0
0
24
0
0
20.3333333333333
9
0
18
0
20
21
17
27
19
0
8
18
11
23.5
0
0
0
2
18
0
0
11.5
8.80619506069485
0
1
15
9
0
8
19
24
0
6
0
0
0
19
15
25
19
26
10
15
0
0
20
0
13
0
5
13.4869109947644
19
20
3
18
2
23
0
0
4
21
0
0
13
0
24
17
6.63953488372093
9
23
0
11.7659574468085
0
28
0
19.4
0
0
1
13.9230769230769
17
0
0
11.5
0
14
23
25
22
17
0
0
32
19
0
0
0
0
16
1
14.56
22
1
0
22
0
12
9
0
0
0
0
13.9298597194389
13
18
0
3
0
18
0
21
18
0
0
0
0
0
0
0
0
0
15
1
0
13
25
11
23
0
0
14
0
1
0
8
0
0
4
7.38271604938272
16.1428571428571
23
0
4
15
20
0
7.61904761904762
0
0
3
0
1
0
0
0
27
5
0
0
13.0379746835443
0
0
23
0
7
0
27
21
4
0
5
0
11.1395348837209
0
16
15
0
0
19.3333333333333
0
18
12
7
10
24
0
11.969696969697
23
15.32
5
0
9
16
0
13
10
27
2
13
16
21
12
1
3
0
15
3
6
0
21
0
21.5
0
21.3333333333333
0
13
14.0540540540541
9.51219512195122
0
0
21
0
21
5
0
18
18
0
0
23
0
24
6.66666666666667
27
0
23
8
15
0
9
0
12
26
0
0
6
32
0
0
28
21
14
0
2
20
18
1
13.45
0
15
12
22
0
13.8051948051948
1
9
0
0
21
18
0
5
0
20
0
0
0
6
18
19.6666666666667
0
0
22
25
0
0
3
9
3
0
21
11
0
20
0
14
0
0
1
0
22
28
23
5
20
18
0
0
0
10
0
19.5
15
22
0
0
0
5
18
12
0
4
14
16.3333333333333
9
0
0
0
29
6
13.5
19
7
0
21
1
0
23
20
3
23
20
0
31
13
20
0
22
23
0
10
0
0
0
0
25
32
0
7.5
0
0
4
0
0
8
0
21
0
0
0
18
0
0
16.1111111111111
0
12
22
5
0
11
7
10
0
0
0
0
14
0
19
0
18
0
0
0
0
13
0
19
0
9
24
0
0
26
0
29
0
0
0
15
23
0
8
0
21
25
15
0
19.5
3
29
32
0
10.6666666666667
0
28
12.3157894736842
0
2
0
17
0
17
0
20
0
15
0
0
22
29
0
0
0
0
0
42
5
13
0
26
5
0
22
21
0
19
24.5
26
12.6666666666667
0
24
0
19
13.9655172413793
0
21
58
0
3
5
0
21
0
22
0
0
3
10.875
0
0
32
26
3
1
0
1
24
9
14.3648648648649
0
0
11
0
0
0
0
7
18
19
2
0
19
16
31
21
0
0
0
26
20
12
24
21
6
15
18
10
0
21
1
18
15
19.6666666666667
0
0
6
9
12.5
0
11
12.7430555555556
0
0
1
6
19
20
0
0
0
14
22.5
34
0
7
0
0
7
17
1
0
0
7.4
19
0
0
29
16.75
18
12
25
18
20
5
1
27
13
7
0
1
0
13
1
0
6
0
16
0
0
0
1
15
0
16
17
0
7
12
0
0
20
0
15.8556701030928
20
19
0
11
48
2
0
1
6
27
9
0
1
1
14.5
9
0
0
1
0
7
0
16
12
0
26
6
21.8
0
0
0
0
27
1
1
20
0
0
15.5
1
0
26
1
3
22
0
6.4
0
10
23
1
0
14.25
18
7
25
24
14.3333333333333
0
0
7
0
23
1
0
0
0
0
2
14
11.6851851851852
1
12
11
1
23
14.7407407407407
0
23
21
18
8
0
16
12
0
6
0
0
10
0
1
0
1
0
25
0
12.5283018867925
27
11.3333333333333
0
0
0
26
0
12.75
13
1
0
6
0
7
17
0
0
25
0
0
9
0
5
0
15
0
0
20
36
19
5
8
32
0
0
25
8
25
17
0
0
23
0
0
0
0
1
22
23
3
22
0
0
24
0
0
0
19
0
5
0
0
7
0
1
0
0
0
0
3
3
20
1
1
0
0
0
0
23
1
18
0
10
0
0
13.4354838709677
25
15.75
20
3
0
0
1
0
0
13.5029239766082
13.6814903846154
0
14
17
12.5
19
0
14
21
16
0
12
18
38
17
6
0
0
6
3
0
4
0
0
12
17
0
13.6666666666667
0
17
0
0
8
11.3636363636364
0
0
21
0
0
2
0
0
10
0
0
0
28
23
8
4
11
0
0
0
0
28
5
0
24
10
6
0
16
0
0
23
0
22
29
24
19
0
17
12
2
10
0
13.1111111111111
11.5094339622642
0
16
0
0
14.1034482758621
0
9.5
20
13
0
0
0
9.60975609756098
12
0
1
18
0
0
0
0
1
0
0
5
15
0
2
1
0
13.6666666666667
20
0
0
1
0
0
0
13
24
2
0
1
27
0
17
0
0
0
22
14
19
0
0
6.16666666666667
9
21
0
16
12
1
29
21
11.6666666666667
22
8
0
19
25
20
0
0
4
29
0
21
15
0
1
0
17
0
0
3
0
0
1
0
17
0
14
11.5
15
7
0
14
21
16
10
14.875
21
21
10
0
0
0
0
24
0
26
0
9.75
0
1
0
5
1
29
6.38461538461539
11
0
12
0
16
4
0
23
1
21
11
0
0
0
23
0
14
0
24
0
9
4
0
0
4
23
0
14
1
0
26
20
18
16
0
0
0
1
1
0
20
0
20
21
1
11
0
9
0
20
14
23
0
6
0
4
27
17
0
0
0
0
17
0
1
0
0
28
11.4230769230769
27
1
17
33
1
9
2
21
0
1
18
4
3
23
17
3
0
8
0
0
19
20
0
3
12.8767123287671
27
27
13
4
0
0
0
20
13.6424050632911
0
0
25
12
18
18.75
9
36
15
14
0
0
0
21
9
1
24
6
27
1
19
21
8.37477148080439
17
17
0
21
15
0
11
16
18
15
0
0
1
3
0
6
8
1
15
10
14
12
17
20
0
0
0
9
6.93406593406593
0
1
0
22
14.030303030303
26
0
0
8
0
1
20
13.6363636363636
1
21
0
0
1
0
0
10
14.5
11
7
0
5
7
11.2
14
8
27
0
25
0
0
0
0
25
0
12.7142857142857
20
0
13
0
0
0
0
16.125
6
1
1
7
12
12
14.5454545454545
0
16
29
0
6
0
0
4
5
0
1
0
0
1
8
0
9
1
0
0
22
4
0
4
26
9
6
0
0
0
12
0
10.25
20
14
0
9
23
0
3
13
24
5
0
0
18
0
0
10
22
0
4
11.921568627451
22
0
3
0
13.5
0
0
0
9.5
22
13.9090909090909
14
0
0
1
0
19.6666666666667
14
16
0
0
0
0
21
0
17
0
14.25
0
1
0
19
0
19
21
19
14.3214285714286
8
22
12.4064748201439
13
22
0
0
18
0
2
0
14
0
0
12
15
25
9
0
0
0
14
12
13
23
0
13
12.8591549295775
2
9.05555555555556
20
1
16
15
0
9
14.4583333333333
24
0
0
0
5
22
19
0
10.6
18
3
0
0
20
0
15
6
1
0
0
12
11
24
15.4117647058824
0
7
24
0
0
1
1
6
0
23
0
0
23
21
0
26
18
0
7
0
28
8.92592592592593
0
1
24
14
23
22
6
0
7
20
0
0
14.5
18
22
0
5.33333333333333
25
22
0
24
0
7
11
15
0
13.7226277372263
25
0
5
10
26
0
0
13.7142857142857
0
18
0
4.83333333333333
18.4
3
0
0
18
0
17
9
22
7
6
20
1
25
6
15.8507462686567
10
19
11
0
22
26
0
15
21
26
19
0
11
0
0
0
0
0
0
0
21
0
0
0
1
0
0
21
0
12
15
0
28
0
0
20
0
8.83333333333333
0
20
0
0
22
29
7
0
0
22
0
5
0
0
20
13
17
7.13795791114575
13
17
18
0
13.7872340425532
0
0
0
5
11.9166666666667
0
11
0
1
13
0
17.5
0
24
2.33333333333333
0
0
0
0
27
23
0
18
19
20
0
14
14.6666666666667
15.7272727272727
24
26
13.5
0
18
0
0
0
0
0
0
1
12
1
0
20
11
0
10
0
0
0
6
0
0
14
3
6
1
12
18
8
15
0
0
21
24
7
11
0
0
17
21
0
10
26
20
0
21
0
16
0
21
1
24.5
12.8333333333333
7
0
12.5
0
0
13
20
17
19
0
13.7682926829268
0
0
12
23
0
0
24
0
12.2142857142857
0
27
0
11.5
2
22
20
7
0
24
0
21
0
29
11.2
0
0
1
25
14.8387096774194
1
17
11
19
10
12.7894736842105
10
6
16
28
1
20
0
12
7
0
0
0
20
0
12
16
22.1428571428571
0
22
17
4
26
1
0
6
0
28
11
5.6
26
15.75
0
0
14
0
0
0
26
25
10
19
8
0
0
1
0
0
25
0
14
0
0
21
1
0
0
21
1
24
0
15
14
5
16
3
1
24
26
28
0
0
15.8125
13.0408163265306
0
14
0
23
20
16
10
28
19.375
0
0
1
0
0
10.8105590062112
0
0
13
0
18
0
0
6.69230769230769
0
0
9.74566473988439
14
15
10
9
0
25
0
10.7391304347826
23
25
8
0
21
0
0
6
10
16.9375
27
1
15
0
9
20
27
6
19
2
0
0
0
0
18
0
0
0
0
18
0
0
1
11
0
9
2
0
17
15
1
23
20
0
13
6
7
15
1
0
0
0
5
15
9
0
6
0
15
8
27
0
0
19
22
0
0
23
27
0
0
0
28
18
0
14
18
0
9
3
1
24
0
13
12
0
0
12
0
20
10
0
0
0
15
4
6.46268656716418
6
0
0
0
0
0
14
18
0
0
0
0
1
0
1
14
0
19
21
17.1666666666667
0
6
0
0
0
0
22
3
6
1
19
10
20
13.9
17
0
0
10.2666666666667
0
10.6363636363636
0
0
20
1
0
0
26
0
0
0
18
0
15.8333333333333
13
0
0
0
1
1
13
13.5916230366492
16
6
0
18
18
8
13
12.7747747747748
8
0
11.0588235294118
0
0
16
13
0
21
0
0
0
0
12
0
0
14.8461538461538
17.5
19
19
57
4
0
18
20
0
0
25
0
0
0
17
4
30
12
0
21
0
0
1
20
0
0
3
0
12.4270072992701
8
0
0
0
0
0
6.25
1
9
0
11.5
0
14.780487804878
0
8
0
16.9230769230769
23
0
21
28
0
0
5
15
0
19
3
0
14.3333333333333
22
7
0
10
15
0
0
4
25
0
0
25
0
22
1
0
9
0
1
0
10
0
0
10
0
14
20
25
0
0
0
0
0
15
34
12.6715328467153
4
0
13.4782608695652
1
0
4
5
20
19.875
19
0
19
0
22
18
22
17
6.2
0
3
22
19
1
1
9
4
1
24
0
32
0
0
0
23
0
0
21
0
0
21
12
22
18.6666666666667
29
1
7
23
21
33
25
21
22
11
11.3636363636364
10
7.97482014388489
17
0
20
0
0
0
0
0
8
31
0
22
0
9
18
0
13
0
17
0
18
22
0
14
23
0
15.8571428571429
0
0
10
2
12.3545454545455
0
14
17
17
1
1
2
0
10.8076923076923
8
11
0
0
18
3
0
24
14
0
10
23
0
12
1
17.6666666666667
1
0
0
17
6
0
11.5
0
21
0
18
27
0
22
10
17
27
0
1
0
0
27
0
2
0
29
19
15.5098039215686
0
0
27
0
0
0
0
21
14.8831168831169
21
12
0
29
0
7
0
18
0
13.1141552511416
20.5714285714286
23
7
20
0
24
0
0
0
1
2
10
17
18
20
0
18
9
29
1
1
26
0
0
0
13
0
0
13
0
3
0
14.5
0
9
0
0
0
0
0
0
14
0
0
17
0
0
1
0
9
1
8
0
0
24
0
0
0
0
0
23
0
20
0
21
17
0
0
0
13
19
14
0
0
0
0
0
29
13
0
10
0
15.7
19
0
24
12
9
20
0
12.04
0
0
0
25
14
1
1
0
9
10.0833333333333
0
15.0842105263158
12.35
22
22.5
0
19
0
0
0
0
16.2307692307692
18
15.3421052631579
6
0
10.75
0
0
18
0
12.2222222222222
0
17
0
21
23
0
0
10
4
0
0
8
19
27
21
0
0
16
24
0
0
4
0
0
13
1
1
0
18.5
11.4166666666667
0
0
20
0
1
11
19
24
24
0
0
14
18
1
13.3333333333333
0
0
0
0
14
21
3
1
1
27
25
4
9
0
9
24
7
0
0
3
0
22
6
0
0
11.4759493670886
13.8
2
0
20
0
6.3458904109589
12
0
13
0
0
14
0
27
0
11
20
0
7
11
11.1538461538462
18
0
1
0
6
27
14.3707865168539
33
11
0
12
23
0
23
0
0
0
0
14
20
0
7
6.76666666666667
13.0416666666667
0
2
19
0
17
0
4
15.0119047619048
7
1
16
15.0625
0
13.3643410852713
0
0
16
0
4
0
13
24
1
0
0
0
17
0
0
27
24
18
10
0
0
0
4
0
0
0
0
33
0
21
14
20
10.6666666666667
5
19
0
6
20
6.59302325581395
20
9
23
0
0
18
1
19.5
0
6
23
27
0
12.2027027027027
10
0
0
0
15
14
3
6
12
1
24
0
20
14
0
31
0
5
0
6
26
18
0
0
0
15.6
1
0
24
0
9.92857142857143
0
1
0
0
12
14.5714285714286
18.6666666666667
16
19
21
1
16.8333333333333
0
0
0
6.33333333333333
9.125
14.3076923076923
0
0
13.3
23
0
6.25
25
11.5
1
11
0
14
0
3.66666666666667
0
15.1428571428571
10.8888888888889
0
0
13
0
16
15.7692307692308
16
0
17.6666666666667
0
1
0
0
6.33333333333333
14.25
1
11.92
15.7777777777778
0
0
0
21
0
16
25
1
9
10.75
19
3
0
0
0
26
0
1
0
0
0
0
0
0
0
19
15.5
0
28
22.3333333333333
13.7142857142857
15.1875
19.0909090909091
21
0
0
19
1
18.3333333333333
21
0
0
0
9
9
27
14
20
1
0
17
0
25
0
0
1
23
0
10.1481481481481
0
7.5
15
18
4
10.6470588235294
0
0
0
13.4
0
0
0
4
16
15
0
4.5
19
1
0
0
0
1
0
16
0
0
1
0
0
18
0
26
10
12.25
1
2.5
0
16
15
6.5
17.3333333333333
2
0
0
1
1
0
0
0
12.4444444444444
0
1
0
0
0
20
15
0
0
0
0
0
0
26
0
1
1
15
6
0
20
24
0
0
0
0
0
0
14.5
0
0
0
13
13.5
10.1379310344828
8.5
0
0
0
19.5
0
24
17
0
10.0322580645161
0
5
6
0
21
0
0
8
22
9
20
25
0
23
0
0
0
0
12.8142857142857
0
23
0
0
0
23
21
7
25
21
1
1
0
0
20
0
0
16
0
9
0
0
0
15
14
13
0
0
0
0
5
17
0
2
19
0
22
1
0
0
0
1
0
13
0
12.5833333333333
0
0
0
0
8
0
0
0
0
16
15
13
0
0
0
0
0
0
0
17.5
22
1
0
22
10
3
6
1
10
0
11
0
0
17
27
0
0
0
1
9
22
24
0
17.7391304347826
0
0
0
2
10.6666666666667
12.8524590163934
0
20
0
26
5
2
0
13.6666666666667
0
0
0
0
0
2
0
19
1
4
1
0
1
0
20
1
0
20
0
27
0
1
26
0
15
8
7
0
22
0
0
0
0
0
0
0
15
0
0
13.9333333333333
0
0
10
17
12
0
14.6009362200117
0
1
1.71428571428571
4
0
0
1
16
28
0
1
0
0
0
20
12
0
3
0
0
28
0
0
0
0
0
20
0
0
0
0
0
6
23
7.51851851851852
7
0
3
14.8888888888889
8
0
21.2253521126761
12
21.3333333333333
24
10.0769230769231
0
18
0
0
0
13
0
0
0
0
0
0
15.5
0
0
0
14.5
0
10.4137931034483
7.16666666666667
0
8
0
0
1
0
0
12.2857142857143
0
0
23
11.8333333333333
18
2.32075471698113
23
0
1
0
10.6
9
5
0
0
0
0
0
8.14285714285714
0
0
0
0
0
0
0
0
0
0
0
0
5.83333333333333
19
5.66666666666667
0
0
10
0
17
0
0
26
0
17
12.6666666666667
0
26
0
0
0
0
0
0
20
0
0
0
1
0
12.6153846153846
11.6153846153846
19
4.5
0
0
4
33
0
27
0
0
0
0
16.3333333333333
0
0
0
0
0
0
0
0
0
13
31
0
25
8.33333333333333
9
0
0
0
0
0
0
0
0
0
0
0
0
13.25
3
0
23
19
0
0
0
0
0
0
0
11.7741935483871
9.57142857142857
12
18
0
0
0
0
20
0
0
0
0
0
1
0
21
20
0
0
0
14
1.57142857142857
15
0
0
0
0
18
0
0
0
0
0
0
0
0
2.5
8.2
13.3333333333333
22.6666666666667
0
0
0
15
0
0
0
0
0
1
0
17
0
0
0
21
9.91666666666667
0
0
7.25
8.33333333333333
0
13.3333333333333
0
0
12
17
11.3333333333333
0
0
5
0
0
0
1
20.5
0
1
0
8.6
0
0
0
0
21
28
0
0
0
0
0
0
0
0
19
0
0
0
0
0
0
0
0
0
0
17
0
0
0
1
15
9
13.2790697674419
17
0
6
0
0
0
0
1
0
0
1
0
0
0
0
0
25
16
15
11
25
0
0
23
0
0
14
26
0
14
0
0
0
13.6666666666667
0
4
0
0
16.6666666666667
0
0
0
0
19
0
0
0
0
0
0
0
0
0
0
0
5.83333333333333
0
1
17
0
0
0
0
17
0
0
0
2
0
0
0
0
0
0
12
0
23
8
0
0
0
0
14.8
0
11
0
0
28
0
0
7
1
0
15
0
15
17
0
0
0
0
0
0
0
0
0
0
0
0
17
25
0
21
19
0
0
0
0
0
0
0
0
0
0
23
0
26
19.5
0
0
0
0
0
0
0
0
20
0
0
0
0
0
0
0
0
0
0
0
0
0
0
0
0
0
9.5
0
4
24.5
0
17.5
21.4893617021277
0
13
0
0
0
0
0
0
0
0
0
18
0
0
1
11.2
15
0
1
8
0
0
11
0
0
8
0
23
0
0
0
0
0
0
0
0
1
21
0
0
0
17
0
0
0
25
0
0
0
0
0
0
1
0
0
0
0
0
0
0
0
0
0
0
0
0
0
20
0
0
0
0
0
0
23
22
0
0
0
0
19
0
0
0
0
0
0
0
13.5
9
0
0
0
0
0
0
0
0
0
13
0
0
0
0
8
0
0
0
0
0
0
0
0
12.2
12.8333333333333
0
26
0
21
24
0
0
4
0
0
24
18
0
0
0
0
0
0
0
18
15
0
21
0
0
11.5
0
0
0
0
0
0
0
0
0
0
0
16
0
0
1
7.33333333333333
0
0
0
0
0
0
0
0
21
0
0
0
0
12
0
0
0
19
2
21
0
17
0
0
0
0
0
4
0
11.2222222222222
0
0
0
0
7
25
0
0
0
0
0
0
0
0
14
0
19
20
0
5
0
0
0
0
0
0
0
0
0
0
5
0
0
0
0
0
0
15
7
0
0
0
0
16
6
0
0
0
0
0
0
0
0
20
0
0
0
0
0
0
24
0
18
0
0
0
0
0
0
0
0
0
0
0
0
0
0
17
0
0
21
0
0
0
25
0
0
0
0
0
6
0
0
0
22
0
0
16
0
10
0
3
0
11.9508196721311
15
0
1
7
0
1
0
0
0
0
0
0
0
0
21
26
0
7.41666666666667
0
0
0
0
0
4
0
0
0
11
0
0
9.80882352941176
0
0
0
0
0
53
0
23
1
0
0
0
15
0
0
0
0
0
0
0
0
0
0
0
0
0
0
0
0
0
0
0
0
21
19
0
0
0
0
0
23
0
11
0
0
0
0
0
0
22
0
0
0
32
20
0
12.5
0
0
0
0
13
0
0
0
0
0
0
0
0
19
0
0
0
0
0
0
16
1
14.2597402597403
0
0
17
0
0
0
0
20
22
0
0
0
8
0
0
17.5
0
0
0
19
0
3
0
0
0
20
0
0
0
0
13
0
0
0
0
15
25
0
0
0
16
22
0
0
0
7
0
0
0
0
0
8
0
0
0
0
0
0
0
0
0
0
0
0
0
15
19
0
9
0
0
17
0
0
0
0
0
0
0
0
0
0
0
25
1
0
0
0
19
0
0
0
19
21
0
0
0
22
0
0
0
0
0
11
0
20
0
0
0
0
0
12
0
0
0
0
20.3333333333333
0
0
0
0
0
19
20
0
16.5
0
15
0
0
0
0
0
0
7
0
0
0
0
0
0
0
0
0
0
0
0
0
0
0
19
0
31
0
0
0
21
0
0
0
0
0
0
0
0
0
20
0
0
21
0
5
10
0
0
0
24
0
17
0
21
0
1
0
0
0
16
24
0
0
14.5
14
0
0
0
0
0
0
0
14
0
0
22
0
0
0
0
0
26
0
0
0
20.6666666666667
0
0
0
0
14.5084745762712
0
23
0
0
0
0
0
0
12
0
0
0
0
0
0
0
0
0
0
0
0
0
0
0
0
0
0
0
0
13
7
1
0
0
0
0
0
15
0
0
12
0
20
0
0
0
7
0
0
0
0
0
0
11
0
14
1
0
1
0
0
0
0
1
0
0
0
0
0
0
0
0
15
0
0
14.5
27
0
0
0
0
10
0
0
0
10
0
11
0
0
0
0
0
0
9
0
0
0
14
0
4
0
17
23
0
9
0
0
0
0
16
0
0
23
22
10
1
7.91419141914191
23
0
0
0
5
0
0
0
10
0
0
0
0
9
0
0
0
0
0
0
0
21
0
0
0
0
0
13.3333333333333
0
13.5714285714286
0
13
13
0
0
10
0
0
0
0
23
15
0
0
10
0
17
0
9
0
0
0
0
5.5
0
0
25
0
11
0
0
0
0
0
17
0
0
0
0
0
0
0
0
0
0
0
9.66666666666667
0
0
0
4
0
0
0
0
0
0
7
0
0
0
0
0
0
1
0
0
0
0
0
0
24
23
10
0
0
0
10
0
23
0
0
0
0
0
12
0
0
0
0
0
0
9.2962962962963
0
16
0
0
0
0
0
0
19
0
0
0
0
21
0
0
20
0
20
0
0
1
0
0
0
0
0
0
0
0
0
0
0
0
0
0
0
0
0
12.5
14
3
0
0
0
0
0
0
0
0
22
0
0
0
0
0
0
0
0
0
0
12.5757575757576
3
15
0
22
0
0
0
0
0
5
0
4
0
0
26
0
0
4
0
0
0
0
0
0
0
19
0
0
0
1
0
9
0
22
15
17
5
0
0
0
0
0
0
0
0
0
0
0
0
0
1
0
0
0
13
1
0
0
0
0
0
15
16
0
0
0
0
0
0
0
0
0
0
24
0
0
13
0
2
0
0
0
0
8
0
0
10
0
0
0
0
0
24
0
6
0
0
0
0
1
0
0
0
0
0
0
0
0
0
0
0
0
0
11.5
0
1
0
0
0
0
0
0
0
12
0
0
0
0
15
0
0
0
19
0
0
0
0
0
0
0
0
0
0
0
0
0
19
0
0
21
0
20
0
0
0
0
0
0
6
10
3
0
0
0
0
0
11
17
19
0
0
0
0
0
0
20
1
0
0
0
0
12.95
0
0
0
0
21
10.8648648648649
5
0
0
11
22
0
21
0
0
0
0
0
22
0
16
22
19
0
0
0
0
4
0
12
0
0
0
0
0
11
32
0
0
0
0
15
0
15
0
0
0
4.5
0
0
9
5
0
0
12
0
23
0
10
0
0
0
0
0
21
0
20
0
0
23
0
11
0
0
0
0
0
0
0
18
12
0
0
0
0
0
0
0
0
0
0
0
0
0
16
0
0
0
0
20.5
0
0
0
19
0
0
0
0
0
0
0
6.5
0
0
12
12
0
0
27
0
0
0
0
0
0
0
8.5
0
0
0
0
5
0
10
0
0
17
0
0
0
0
0
0
0
0
0
0
0
0
0
23
0
0
0
0
0
10
0
0
0
0
0
0
0
0
0
0
0
0
0
0
0
0
0
0
16.5
0
0
0
0
0
0
40
0
6
0
0
0
18
0
0
0
0
18
0
0
15
0
0
0
0
0
23
0
0
0
0
0
0
10
0
0
0
0
0
6
0
0
0
21
5
0
0
0
0
0
0
0
0
0
20
0
0
0
0
0
0
0
0
0
0
0
0
0
0
0
0
0
15
0
0
15
0
0
0
16.2272727272727
0
0
0
0
0
0
5
0
0
0
0
0
0
0
0
0
7.57267441860465
0
21
0
4
0
0
0
0
0
0
0
0
0
0
0
0
0
19
0
9.25
0
7
15
0
0
18
1
0
0
0
0
0
19
0
20
0
0
0
24
0
4
19
0
0
25
0
0
0
0
0
22
5
0
0
0
0
8
0
0
0
0
0
0
0
0
0
0
0
0
0
0
0
0
0
0
0
19
0
0
0
0
0
0
0
0
0
0
0
0
19
0
0
0
0
0
12
0
0
0
19
1
0
0
0
14.8392857142857
17
0
0
0
0
0
0
0
0
0
0
0
20
0
0
0
0
0
26
0
0
0
13
0
0
0
22
0
0
0
10
7
0
0
0
0
0
0
0
0
0
0
0
0
0
0
0
20
0
0
0
0
0
6.90909090909091
0
0
0
0
0
0
0
0
0
32
0
0
0
0
6
0
0
19
0
0
12.3333333333333
0
14.1904761904762
0
0
17
0
0
0
0
7
0
0
0
0
0
0
15
15
5
0
0
21.5
0
0
0
0
20
0
0
0
1
0
0
0
0
0
0
0
0
0
10.9285714285714
0
0
0
0
0
0
0
0
0
0
0
19
15.6666666666667
0
0
0
17
17
0
0
0
0
6
0
0
8
0
15
0
0
5
9
12
0
0
0
25
0
0
12.25
0
0
22
0
23
14
0
0
0
0
0
0
21
0
0
0
0
0
0
25
0
23
20
0
0
0
0
0
0
0
10.5
0
0
23
23
0
0
24
0
0
0
14
0
0
0
0
0
20
0
0
0
0
0
0
0
0
24
0
0
0
0
3
0
0
4
0
0
0
0
15
0
0
0
0
0
0
0
0
0
0
0
16
0
0
0
0
0
0
0
0
0
22
0
25
5.4
0
0
0
0
0
0
0
0
15
0
0
0
0
0
7
0
13
0
0
0
9
0
0
18
9
0
0
0
15
0
0
0
0
0
0
0
23
0
0
25
0
0
0
17
53
11
0
0
0
19
10
0
0
27
0
0
0
0
0
0
0
0
0
0
0
0
27
0
0
0
0
0
21.5
0
0
0
0
0
0
0
0
1
0
25
0
0
7
0
15
0
0
0
19
0
0
0
0
0
0
0
0
5
0
22
0
0
20
0
0
0
0
0
0
0
0
0
0
0
0
0
0
0
0
0
0
0
1
0
0
15
0
0
0
17.6666666666667
0
0
0
0
0
11
15
0
2
0
0
0
0
0
18
15
0
0
0
0
0
16
0
0
11
0
0
0
0
22
0
23
26
0
0
0
0
0
0
0
13.8235294117647
1
0
0
0
0
0
0
0
4.33333333333333
0
0
17
1
0
0
0
0
0
0
0
3
0
15
27
0
5
0
0
17
9.62820512820513
21
21
0
0
12
0
0
0
0
14.2027027027027
0
0
0
0
0
0
0
0
0
0
0
0
0
0
0
0
0
0
0
0
0
0
0
0
8
0
0
0
0
0
0
0
0
0
12
0
0
0
0
0
16
17
21
0
0
0
17
0
0
0
0
28
0
10
0
0
0
20
0
0
0
0
17
0
0
0
0
0
0
0
10
0
16.9166666666667
0
0
0
0
0
0
23
0
0
1
0
0
0
0
0
11
0
0
0
0
0
6.6
0
0
0
0
0
0
14.3333333333333
0
0
0
0
0
0
0
0
0
0
0
20
0
0
0
0
0
0
9.28571428571429
0
21
0
0
20
11
0
0
0
2
0
0
0
25
0
0
0
0
0
0
0
11
0
0
0
0
0
0
12.109375
0
0
16
0
0
0
0
11
0
0
15
0
0
0
0
0
0
0
0
0
0
0
0
0
24
0
1
1
0
0
0
0
24
21
12
0
0
28
0
0
0
0
0
0
0
20
0
15
0
0
0
0
11
9
4
0
0
13.5
0
0
0
0
0
0
0
0
11
0
0
3
0
0
0
20
0
0
19
9
0
0
0
29
0
0
0
0
0
0
0
0
19
4
0
9.08928571428571
13
0
0
13
19
0
0
0
0
0
23
0
0
0
0
0
0
0
19
18
19
0
0
0
9
0
0
12
0
9
0
0
0
0
0
0
0
19
1
0
19
0
0
0
0
14
0
0
0
0
0
0
0
0
0
0
0
20
0
0
9
0
0
0
22.1666666666667
17.2380952380952
4
14.6666666666667
0
0
0
11.5
0
0
0
5
27
0
0
0
0
9
0
0
0
0
0
0
0
0
0
0
0
0
20
20
17
0
0
9
9
0
0
0
0
0
0
0
15
18
0
0
22
0
0
0
0
1
0
1
6
14
0
0
0
7
24
0
0
0
0
0
0
53
0
0
0
20
0
0
0
0
0
16
0
0
0
0
16
0
0
14.1764705882353
0
0
0
0
0
4
0
21
0
0
0
0
0
0
0
19.5
0
6
0
0
0
0
0
14
19
0
0
0
0
19.5555555555556
6
0
0
0
0
19
23
19
0
21
0
17
19
0
0
0
0
0
0
0
0
0
0
0
0
0
0
19
0
0
0
0
6
0
11
0
13
0
0
0
0
0
0
0
0
0
0
0
0
0
0
0
0
24
0
12.2307692307692
12
0
0
0
0
10
0
0
0
0
0
0
0
15
15
10
0
0
0
20
0
0
0
0
0
6
0
12
0
17
0
0
0
0
0
7.5
0
0
0
0
0
12
0
0
0
0
0
9
0
0
0
0
0
0
0
0
16
0
0
15.5
27
0
19
0
2
0
1
0
17.0243902439024
7
0
8
0
0
0
0
0
1
0
0
0
0
0
17
0
18
13.1
0
0
0
17
0
7
4
28
0
4
0
5.5
21
1
0
0
0
23
0
0
17
6
5
12.9375
0
0
22
0
26
0
0
23
23
0
0
1
0
0
0
0
0
0
31
0
26
0
0
0
0
0
0
0
16.6666666666667
0
0
0
0
0
5
0
0
0
0
11.2857142857143
0
8
9
0
0
0
0
0
0
0
0
0
0
0
0
15
0
0
0
14
0
0
16
0
0
9
0
14
0
0
11
11
0
25
18
5
0
0
0
0
5
26
1
23
0
0
0
9
0
