0
0
0
0
0
0
0
1.00490196078431
0
0
0
0
0
0
0
0
0
0
0
0
0
1
3
0
0
0
0
0
0
0.607142857142857
1
0.111111111111111
0.333333333333333
0
0
0
0
0
0
1
0
0.5
0
0
0
0
0
0
0
0
0
0
0
0
0
0
0
0.115384615384615
0
0.0317700453857791
0
2
0.0618374558303887
0
0
0
0
0
0
0
4
0
2
0
0
0
1
1
0
0
0
0
3
0
0
0
0
0.0914036996735582
0.0204081632653061
0
0
0.0185185185185185
1
0
0
0
0
0
0
0
0
0.0625
0.5
0
1
0
3
1
0
0
1
0.012987012987013
0
0
0
0
3
0
0
1
0.967213114754098
0
0
0
0
0.911764705882353
0
0
0
0
0
0
0
2
0
0
0
0
0
0
0
0
1
1
0
1.33333333333333
2
0
0
0
1
0
0
1
0
0
0
0
1
0
0
0
0
0
0
0
0
0
0
0
0
1
0
0
0
0
0
0
0
0
0
0
0
0
0
0
0
0
0
0
0
0
0
0
0
0
1
0
0
0
0
0
0
1
0.0101522842639594
0
0
0
0
0
0
0
0
0
1
0
0
0.0909090909090909
0
4
0
0
0
0
0
2
0.0196078431372549
0
0
1
0
0
1
0
0
0
0
0
0
0.0116279069767442
0
1
0
2.57142857142857
0
0
1
1.125
0.0138888888888889
0
0
0
0.0833333333333333
0.102564102564103
1
0
0
0
0
0
0
0
1
1
0
0
0
0
0
0
2
0
0
0
0
1
0
0
0
0
0
0
0
0
2
0
0
0
0
0
0
0
0
0
0
0
1
1
0
0
0
0
0
0
0
1
0
0
0
0
1
0
0
0
0
0
0
1.16666666666667
0
0
0
0
0
0
0
0
0
0
0
0
0
0
0
0
0
0
0
0
0
1
0
0.333333333333333
2
0
0
0
0
1
0
0
0
0
0
0
0
1
0.0227272727272727
0
0
0
0
0.0263157894736842
0
0
0
0
0.5
0
0
1
0.75
0
0
0
0.0365296803652968
1
0.00421940928270042
0
0.0336538461538462
2
0.0189075630252101
3
0.571428571428571
0
0
0
0
0
0
0
0
0
1.25
0
0
1
0.166666666666667
0.0117647058823529
0
0
0
0
0
0
0.0434782608695652
0
0
1
0
0
0
0
0
0
0
0
0
0
3
0
0
0
0
0
0.0225225225225225
0
0
0
0
0
0
0
0
0
0.037037037037037
0
0
1
0
0
0
0
0
0
0
1
0.6
0
0
0
1
0
0
0.0731707317073171
0
1
0
3
1
9
1
0
0
2
0
0
0.6
0
0
0
0
0
0
0
0
0
1
0
0
0
6
0
0
0
0
0
0
0
0
1
0
0.925
0
0.0222222222222222
1
0
0
0
1
0
0
0
0
1
0
1
0
1
0
0
0
1
0
0
0
0
0
2
1
0
0
0
0
0
0
0
0
0.0642857142857143
0
0
0
0
2
0
3
0
0
0.00740740740740741
0
0
0
0
0
0
0.0666666666666667
0
0
1
0
0
0
0
0
0.0666666666666667
0
0
0
0
0
0
0
1
1
0.285714285714286
0
0
0
0
0
1
0
0
0
0.4
0
0.0416666666666667
0
0
0
0.230769230769231
4
0
0
1
0
0
0
0
0
0
0.0121951219512195
0
0
0
0
0
0
0
0
0
0
0
4
0
0
0
0.0114503816793893
0
2
0
1
2
0
0
1
0
0
0.0285714285714286
0.0273972602739726
1
0
0
0.25
6
0.0488372093023256
0
0
0
1
0
0
0
0
1
0
0
1
0
0
2
0
0
0.5
3
0
0
0
0
0
0
0
0
0
0
0
0
1
0
0
0
0
0
0
0
0
0
1
2
0
0.0833333333333333
0
2
0
0
1
0
0
1.0952380952381
0
0
0.00384615384615385
0
0
0
0
0
0
0
0.111111111111111
0
0
0
1
0
0
0
0
0
0
0
0
0
2
0
0
0
0
0
0
0
0
0
0
0
0
0
0
0
0
0
0
0.0111111111111111
0
0
0
5
0
0
0
1
0
0.117647058823529
0
0.1
0
2
0
0
0
0
1
0
0
0
1
0
1
0
0
0
0
2
1
0
0
0
0
0
0
0
1
3
0
0
0
0
0
0
0
0
1
2
0
1
0
0
0
0
0
0.104347826086957
0
0
0
0
1
0
2
0
0
0
0
0
3
0
0
0
0
0
0
0
0
0
0
0
0
0
0
0.142857142857143
0
0
0
0
0
0
0
0
0
1
0
0
3
0.111111111111111
0
0
0
0.00613496932515337
2
0
0
0
0
5
0
0
0.0303030303030303
0
1
0
0
0
0
1
0
0
0
0
0
0
0
0
0.0395348837209302
0
0
0
0
0
5
0
0
0
0
0
0
0
0
0
0
0
0
1
0
0
1
0
0
0
0.00371747211895911
0
0
0
0
0
0
0
2
0
0
0
0
0
0
0
1
1
2
0.153846153846154
0
0
0
0
0
2
0
0
0
0
1
1
0
0
0
0
0
0
0
3
0
0
0
0
0
0
0
1
0
1
2
0
0
0
0
3
0
0
0
0
0
2
0
0
0
1
0
0
0.4
0.0769230769230769
0
1
2
1
0
1
3
0
0
0
0
0
0
0
0
0
0
0
0
0
0
2
0
0
0
0
0
0
0
0
0
0
0.25
0
0
0
1
1
0
0
0
1
0
0
0
0
0
2
0.0714285714285714
0
0
0
0
0
0
0
0
0
0
4
0.032258064516129
2
0
0
0
0.175732217573222
0
0
0.00833333333333333
0
0
0
0
0
1
0
0
0
0
0
0
0
0
0
0
0.142857142857143
0
0
0
0
0
0
0
0
0
0
0
0
0
0
1
0
0.107954545454545
0
0
0
0
0
0
0.25
3
0.176470588235294
0
0
0
0.08
0
0.0588235294117647
0
0
0
0
0
0
0
0
0
0
0
0
0
0
0
2
0
0
0
0
0
0
0
0
0
0
0.0769230769230769
0
0.5
0
3
0
0
0
0
0
0
0
2
0.4
0
0
0
1
0
5
0
0
0
0
0
1
0
1
0
4
0
0
0
0
0
0
0
0
0
0
0.0155763239875389
0
0
0
0.5
0
0.333333333333333
0
1
1
0
0
0
0
0
0
0
0
0
3
0
0
0
0
3
0
0.0286624203821656
0
0
0
0
0
0
0
0
0
1
1
0
0
0
0.333333333333333
0
0
0
0
0
0
0
0
0
0
0
0
0
0
1
0
0
0
0
0
2
0
1
0
0
0
0
0
0
0
0
0
0
0
0
0
1
0
0
0
0
0
0
0
0
0
0
0.0326086956521739
0
0
0
0
1
0
0
0
0
0
0
0
2
0
0
0
3.16666666666667
0
0
0
0
0
0
0
0
0
0
0
0
0
0
0
0
0
0
1
0
0
0
0
0
0
5
0
0
0
5
0
0
0
0
0
0
0
0
0
0
1
3.16666666666667
0
0.0579710144927536
0
1
0
1.5
1
0
0
0
0
0
0
0
0
0
0
0
0
0
0
0
0
1
1
0
0
0
0
0
0
1
0
0
0.058252427184466
0
0
0
0
0
0
0
0
0
0
0
0.00546448087431694
0
0
1
0
0
0
0
2
0
0
0
0
0
0
0
2
1
0
0
0
0
0
0
0
0
1
0
0
0
0
0
0
0
0
0
0
0
0
0
0
1
0
0
0
0
0
0
2
0
0
0
0.25
0
0
0
0.0174418604651163
3
0
0
0.0256410256410256
0
0
0
0
1
0
1
0
0
2
0
0
7
0
0
0
0
0
0
0
0
0
0
3
0
0
0
0
1
0
0
3
0
0.00970873786407767
1
0
1
0
0
0
0
1
0
1
0
0
0
0
0
0
0
2
0.25
0
0
0
0
1
0
0.25
0
1
0
0
0
0
0
0
0
0
0
0
0
0
2
2
0
0
0
0.00398160610139076
0
1
0
0
0
3
0
0
0
0
1
3
0
0
0
0
0
4
0
0
1
0
0
0
0
0
0
0
0
0
4
1
1
0
0
0
0
2.1
0
0
0
0
0
0
2
0.277777777777778
0
0
1
0
0
0
0
0
2
0
0
0
0
0
0
0.0449533502968617
0
0
0
3
0
0
0
0
0
0
0
0
0
0
0
0
1
2
0
0
0
0
0
0
0
0
0
0
0
0
0
0
0
2
0
0.03125
0
1
0
1
0
1
0
1.83333333333333
0
1
0
0.2
0.0769230769230769
0
0
0
0
0
1
0
0
0
0
0.125
1
0
0.00421940928270042
0
0.12
0
0
0
3
0
0
0
0
0
0
0
0
0
0
0
0
0
0
0
0
0
0
0
0
1
0.0232558139534884
0
0
0.333333333333333
0
0.125
0.00917431192660551
0
0
0
0
0
0
0
0
0
0
1
0
0
0
0
0
4
0
0
1
0
0
0
0.0555555555555556
0
0
0
0
0
0
0
0
1
0
0
0
0
0
0
0
0
0
0
0
0
1
0
0
0
0
0.020979020979021
0.1
0
0
0
0
0
1
0
0
0
0
0
0
0
0
0
0
0
0
0
0
0
0
0
0
0
0
0
0
0
0
0
0
2
2
0
1.33333333333333
0
0
0
0
0
1
3
0.012987012987013
0
1
0
0
0
2
0
0
0
0
0
0
0
0
0
0
0
0
0
0
0
0
1
0
0
0
0
0
0
0
1
5
1
0
3
0
0.05
0
0
0
2.11111111111111
0
0
0
2
0
0
0.166666666666667
0
0
0
0
0
0
0
0
0
0
3
1
0
0
0
0
0
0
1
0
0
0
0
0
0
0
0
0
0
0
0
0
0
0.666666666666667
0
0
0
0
0
0.0465116279069767
0
0
0
1
0
0
0
0
1
0
0
0
0
1
0
0
0
0
0
0
0
0
0
0
0
0
1
0
6
2
1
1
0
0
4
0
0
0
0
0
0
0
0
0
0
0
0
2
1.33333333333333
0
0
0
0
0
0
0
0
0
0
0
0.013215859030837
0
0
0
0
0
0
0
0
0
0
0
1
0
0
0
0
0
0
0
0
0
0
0.230769230769231
0
0
0
1
4
0
0
0
0
0
1
0
0
0
0
0.0517241379310345
0
0
0
0
0
0
0
0
1
0
1
0
0
0
0
0
0
0
0
1
0
1
0
0
0
0
0
1
0
0
0
0
0
0
0
0
0
0
0
0
0
0
1
0
1
0
0
0
0
0
0
0
2
0
4
4.02941176470588
0
0
0
0
0
0.166666666666667
0
0
0
0
0.181818181818182
0
0
0
0
0
0
0
1
0
0
1
2
0
0
0
3
0
0
0
1
0
0
0
0
0
0
0
0
4
0
2
0
0
1
0
1
1
0
0.0120967741935484
0
0
0
0
0
0
0
0
0
0
0
0
1
0
0.0099009900990099
0
0
0
0
0
0
0
0
0
0
0
0
0
1
0
0
0
0
0
0
0
0
0
0.00302114803625378
0
0
1
2
0
0.5
0
0
0
0
0
0
0
0
0
0.00968523002421308
0
0.111111111111111
0
0
0
0
0
0.0416666666666667
0
3
0.0166666666666667
0
0
0
0
0.0175438596491228
1
0
1
2
1
0
1
4
0
0
0
2
1
1
0
0
0
0
0
0
1
0
0
1
0.041958041958042
0
0.5
4
0
0
1
0
0
0
1
0.0443349753694581
1
0
0
0
0
0
0
0
0
1
0
0
0.0888888888888889
0
0
0
0
0
0
0.0105820105820106
0.857142857142857
0
0
0
0
0
0
0
0
0
0
0
0
0
1
0
0
0.033033033033033
0
0
0
0
0
0
0
0
0
0
0
1
0
0
0
0
0
2
0
0
0
0
1
1
0.00857142857142857
0
0
0.00925925925925926
0
0
0
0
0
1.04347826086957
0
0
0
0
0
0.00255102040816327
1
0
0
0
2
0
1
0
0
0
0
0
0
0
0
0
0
0
0
0
0
0
0
0.00327510917030568
0.4
0
0
0
0
0
1
0
0
0
0
0
0
0
0
0
0
0
1
0
0
0
0
0
2
0
0
0
0
0
0
0
0
3
0
0
0
0
0
0
0
0
1
0
0
0
0
0
0
2
0
0
0
0
1
0
0.0309278350515464
0
0
0.9
0
0
0
0
0
0
0
0
0
0
0
0
0
0
0
0
0
0
0
0.2
1
0
0
0
0
0
0
0
0.8
0
0
0
2
0
0
0
0
1
1
0
0
0
0
0
3
1
1
0
0.333333333333333
0
0
0
0
0
0
0
0
0
0.0444444444444444
0
0
0
0
0.0196078431372549
1.5
0
0
0
0
0
1
0
0
0
0
0
0
0
1
0
0
0
0
0
0
0.75
0
1
0
0
0
0
0
0
0
0
0
0
0
0
0
1
1
0
0
0
0
0
0
0
0
0
0
2
0
0
0
1
0
0
2
0
2
0
2
0
0
2
0
0
0
5
0
1
0
0
0
0
2
0
0
0
0
0
0
0
0
0
1
0
0
0
0
0
0
0
0
0
2
0
0
0
0
0
0
1
0
1
0
0
0
0
1
0
0
0
1
0
0
1
1
0
2
0
0
0
1
0
0
0.116883116883117
2
0
0
0
0
0
0
0
0
0
0
0
0
0
0
0
0
0
0
0
0
0.176470588235294
0
0
0
0
0
0
0
0.242424242424242
0
0
0
3
0
1.5
0
0
1
0
0
1
0
1.07142857142857
0
0
0
1
2
0
0.333333333333333
0
0
0
0
0
0
0
0
0
0
0
0
2
0
0
0.0662650602409639
0
0
0
0
0
1
0
0
0
0
0
0
0
0
0
0
0
0
0
0
0.064
0
0
5
0
0
0
0
0.666666666666667
0.0625
1
0
0
0
0
0
0.0403225806451613
0
0
0
0
0
0
0
0
0
0
0
0
0
0
0
0
0
0
0
5
0
0
3
0
0
0
0
0
0
0
0
0
4.75
0
0
0
0
0
0
0
1
0
0
0
0
0
0
0
2
0
0
0
0
0
0
0
0
0
0
0
0
1
0
0
0
0
1
0
0
0
0
0
0
0.0371819960861057
0
0
0
0
0.0196078431372549
1
0
0
0
0
0
0
0
5
0
1
1
0
0
0
0
0
0
0
3
0
2
0
0
0
0
0
0
0
0
0
0
0
0
1
0
0
0
0
0
0
1
0
0
0
0
0.0051975051975052
0.0020932794711715
0
0
0
0
0
2
0
0
0
0
2
0
1
0.75
0
0
0
0
0
0
0
0
0
0
1
0
0
0
0
3.5
0
1
0
0
0
0
0.0123456790123457
0
0
0
0
0
0
0
0
0
0
0
0
0
0
0
0
1
0
0
0
0
0
0
0
0
0
0
0
0
1
0
0.166666666666667
0
0
0
0.0202020202020202
2
0
0
0.010498687664042
0
0
4
0
0
0.00422832980972516
0
0
0
0
0
0
0
0
0
0
0
0
0
0
0
0
2
0
0
0
0
0
0
1
0.00840336134453781
0
0
0
0
0
2
0
1
0
2
1
0
0
0
0
0
0
0
0
0
0.1875
1
0
1
0.142857142857143
0
0
0
2
0
0
0
1
0
0
0
0
0
0
0
0
0
1
2
0
0.285714285714286
0
0
0
0
0
0
0
0
1
0
1
0
0
0.5
0
0
0
0
0
0
0
0
0
0
0
1
0
0.171171171171171
0
0
0
0
0
0
0
0
0
0
0
2
0
1
0
0
0
0
0
3
0
2
0
0.023972602739726
0
0
0
1
0
0
0
3
0
2.33333333333333
0
0
0
0
0
0
0
0
0
0.5
1
0
0
0
0
0
0
0
0
0
0
0
0
0
0
0
0
0
0
2
0
0
1
0
0
0
1.5
1
0
0
0
1
0
0
0
0
0
0
0
3
0
0
0
3
0
0
0
0
0
0
0
3
0
0
0
0
0
0
0
0
0
0
0
0
0
0
0.0144927536231884
2
0
1
0
0
0
0
0
0
2
0
2
0
0.5
0
5
3
0
0
0
0
0
0
0
0
0
0
0
0
0
0
0
0
0
0
0
0.0137931034482759
0
0
0
0
1
0
1
1
0
0
0
0
1
1
0.0246913580246914
2
0
1.33333333333333
0
0
0
0.0675675675675676
1
1
0
0
0
0
0.5
0
0
2
0
0
0
0
0
0
0
0
0
0
1
0
0
0
0
0
0
0
2
0
0
0
0
0
0
5
0
1
0
0.375
0
0
0.0105263157894737
0
0
0
0
0
0
0
0
0
0
0
0
0
0
0
0
0
0
0
0.0222222222222222
0
0
0
0
0
0
0
0
0
0
0
0
0
0
0
0
0
0
0
0
1
0
0
0
0
0
0
0
1
0
0
0
0
0
0
0
0
3
0
0
0
0
0
0
0
0
0
0
0
3
0
0
0
0
0
0
0
0
0.0239520958083832
0
0
0
4
0
1
0
0
0
0
0
0
0
0
0
1
0
0
0
0
0
1
0
2.5
0
0
0
0
0
0
0
0
0
0
3
0.0223642172523962
0
0
2
0
4
0
0
0
3
0
1
0
0
0
0
0
0
0
0
0
0
0
0
0
0
0
0
0
0
0
0
2
0
0
0
0
0
0
0
0
0
0
0.0833333333333333
0
0
0
1
0
0
0
0
0
0
0
0
0
0
0
0
0
1
5
3
0
0.5
0
0
0
0
0
0
0
0
0
0
0
0
0
0
0
0
0
0
0
2
3
1
0
0
0
0
0
0
0
0
0
0
3.2
4.25
0
0
0
0
0
0
0
0
0
0
0
0
0
0
0
0
0
0
0
0
0
0
0
0
0
0
1
0
0
0
0
0
3
0
1
0
0
0
0
0
0
1
0
0
0
0
0
0
0
0
0
0.0594059405940594
0
0
0
1
0
0
1
0
0.235294117647059
0
0
0
4
0
1
0
0
0
0
0
0
1
0
0
0
0
0
0
0
0
0
0
0
0
0
1
0
0
0.111111111111111
0
1
2
0
0
0.0266666666666667
0
0.058252427184466
0
0
0
0
0
0
0
0
0
0
1
1
1
0
2
0
0
0
0
0
0
0
0
3
3
0.0349854227405248
0
0
0
0
0
0
0
0.222222222222222
0
0
0.2
0
0
0
0
0
0
1
0
0.0294117647058824
0
0
0
1
0
0
0
1
0
0
0
0
0
1
0.0555555555555556
0.0434782608695652
0
0
4.72
0
0
0
1
0
0
0
0
0
0
0
0
0
0
0
0
3
0
0
0
1
1
0
0
0
0
0
0
0
0
0
0
0
0
0
0
0
0
0
0
0
0
0.5
0
0
0
0
0.00361271676300578
0
0
0
0
0
0
0
1
0.0147441457068517
0
0
0
0
3
0.0842105263157895
0
0
0
0
0
0
0
1
0
0
0
0
2
1
0
0
0
0
0
0.142857142857143
3
0
0
0
0
0
0
0
0
0.0376068376068376
0
1
0
0
0
0
0
0
2
0
1
0
3
1
0
4
0
0
0
0
0
0.0133333333333333
0
0
0
0
1
0
1
2
0
0
0
0
0
7
0
0
0
0
1
0
0
0
0
0
0
0
1
0.114285714285714
0
0
0
0
0.0357142857142857
0
0
1
0.0205128205128205
0
0
0
0
0
0
0
0
1
0.142857142857143
2
0
0
0
0
0
0
0
0
0
0
0
1
0
0
0
0
0
0
0.048
0
0
0
1
1
0
2
0
0
0
0
0
0
0
0
0
0.224489795918367
0
1
0.142857142857143
0
0
0
0
0
0
1
0
0
0
1
0
0
0
0
0.5
0
0
0
2
0
0
0
0
0
0
0
0
1
0
0
0.0134228187919463
0
0
0
0
0
0
2
6
0
0
0.0294117647058824
0
2
0
0
0
0
0
0
0
0
0
0
0
0
0
1
2
1
0
0
0
0
0
0
0
0
0
0
0
0
0
0
0
0
0
2
2
0
0
0
0
0
0
0
0
0
0
0
2
0
0
0
0
0
1
0
0
0
0
1
0
0
0
0
0
0
2
0
0
0
0
0
0
0
0
0
0
0.1
0.0103092783505155
0
0.0222222222222222
0
0
0
0
0
0
0
0
1
0
0
0
1
0
0
0
0.0364963503649635
1
0
0
4
0
0
0
1
1
0
1
0
0
0.0146641438032167
0
0
0
0
1
0
0
0
2
0
0
0
0
0
0
0
0
2
0
0.333333333333333
2
0
2
0
0
0
0
0
0
2
0
0
0
0
1
3
1
0
0
0
0
1
1
0
4
0
0
0
0
3
0
0
3.4
0
0
0
0
0
0
0
0
1
1
0
1
0.0440140845070423
0.0154320987654321
0
0
0
0
0
0
1
0
0
0
0
0
0
2
0
1
1
1
0
0
0
0
0
1
0
0
0
2
0
0.25
0
0
0
0
1
1
0.00368324125230203
0
0
0.00266429840142096
0
0
0
0
0
0
0
0
0
0
0
0
1
2
0
0
0
0
0
0
2
2
2
0
0
0
0
0
0
0
0
0
0
0
0
0
0.0045045045045045
1
0
0
0
0
0
0
0
0
0
0
0
0
0
0
0
2
1
0
0
0
0
0
0
0
1
0
0
0
0
0
0
0
0
0.4
1
1
4
0
0
0
0
5
0
0
0
0
0
0
2
0
0
0
0
0
0
0
0
0
0
2
2
2
0
0
0
0.0689655172413793
0
0
0
0
0
0
2
2
0
15
0
0
0
0
1
0
0
0
0
0
0
0
1
0
0
0
0
0
0
2
0
0
0
0
0
0.00292397660818713
0
1
0
0
0
0
0
0.0454545454545455
0
0
0
0
0
0
1
0
0
0
0
3
0
0
0
0
0
0
2
0
0
0
0
0
0
0
0
0
0
1
0
0
0
1
0
1
0
0
0
0
0.25
0
0
0
0
0
0
0
0
0
0
0
0
0
2
0
0
0
0
0
0
0
2
0
0
0
0
1
0
1
0
0
0
0
1
0
0
0
0
1
0
0
0
0.0460921843687375
0
0
0
0.0291970802919708
2
0
0
0
0
0
0
0
0
0
0
0
0
0
0
0
1
0
0
0
0
0
0
0
0
1
0
0
0
0
1
0
0
0
0
0
0
0
1.5
0
0
0
0
0
0
0
1
0.0666666666666667
1
0
0
0
0
2
0
0
0
0
1
0
0
0
2
0
0
0
0
0
0
0
0
1
0
0
0
0
1
2
0
0
0
0
0
0
0
0
0
0
0
1
1
0
0
0
0
0
0
0
0
1
0
0
0
0.0442477876106195
0
0
1
1
1
0
0
0
0
0
0
0
0
0.0166666666666667
0
0
0
2
0
0
0
0
0
0
2
0
2
0
0
0
0
0
0
1
0
0
1
0
0
0
0
1
0
0
0
0
0
1
0
0
0
0.00735519460619062
0
0
0
0
0.0194647201946472
0
0
0
0
0
0
0
0.0277777777777778
1
1
0
0
0
0
2
0
1
0
0
0
0
1
0
2
1
0
0
0
0
1
0
0
0
0
0
1
1
0
0
0
0
1
1.5
0
0
0
0.5
0
0
0
0
0
0
0
0
0
0.333333333333333
0
0
0
0
2
0
0
0
0
0
0
0
0
0
0.333333333333333
0
0
0
0
0
2
0
0
0
5
0
0
0
0
0
0
0
1
0
0
0
0
0
0
0
3
0
0.333333333333333
0
0
0
0
0.25
0
0
0
0
2
0
0
0
0
0
0
0
1
0
1
0
0
0
0
0
0
0
0
0
0
0
0
0
0
0
1
0
1
0
0
0
0
0
0
0
0
0
0
0
0
0
0
1
0.0625
0
0
0
0
0.024390243902439
0
0
3
0
0
0
0
2
1
0
0.2
0
0
1
0
0
1
1
0
0
2
0
0
0
0
0
0
0
0
0
0
1
0
0
0
0
3
0
0
0
0
0
0
0
2
0
2
0
0
0
3.33333333333333
2
1
0
0
0
0
0
0
1
0.03125
0
0
0
0
0
0
1
1
0
0
1
0
0
0
0
1
0
0
0
0
0
0
0
0
0
1
0
0
0
0
0
0
2
0
0
0
0
1
0
0.287128712871287
4
0
0
0
1
0
0
0
0
0
0
0
0
0
0
2
0
0
0
0.1875
0
0
0
0
0
0
0
0.0285714285714286
0
0
0
1
0
0
0
0
0
0
6
0
0
0
2
0
0
1
0
0
0
1
0
0
0
0
0
0
0
0
0
0
0
0
0
0
0
2
0
0
0
0.037037037037037
0
0
0
1
0
0
1
0
0
0.0108108108108108
0.272727272727273
0
3
0
0
0
0
0
0
1
0
0
0
0
0
0
1
3
0
0.02
0
0
0
0
0
0
0.01
1
0
0
0
0
0
0.5
0
4
0
0
0
0
0
0
0
0
0
0
0.00248447204968944
0
1
0
1
0
0
0
2.36363636363636
0
0
1
0
2
0
0
0
0
0
0.00666666666666667
0
0
2
0
0
0
0
0
0
0
1
0
0
0
0.0614035087719298
0
0
0
0
0
1
2
0
0
0
0
1
0
0
6
2
0
1
0
2
0
2
0
0
0
0
0
0.204287515762926
2
0
0
0
0
0
0
0
1
0
2
0
0
0
0
2
0
0
0
0
0
0
0
0
0
0
0.0193370165745856
0
0
2
0
0
0
0
0
1
0
2
0
2
0
0.166666666666667
1
0
0
0
0
0
0
1
0
0
0
0
0
0.166666666666667
0
0
0
0
0.666666666666667
0.00300902708124373
0
0
0
1
0
5
0
0
0
0.166666666666667
0.00909090909090909
0
0
0
0
0
0
0
0
0.0818181818181818
1
0
0
0
0
0
0
0
0
0.0236220472440945
0
0
0
0
0
1
0
0
0.666666666666667
0
0
0
0
0
0
0
0
0
1
4
0
0
0
0
0
0.222222222222222
0
0
0
0
0
0
0
0
0
0
0
0
0
0
1
1
0
0
0
0
0
0.0122365737593474
0
0
3
0.0125
0
0.0248447204968944
0
0
0
0
0
0
0
0
0
0
1
0
0
0
0
0
0
1
0
0
0
0
0
2
0
0
0
0
0
2
0
0
1
0
0
0
2
0
0
0
0
0
0
0
0
0.333333333333333
0
1
1
0
0
0
0.137931034482759
0
1
0
0
3
0
0
0
0
0.016260162601626
0
0
0
0
0
0
0.0507246376811594
0
0
0
0
0
1
0
0
0
0
0
0
0
0
0
1
0
1
0
0
0
0
1
0
0
0
2
1
0
0
0
0
0
0
0
0
0.5
0
0
0
0
0
0
0
0.0681818181818182
0
0
0
0
4
0
0
0
0
0
0
0
0.142857142857143
2
0
0
0
0
0
0
0
0
0.5
0
0
0
0
0
0
0
0
0
0
0
0.0421940928270042
0.0702402957486137
0
0
0.5
0
0
0
0
0
0
0
0
0
0
0
0
0
0
0
0
0
0
0
0
0
0
1
1
0.0298507462686567
1
0.25
0
0.00480769230769231
0
2
0
0
0
3
0
0
0
0.0129533678756477
0
1
2
0
1.5
0
0
0
0
0
0
0
0
0
0
0
0
3
0
0
0
0
0
2
1
0
0
0
0
0
0
0
0
0
0
0
0
0
1
0
0
0
0
0
0.0150862068965517
0
0.833333333333333
0
0
0
0
0
0
0
0
0
0
0
0
1
1
0
0
0
0
0
0
1
0
0
0
0
0
0
0
2
0
0
0
0
0
0.00909090909090909
2
0
1
0
1
2
1
0
0
1
0
0
0
0
1
0
2
0
0.00280112044817927
0
2
1
0
0
0.25
0
0
1
2
1
0
0
0
0
0
0
1
1
0
0
0
0
0
0
0
0
0
0
0
0
1
0
0
0
3
0
1
0
0
0
0
0
1
0
2
0
0
0
0
0
0.5
1
1
0
1
0
0
0
0
0
0
0
0
0
0
0
0
0
0
0
0
0
0
0
0
0
0
1
0
0
0
0
0
0
0
0
0
0
0
0
0
0
1
0
0
2
0
0
0
0
0
0
0
0
0.0790513833992095
0
0
0
0
3
0
0
1
0
0
0
0
0
0
0
0
0
0
0
0
0
2
0
0
0
0
0
0
0
0
0
0
0
0
0
0
0
0
0
0.00917431192660551
0
2
0
0
0
0
0
0
0
0
0
0
0
0.1
0
0
1
0
2
0
0
1
0
0
0
0
2
0
0
0
0
0
0
0.111111111111111
0
0
1
0
1
6
0
0
0
0
0.00241003905925372
0
0
0
0
0
0
0
2
2
0
0
0
0
0.996842105263158
0
0
0
0
1
1
1
0
0
0
1
0
0
0
0
0
0
0
0
0
0
2
0
0
0
0
1
1
0
0
0
1
0
0
0
1
2
3
0
0
0
0
0
0
0
1
0
1
0
0
0
2
0
0
0
0
0
0
0
0
0
0
0
0
0
0
0
1
0
0
0
0
0
0
0
0
1
2
0
0
0
0
0
0
0.01171875
0
1
0
0
0
0
0
0
0
0
0
1
0
0
3
0
0
0
0
0
0
1
0
0
0
0
0
0
0
0
0
0
0
0
2
1
0
0
0.0384615384615385
0
3
0
0
0
0
0
1
3
0
0
0
1
0
0
0
0
0
0
0
0
0
0
0
0
0
0
1
0
0.990654205607477
0
0
0.5
0
0
1
0
0
0
0
0
0
0
0
0
0
0.0178571428571429
1
0
0
0
0
0
3
0
1
0
0
0
0
0
0.00400572246065808
0
1
0
0
2
0
0
0
0
0
0
0
0
0
0
0
0
0
2
0
0
0
1
0
0.0298507462686567
0
1
0
0
0
0
0
1
0
0
0
0
0
1
0
0
0
0
0
0
0
0
3
0
1
0
0
0
0.0518292682926829
0
0
0
0
2
0
1
0
0
0
0
0
0
0.0451612903225806
2
0
0
3
0
0
0
0
0.0124884366327475
0
0
0
0
0
0
2.96296296296296
0
0
0
0
0
0.00440528634361234
0
0
0
0
0
0.0175438596491228
0
0
0
0
0
0
0
2
0
0
0.5
2
0
0
0
0
0
0
2
0
0
0
0
0
0
1
0
0
0
2
0
0
0
0
0
0
0
1
0
0
0
1
0
0
1
0
0
0
0
0
0
0
0
2
1
0
0.5
0
0
0
0
0
0
2
0
0
0
0
0
0
0
1
0
0
0
0
0
0
0
0
0
0
0
0
0
0
0
0
0
0
0
2
0
0
0
0
0
0
0
0
0
0
0.411764705882353
0
0
0
0
0
1
0
0
0
0
0
0
2
0
0.00890207715133531
1
0
0
0
0
0
0
4
0
0
0
0
0
1
0
2
0
0
1
0
2
0
0
1
0
0
0
0
0
0
0
0
2
1
0
6
0
0
1
0
0
0
0
0
0
0
0
0
0
1
0
0
0
0
0
0
0
0
0
4
0
0
0
0
0
0
0
0
0
0
0
1
0.00759734093067426
0
0
0
0
0
1
2
0
0
1.5
0
0
0
0
0
0
0
0
0
0
0
0
0
0
0.0266666666666667
0.333333333333333
0
1
0.00909090909090909
0
0
0
0
0
0
0
0
0
0
0
0
0
0
0
2
0
0
0
0
0
0
0
0
0
0
0
0
0
0
0
0
0
2
0
0
0
0
0
0
1
0
0
0
0
0
0
2
0
0
1
0
1
0
0
0
0.2
0
3
0
0
0
0
0
0
0.0217391304347826
0
0
0
0
0
0
0
0
0
0.00641025641025641
1
0
0
0
0
0
1
0
0
2
0
1
1.22448979591837
0
0
3
0
0
0
0
0
0
0
0
2
0
0
0
0
0
0
0
0
1
0
0
0
0
0
0
0
0
0
0
0
0
2
0
1
0
0.166666666666667
0
0
0
0
0
3
0
0
0
0
1
0
4
0
1
1
0.5
3
0
0
1
1
0
0
0
0
1
0
0
1
0
0
0
0
0
0
0
0
0
0
0
0
0
0
0
0
0
0
0
0
0
0
0
0
0
0
0
0
0
0
0
0
0.0606060606060606
0
0
3
0
0
1
0
0
1
1
0
0
0
0
0.0119047619047619
0
2
0
0
0
0
0
0
0
0
0
0
0
0
0
2
0
0
0.0693069306930693
3
0
0
2
0
0
0
0
0
0
0
0
0
0
0
0
0
0
0.003003003003003
1
0
0
0
0
0
0.120689655172414
3
0
0
0
0
0
0
0
0
0
2
0
0
0
0
0
4.66666666666667
0
0
0
0
0
0
0
0
0.0185185185185185
0
0
0
3
0
0
0
0
0
0
0
0
0
0.0384615384615385
1
0
0
0
0
0
0
0
0
1
0
2
0
1.5
0
3
0
0
0
0
0
6
0
0
0
2
0
2
0
0
0
0
0
0
0
0
0
0
0
0
0
0
1
0
1
0
0
0
0
0
0
0
0.125
0
0
0
2
0.5
0
0
0
1
0
0
0
0
0
0
0
0
0
1
0
1
0
0
0
0
0
0
0
0
1
0
0
0
0
1
1
1
0
0
0.0113469985358712
0
0
2
0
0
2
3
0.0526315789473684
1
0
0
0
0
0
0
0.0427350427350427
0
0
0
0
0
0
0
2
2
0
1
0
0
0
1
4
0
1
0
0
0
0
0
0
0
1
0
0
0
0
0
0
0
0
0
0
1
0
0
0
0
0
0
0
3
0
0
0
0
0
0
0
0
1
0
1
0
0
0
0
0.00134952766531714
0
0
0
0
0
18
1
0
0
0
0
0
0
0
0
0
0
0
0
0
1
0
1
0
0
0
0
0
0
0
0
0
0
0
0
0
0
1
0
0
0
0
1
0
0
0
0
0
3
1
0
0
0
1
0
0
0
0
0
0
1
0
0
0
2
0
4
0.0144927536231884
0.1
0
0
0
0
0
0
1
0.0168067226890756
0
0
0
0
0
0
0
0
0
0.333333333333333
4
0
3
0
0
0
0
0
0
1
1
0
0
0
0
10
0
1
0
1
0
3
0
0
1
0
2
0
0
0
0
0
0
0
0
0
0
0
0
0
0
5
1
0
0
0
0
0
0
0
0
0
0
0
0
0
0
0
0
0
0
0
1
0
0
0
1
2
0
0
0
1
0
0
0
3
0
0
2
0
0
0
0
0
0
0
0
0
0
1
0
2
0
0
0.0272727272727273
2
0
0
0
0
0
1
0.0188679245283019
0
0
1
0
1
1
0
1
0
1
0
0
0
0
0
0
0
0
0
0
0
0
0.5
1
0
0
0
0
0
3
0
0
0
1
0
0
0
0
0
0
0
0
0
0
0
0.1
0
3
0
0
0
0
0
0
0
0
0
0
0
1
2
0
0
0.333333333333333
0
1
0
0
0
0
0
3
0
1
0
0
0
0.00790513833992095
2
0
0
0
1
0
0
1
0
2
0
0
0
0
0
0
1
0
0
0
0
0.166666666666667
0
0.0526315789473684
0
0
0
0
0
0.076271186440678
2
0
0
0
2
0
0
0
1
0
0
0
0.0204081632653061
0
2
0
0
1
1
0
0
0
0
1
3
0
0
0
0
1
0
0
0
0
0
0
0
0
0
1
1
0
0
0
0
0
0
2
0
0
0
1
0
0
5
0
0
1
0
1
0
0.0269662921348315
0
1
1
0
0
0
0.181818181818182
0
0
0.0714285714285714
0
0
0
0
0
0
0
0
0
0
0.00120481927710843
0
5
0
0
1
0
0
0
1
1
0
0
0
0
0
0
0
0.0264900662251656
0
0.00628930817610063
0
0
0
2
3
3
0
0
0
0
0
0
0
0
0
2
0
0
0
0
1
0
0
0
0
0
7
0
0
0
0
2
0.00538599640933573
0
0
0
0
0
0
0
0
0
0
0
0
0
0
0
0
0
0
0
1
0
0
0
0
0
0
0
0
0
0
0
0
0
0
3
0
0
0
5
0.0416666666666667
1
0
0
0.0476190476190476
0
0
0
0
0
3
0
0
0
0
1.5
0
0
0
0
0
0
0
0
0
0
0
0
1
0.0114613180515759
0
1
0
0
0
0
1
0
0
0
0
0
0
0
1
0
0
0
1
0
2
1
0
0.0333333333333333
0
0
0
0
0
0
0
0
0.00506585612968592
1
0
0
0
0
1
0
2
0
0
0
0.0447761194029851
0
0
0
0
0
1
0
0
0
0
0.0174672489082969
0
0
0
0
0
0
0
0
0
1
0
0
3
0
0
0
1
0
0
0
0
0
0
0
0
0
0
0
0
0
0
0
0
0
0
0
0
0
0
0
0
0.0380952380952381
0
0
0
0
1
0
0
0
0
0
0
0.2
0
0
0
0
0
3
0
0
0
0
0
0.0212765957446809
0
0
0
0
2
0
2
0
0
0
0
0
0
0
1
1
0
0
0.5
0
0
0
0
0
0
0
1
0
0
0
0
2
0
0
0
0
2
0
1
0
0
1
0
1
0
0
0
0
0
0
3
0
0
2
0
0
0
0
0
0
0
1
0.03125
1
0
0
0
0
0
0
0
0
0
0
0
4
0
2
0
0.25
0
1
0
0
1
0
0.00645161290322581
1
0
0
0
0
0
0
0
0
0
0
0
1
0
0
0
0
0.0490196078431373
4
2
0
0
0
0
0
0
0
0
0
2
0
0
0
0
0
0
0
0
0
0
0
1
0
0
0
1
0
1
0
2
4
0
3
1
0
0
0
0
0
0
0
1
0
0
0
0
0
0
0
0.333333333333333
0
1
0
0.5
0
1
0
0
1
1
0
0
0
0
0
0
0
0
0
0
0
0.00757575757575758
0
0
0
0.3
2
0
0
1
0
0
0
0
2
0
0
0
1
0
0
0
0
0
0.134615384615385
0
0
0
0
0
0
0
1
0
0
0
0
0
0
0
1.5
0
0
0.0707964601769911
0
0
0
0
0
2
0
0
3
0
0
1
0
0
0
2
0
0
0
0
0
0
0
0
0
0
0.928571428571429
0
0
2
1
0.0103448275862069
0
0
1
0.2
0.00709939148073022
0
0
0
0
0
0
0
0
1
0
1
0
0
0
0
0
0
0
0
0
0
0
0
0
0
0
0
0
0
0
0
0
0
2
0
0
0
0
0
0.0909090909090909
0
0
0.024390243902439
0
2
3
1
1
0
1
0
0
0
0
0
2
0
0
0
0
0.0174418604651163
0
1
0
0
0
0
0
0
1
0
0.111111111111111
0
0
0
4
0
0
1
0
0
0
0
0
0
0
0
0
0
0
3
0
0
0
0
1
0.142857142857143
0
0
0
0
0
0
0
0
0
0
7
0
0
0
0
1
0
0
0
0
0
0
0.0144927536231884
0
0
0
0
0
0
0
1
0
1
0
0
0
0
0
0
0.00869565217391304
0
0
0
1
0
0
0
0
0
0
0
0
0
0
1
0
0
0
0
0
0
1
0
3
0
0
1
0
3
0
0
0
0
0
0
0
0
0
2
0
0
0
0
0
0
0
2
0
0.0588235294117647
0
0
0
0
1
0
0
0
0
0
0
0
0
0
0
0
0
0
0
0
1
0
0
0
0
2
3
0
0
0
2
0
0
1
0
0.003125
0
0
0
3
0
0
0
0
0
0
0
0
0
0
0
4
0
0
1
4
1
0.5
0
0
1
3
0
0
0
0
0
0
0
0
0
0
3
0
1
0
0
1
3
0
0
0
0
0
0
0
0
0
0
0
1
0
0
0
0
0
0.0191387559808612
0
0
0
0.25
0
0
1
0.00122699386503067
0
0
0
0
0
1
1
0
0
2
0
0
0
0
0
0
0
0
1
0
0
0
0
0
0
0
0
0
0
0
0
0
0
0
0
0
0
0
0
0
0
0.087719298245614
4
2
0
0
1
0.0290697674418605
0
0
0
0
0
0
0
0
0
4
0
0
0
2
0
0
0
0
0
0
0
0
2
0
1
0
0
0
1
0
0
0
0
0
0
0
1
0
0
0
0
0
1
0
0
0
0
1
0
0
5
0
0
0
1
1
0
0
0
1
0
0
0
1
0
0
0
0
0
0
0
0
1
0
1
0
0
0
0
0
0
0
0
0
0.333333333333333
0
0
0
0
0
0
0
0
0
0
0
0
3
0
0
0
0
0
0
0
0
0
0
0.0508474576271186
6
0
0
0
0
0
0
0
0
0
0
0
2
0
0
0
0
0
0
2
0
0
0
0
0
0
1
0
0
0
0
0
0
0
0
0
0
0
0.3125
0
0
0
3
0
0
0
1
0
1
4
2.5
0
12
0
0
0
1
1
0.0263157894736842
0
0
0
0
0
0
0
0
0.108860759493671
0
0
0
5
0
0
0
0
0
2
0
0
3
0
0
1
1
0
0
0
3
0.0140845070422535
0
0
0
0
0
0
0
0
0
0
0
0
1
0
0.254545454545455
0
0
0
0
0
0
0
0
0
0.014367816091954
0
0
0
0
0
0
0
2
0
0
0
0
0
0
0
0
0
0
0.00662251655629139
0
2
0
1
1
4
0
0
0
0
0
0
0.111111111111111
0
0
0
0
0
0
1
0
1
1
0
2
1
0
2
0
0
0
0
0
0
2
0
0
0
1
0
1
0
0.00177619893428064
0
0.0740740740740741
0
0
1
0
0
0
1
0
6
0
0
0
0
0
0
0
0
0
0
0
0
0
0
0
0
0
0
0
0
0
0
0
0
0
0
0
0
0
0
0
0
1
0
0
1
0
0
0
0
0
0
0
0
0
1
0
0
0
0
0
2
0
0
1
1
0
0
1
0
0
1
0
0
2
0
0
0
0
1
0
0
1
0
0
0
0
4
0
0
0
0
0
0
1
0
0
0
0
0
1
0
0
0
0
0
0
1
0
0
0
0
0.0224261840852022
0
0
2
0
0
0
1
1
0
1
0
0
0
0
0
0
0
0
4
0
0
0
0
0
0
0
2
0.0632183908045977
1
0
0
0
0
0
0
0
0
0
0
2
0
0
0
0
0.0271317829457364
0.25
0
0
0.0131578947368421
0
0
0
0
0
1
0
0.0234741784037559
0
0
0
0
0
0.5
0
2
1
0
0
0
0
0
0
0
0
0
0
0
0.015625
0
0
2
1
0
0
0
0
0.5
0
0
0.0126582278481013
0
0
0
0
0
0
0
0
0
0
0
0
1
1
0
0
0
0
2
0
0
0
0
0
0
0
0
0
1
0
0
4
0
0
1
1
0.037037037037037
0
0
2
0
0
0
0
0
0
0
0
1
0
1
0
0
0
0
0
0.0216216216216216
0
0
1
0
1
0
0
0
2
1
0
0
0.0078740157480315
0
0
0.0714285714285714
0
1
0
1
0
0
0
0
0
1
0
0
0.138888888888889
1
1
0
0
1
0
0
0
0
1
0
0
0
0
0
0
0
0
0
0
0
0
0
0
0
1
0
0.0105263157894737
0
0
0
0
0
2
3
1
2
0
0
0
0
0
0
0
1
0
2
0
0
0
0
0
0
1
0
1
0
0
0
0
0
0
0
0
0
0
6
1
0
0
2
0
0
0
0
2
0
0
0
0
1
0
0.5
0
2
0
0
0
0
0.333333333333333
0
0
0
0
0
0
0
0
0
0
0
0
0
0
0
0
0
0
0
0
0
0
0
1
0
0
0
0
0
0
0
0
0
1
0
0
0
0
0
0
0
0
1
0
0
0
1
2
1
0
0
0
0
4
0
0
0
0
0
0
2
0
0
2
0
0
0
1
0
1
0
1
0
0
0
0
0
0
0
0
1
0
0
0
0
0
0
0
0
1
0
0
0
0
0
1
0
0
0
0
0
0
0
0
0
0
0
0
0
0
0
0
0
0
1
0
0
0
0
0
0
0
0
0
0
0
0
0
0
2
0
0
0
3
0
0
1
0
0
0
0
0
3
0
0
0
0
0
0
2
0
0
0
0
0
0
0
0
0
0
2
0
0
1
0
0
0
0
1
0
0
0
0
0
0
0
0
0
0
1
0
0
0
0
0
0.010752688172043
0
0
1
0
0
0
0
0
0
0
0
0
0
0
0
0
0
0
0
1
0
0
3
0
0.00925925925925926
0
0.5
0
0
0
1
1
2
0
0
0
0
0
1
0
0
0
0
0
0
0
0
0
1
0
0
0
0
0
0
1
0
0
0
0.5
0
0
0
0
0
0
0.00462962962962963
1
0
0
1
0
1
0
1
0
2
0
0
0
0
0
0
0
0
0
1
0
0.571428571428571
0
0
0
0
0
0
0
0
0
0
4
2
0
0
0
0
0
0
0
1
1
0
0
0
0
0
1
0
3
0
0
0
0
0
1
0
0
0
0
0.0172413793103448
0
3
0
0
1
0
0
0
0
0
0
0
0
0
1
0
2
0
0
0
0
0
2
0
1
0
0
0
0
0
0
0
2
0
1
2
0
0
0
0
0
1
0
0
0
1
0
0
0
1
1
0
0
0
3
0
0
0
1
1
0
0
0
1
0
1
0
0
3
1
0
2
0
0
0
0
0
0
0
0
0
0
1
5
0
1
0
0
0
0
0
0
0
2
0
0
0
0
0
0.666666666666667
0
2
2
2
0
0.166666666666667
0
0
0
0
0
0
0
0
1
0
0
0
0
1
0
0
0
0
0
0
0
0
0
0
0
0
0
2
0
0
0
0
0
0
0
0
0
0
0
0
0
0
0
0
0.5
1
0
1
0
0
0
0
0
0
0
0
0
0
0
0
0
0
0
2
1
2
0
0
0
0
0
0
0
0
0
0
0
0
1
0
0
0
0
2
0
0
0
0.024390243902439
0.00868935553946416
0
0
0
0.333333333333333
0
0
0
0
0
0
1
0
0
0
0
0
0
0
0
0.666666666666667
0
0
0
0
0
0
0
0
0
0
2
0
0
0
0
4
0
0
0
0
0
0
1
0
0
0
0
0
3
0
0
0
0
1
0
0
0
0
0
0
0
1
0
0
0
3
0
2
0
0
0
0
0
0
1
0
0
0
0
0
0
0
0
0
0
0
0
0
0
0
0.00268096514745308
0
0
0
0
0
0
0
0
0
0
1
0
1
0
0
0
0
0
0
0
0
0
0
0
0
0
0
0
0
0
2
1
0
0
0
0
0
0
1
0
1
0
0
1
1
0
1
0
0
0
0.0434782608695652
0
0
0
0
0
0
0
0
0
5
0
1
0
0
0
0
0
0
0
0
0
0
1
0
0
0
0
0
0
0
0
0.666666666666667
2
0
0
0.0588235294117647
0
0
0
0
0
0
0
0
0
2
0.5
0.1
0
0
0
1
0
0
0
0
2
0
0
0
4
0
0
1
0
0
0
0
1
0
0
0
0
3
0
0
0
0
0
0
0
0
0
2
0
0
0
0
1
0
0
0
0
2
0
0
0
0
0
0
0
0
0
0
0
1
0
0
0
0
0
0
0
0
0
3
0
0
0
0
0
0
1
0
0
6
0
1
0
0
0
2
0
0
0
0
0
0
3
3
0
0
0
0
0
0
0
0
0.00485436893203883
0
0
2
0
0
0
0
0
0.0134730538922156
0
0
1
0
0
0
0
0
0
0
1
0
0
0
0
0
0
0
1
0
0
0
0
1
1
0
0
0
0
0
0
0
0
0
0
0
0
0
0
0
0
0
0
0
0
0
0
0
0
0
0
0.00062266500622665
0
0
0
0
0.0227272727272727
0
0
0
1
0
0
0
0
0
0
0
1
0
0
0
0
0
0
0
0
0
0
0
0
0
1
0
2
1
0
0
0
0
0
0
0
1
1
0
0
1
1
0.1
0
0
5
0
0
0
0
0
0
0
0
0
0
0
0
0
0
0
0
0
2
0
0
0
2
0
0
0
0
0
0
0
0
0
0
0
0
0
0
0
0
0
0
0
0
0
0
3
0
0
0
0
0
0
0
0
0
0
1
0
0
1
1
0
0.125
0
1
0
0
3
0.036144578313253
0
0
1
0
0
0
0
1
0
1
1
0
0
0
0
0
0
0
0
0
0
0
0
0
3
0.00869565217391304
0
0
0
0
1
0
0
3
0
0
1
0
0
0
4
0
1
1
0
0
1
1
0
0
1
0
0
0
0
0
0
0
0
0
0
0
0.00952380952380952
0
0
0
0
0
0
0
0
0
0
0
2
0
0
0
0
0
1
0
1
0
1
0
0
0
0
0
0
0
0
1
0
1
0
0
1
0
0
0
0.5
0
0
1
0
2
0.0319148936170213
1
1
0
0
0
0
0
0
0
0
0
0
0
0
0
0
0.285714285714286
0
2
0
0
0
0
0
0
0
0.0214723926380368
0
0
0
0
0
0
0
0
0
0
0
0
0
5
0
0
0
0
0
0
0
0
0
0
0
0
0
0
0
1
0
0
0
0
0
0
1
1
0
0
0
0
5
0
0
4
0
0
0
0
0
0
0
4
0
5
0
0
0
0
0
0
0
0
0
0
0
0
0
0
0
0
0
0
0
0
0
0
0
0
0
0
0
0.00355706773894216
0
0
0
0
0.0588235294117647
0
0
0
0
0.0666666666666667
0
1
0
0
0
2
0
0
0
0
0
0
0
0
0
0
0
2
1
0
1
0
0
0
0
2
0.666666666666667
0
0
0
0
0
0
0
0
0
0
0
0
0
0
0
0
0
0
0
0
0
0
0
0
0
0
0
0
0
0
0
0
0
17
0
0
0
1
0
0
4
0
0
0
0
0
0
0
0
0
1
0
0
0
0
0.0434782608695652
0
0
0
0
0
0
0
0.00826446280991736
0
0
0
0
0
0
0
0
0
0
0
0
0
0
0
0
0
0
0
0
0
1
0
2.94444444444444
2
0
0
0
0
0
0
1
0
0
0
0
0
0
0
0
0
0
1
0
0
0
0
0
0
0
0
0.125
0
0
0
0
1
0
0
0
0.5
0
0
0
2
0
0
0
0
0
0
0
6
0
0
2
0
0
0
0
0
0
0
0
0
0
0
0
0
0
2
0
0
0
0
0
0
3
0
0
0
0
0
0
0
0
0
0
0
1
0
0
0
0
0
1
0
4
0
0
0
0
0.0318979266347687
0
2
0
0
0
0
0
0
0
0
0
1
0
1
0
0
1
0
0.0208333333333333
0
0
1
0
1
0
0
3
0
0
0
1
0
2
0
0
0
0
0
2
0
1
2
0
0
0
0
0
0
0
0
2
0
0
0
0
0
0
0
0
0
0
0
0
0
0
0
0
1
0
0
0
0
0
0
0
0
2
0
0
0
0
0
0
0
3
0
0
0
0
0
0
3
0
2
0
0
0
2
0
1
0
0
0
0
0
0
1
0
0
0
1
0
1
0
0
0
0
0
0
0
0
0
1
0
0
0
0
0.5
0
0
0
0
2
0
0
0
0
0
0
1
0
0
0
2
0
0
2
2
1
0.0384615384615385
0
0
0
0
0
0
0
0
0
0
0
0
0
0
0
0
0
0
0
0
0
0
2
0
0
0
0.00704225352112676
0
0
0
1
1
0
0
0
2
0
0.024390243902439
0
0
0
0
0
0
0
0
0
0
0
0
0
0
0.5
0
1.42857142857143
0
0
0
0
0
0
0
0
0
0
0
0
0
0
0
0
2
0
0
3
2
0
0
0
0
0.0212765957446809
1
0
0
0
0
0
0
0
0
0
0
0
0
1
3
0
0
0
0
0
0
0
0
0
2
0
0
0
2
0
0
0
0
0
0
0
0
0
0
3
0
0
0
0
1
0
0
0
0
0
0
4
0
0
0
0.1
0
1
0
0
0
0
0
0
0
0.0162162162162162
0
1
0.0686274509803922
3
0
0
3
0
0
0
2
0
0
0
0
0
1
0
0
0
0
1
0
0
0
0
0
0
0
0
0
0
0
0
0
0
0
0
0
0
0
0
0
1
0
0
4
0
0
0
0
3
0
0
0
0.00182606710796622
1
0
0
2
0
0
0
0
0
0
0
1
0
0
0
0
0
0
0
0
0
0
0
0.5
2
1
0.142857142857143
0
0
0
2
0.00564971751412429
0
1
0
0
1
0
0
0
0
3
2
1
0
0
0
0
1
0
0
0
0
1
0
0
0
0
0
0
0
0
3
0
0
1
1
0
0
1
0
0
0
0
0
1
0
0
0
0
0
0
2
0
0
0
0
2
0
0
0
0
2
0.0347826086956522
0
0
0
0
0
1
0
1
0
0.000450856627592426
0
0
0
0
0
0
0
0
0
0
0
0
0
0
0
0
0
0
0
1
0
0
0
0.5
0
0
1
1
0
0
0
0
0.116279069767442
0
0
0
0
0
2
0
0
0
0
0
0
0
3
0
0
0
4
1
0
0
1
0
0
1
0
0
1
0
5
0
0
0
0
0
3
0
0
0
0
0
0
0
0
0
0
0
0
0
0.242424242424242
0
0
4
0
1
0
0
0
0
2
3
0
2
0
4
0
0
0.0220763723150358
1
0
0
0
0
0
0
0
0
0
0
0
0
0
0
0
0
0
0
0
0
0.0714285714285714
2
0
0
1
0
0
0
0
0
0
0
1
1
0
0
0
0
3
0
0
0
0
0
0
0
0
0
0
0
0.241379310344828
0
1
0
1
0
0
0
0
0
0
0
0
1
0
0
0
0
0
0
0
0
1
0
0
0
0
0
0
0
0
0
0.4
0
1
4
1
0
0
0
0
0.000564971751412429
1
0
0
0
0
0.00779220779220779
0
0
0
2
0
0
5
0
0
0
0
0
0
0
0
0
1
0
0
0
0
0
0
0.133333333333333
0
0
0
0
1
0
0
2
0
0
0
0
0
0
0.0131578947368421
0
0
0
0
0
0
0
0
3
0
0
0
0
0
0
1
0
1
0
0
0
0
0
0
0
0
0
0
0
0
0
0
0
0
3
0
0
2
0
1
0
0
2
0
0
0
0
0
0
1
1
0
0.0119331742243437
0
0
0
0
0
0
0
0
0
0
1
0
0
0
0
0
0
3
0
0
0
0
1
0
0
0
0
0
0
4
1
0
0
0
0
1
0
2
0
0.2
0
0
0
0
0
0
0
0
0
0
0
0
0.625
0
0
0
0
0
0
0
0.944444444444444
0
0
0
0
0
1
2
0
1
0
0
0
0
0
0
0
0
0
0
2
0
1
0
0
1
0
0
0
0
0.63302752293578
0
0
0.142857142857143
0
0.626016260162602
0
0
0
0
0
0
0
2
0
0
0
0
0
0
1
0
1
0
0
0
0.166666666666667
0
0
2
0.0909090909090909
0
0
0
0
2
1
0
0
0.0222222222222222
0.05
0
0
0.590909090909091
0
0.481481481481481
0.25
0
0
0.533333333333333
0
0
0
0
0
0
0.616822429906542
0
0
0.647058823529412
0
0
0
0
0
0
0.032258064516129
10
0
0
0
0.53781512605042
1
0
0
0
0
0
0
1.5
0.0769230769230769
0
0
0
0
0
0
0
0
0.5
0
0
1
0
0
0
4
0
0
7
0
0
0
1.53636363636364
10.6043956043956
0
0
0
0
0
0
0.5
0
0.629310344827586
1.65142857142857
0
0
0.6
0.0434782608695652
0
0
0
0.6
0
0
0
0
0
0
1
0
0
0
0
0.627272727272727
0.635869565217391
1
1
0
0
0
0
0
0
0
1
1
2
0
0
0
0
0
0
0.558823529411765
0
0
3
0
2
0
0
1.53932584269663
1.01418439716312
1
0
0
1
0
0
0
0
0
0.111111111111111
0
0
0
0
0
0
0.575
0
0.0576923076923077
0.65625
0
0
0
0
0
0
0
1
2
0.68
0
0
0
0
1
0
0
0
0
0
1.60606060606061
0
0
0
0
3
0
0
0
0
0
0.333333333333333
2
1
0
1
0.575308641975309
0
0
0
0
1
1
0
0.0289855072463768
2
1
0
0
0
0
0
1
0
0
0
0
0
1
0
1
0
0
0
0
0
0.686440677966102
0
0
2
0.509433962264151
0
0
0
0
0
0
0
0
0
0.541666666666667
0
1
0.53125
0
0
0
0
0
0
0
0
0
1
0.00760456273764259
0
0
0
3
0
0
0.5
0
0
2
0
0
0
0
0
0
0
0
0
8
0.676470588235294
0
0
0.590909090909091
0
0
0
0
0
0
0
0.620689655172414
0
0
0
0
0
0
0
0
0
0
0
1
0
0
0.4
0.05
1
0
0
0
0
1
0.00476001586671956
0
0.658227848101266
0.60431654676259
0
0
0
0
0
0
0
0.652173913043478
0
0
0.545454545454545
0
1.5
0
0
0
1
0
0.333333333333333
0
1
0
0
0.0555555555555556
0
0
0
0
0
0
0
0
0
0
0
0.037037037037037
0
0
0
0
0
0
0
0
0
0
0
0
0.285714285714286
0
0
0
0
0.75
0
0
0
0
0
0
0
0
0
0
0
0
0
0
0
0
0
0
0
0
0
0
0
0
0
0
0
0
0
0
0
0
0
0
0
0
0
0
1
0
0
0
0
0
1
0
0
0
0
0
0
0
0
0
0
0
0
3
0
0
0
0
0
0
0
0
2
0
1
0
0
0
0
0
0
0
0
0
0
0
0
0
0
0
0
0
1
0
1
2
0.0294117647058824
0
0
0
0
0
0
0
0
0
0
1
3
0
0
0
0
0
0
0
0
0
0.5
1
0
0
0
0
2
1
2
0
0
0
1
0
1
0
0
0
0.0099009900990099
0
0
2
0
1
0
0
0
0
0
0
0
0
0
0
0
0
0
0
0
0
0
0
0
0
0
0
0
0
0
0
1
0
0
0
0
0
0
0
0
0
0
0
2.25
0
0
0
0
0
0
1
0
0
0
0
0
0
1
0
0.0909090909090909
0.0425531914893617
1
0
0
0
0
0
0
1
0
0
0
0
0
0
0
0
0
0
0
0
0
0
0
0
0
0
0
0
1
0
0
0
0
0
1
0
0
0
2
0
0
0
0
0
0
0
2
0
0
0
0
0.0099009900990099
0
0
0
0
0
0
0
0
0
0
0
0
0
0
0
0
0
0
0
0
1
0
0
0
0
0
0
0
0
0
0
0
0
0
0
0
0
0
0
0
0
0
0
0
1
0
3
0
1
0
0
0
0
0
0
1
1
0
0
0
0
0
0
0
5
0
0
1
0
0
0
1
1
0
1
0
0
0
0
0
0
0
0.0882352941176471
0
2
0
0
7
0
0
0
4
0
0
0
0
0
1
0
0
0
0
0
1.5
0
0
0
0
0
0
0
0
0
0
0
0
1
0
0
0
0
0
0
2.5
0
0
0
2
0
0
0
0
0
0
2
0
0
0
0.5
0
0
0
0
0
0
0
0
0
0
0
0
0
1
1
0
0
1
0
0
0
1
0
0
0
0
0
0
0
0
0
0
0
0
0
0
1
0.0882352941176471
0
0
0
0
0
0
0
1.5
0
5
0
0
0
1
0
2
1
0
0
1
1
0
1
0
0
2
0
0
0
0
0
1
0
6
0
0
0
0
0
0
0
0
0
2
0
0
0
2
0
0
0
0
1
0
3
0
0
0
0
0
0
3
0
0
0
0
1
0
0
0
2
0
0
0
1
1
0
1
0
0
0
0
1
0
0
0
0
1
0
0
0
1
0
0
0
0
0
0.0128205128205128
0
0
0
1
0
0
0
0
12
0
0
0
1
0
0
0
0
0
0
0
0
0
0
0
0
1
0
0
0
0
0
0
0
0
0
7
0
0
1
0
5
0
0
1
0
0
0
0
0
0
0
0
0
0
0
2
0
2
0
0
0
0
0
0
0
0
0
0
0
0
0
0
0
0
0
0
2
1
0
0
0
0
0
1
0
1
0
0
0
0
0
0
0
3
0
0
0
1
0
2
0
0
0
0
0
0
0
0
0.1
0
0
0
0
0
0
0
0
0
0
0
0
0
0
0
0
0
0
0
0
0
0
0
0
0
0
1
0
0
2
0
0
0
0
0
0
0
1
0
0
0
0
0
2
0
0
0
0
0
2
2
0
1
0
0
1
3
0
0
2
0
2
0
0
0
0
0
0
0
0
0
0
0
0
0
1
0
0.111111111111111
0
0
0
0
0
0
0
0
1
0
0
1
0
0
0
3
0
0
0
1
0.0255681818181818
0
1
0
1
0
0
1
0
0
1
0
0
0
0
0
0
0
0
0
0
0
0
0
0
0
0
0
0
0
2
0
0
0
0
2
2
3
0
0
0
0
0
1
0
0
0
0
0
2
0
0
2
0
0
0
0
0
0
0
0
2
0
0
1
0
0
1
0
0
0
0
0
0
0
0
0
0
0
0
0.0152671755725191
0
0
0
0
0
0
0
0
0
0
0
0
0
0
0
0
0
0
1
0
0
0
0
0
0
0
1
0
1
0
0
0
3
0
0
0
0
0
2
0
0
0
0
0
0
0
0
0
0
0
0
0
0
2
0
0
0
0
0
1
0
0
0
0
0
0
0
0
0
0
0
2
1
1
0
1
0
0
0
0
0
0
0.5
0
0
5
0
0
0.5
0
0
0
0.166666666666667
0
2
0
0
0
0
0.5
0
1
0
0
0
0
0
0
2
1
0
0
0
0
0
0
0
0
1
0
0
0
1
4
0
0
0
1
1
0
0
2
0
0
0
0
0
0
1
0
0
0
0
0
0
0
0
0
0
1
0
0
0
0
0
0
0
0
0
1
0
0
0
0
0
0
0
1
0
1
0
0
0
0
0
1
1
0
0
1
0
0
1
0
0
0
0
0
0
0
0
0
3
0
0
0
2
0
0
0
0
0
0
0
0
0
1
0
0
0
0
2
0
0
7
0
0
0.0195439739413681
0
1
0
0
0
0
0
0
0
0
0
1
2
0
0
0
0
0
0
0
0
0
0
0
0
0
0
0
0
0
0
0.5
0
0
0
0
0
0
0
0
0
0
1
0
0
1
0
0
0
0
0
0
2
0
0
0
0
0
0
2
0
0
1
3
0
0
0
0
0
0
0
0
0
0
0
0
2
0
0
0
0
1
0
0
0
0
0
0
0
1
0
0
0
1
0
0
0
0
3
0
0
0
0
0
0
0
0
0
0
1
0
0
0
0
0
0
0
0
0
0
0
0
2
0
0
0
0.0784313725490196
0
0
0
0
0
0
0
0
0
1
0
0
0
0
0
0
0
0
0
0
0
0
0
0
1
0
0
2
0
0
0
0
0
0
0
0
0
0
0
0.0352112676056338
0
0
0
0
0.0147058823529412
0
0
0
0
0
0
0
0
0
0
0
1
0
4
0
0
0
0
7
0
0
0
0
0
0
1
0
0
0
0
0
0
0
1
2
0
0
0
0
0
0
0
0
0
0
0
0
0
0
0
0
0
0
0
0
0
2
0
0
0
0
0.0769230769230769
0
0
1
0
0
0.25
0
0
0
0
0
0
0
0
0
0
0
0
0
1
0
0
0
0
0
0
0
0
0
0
0
0
1
0
0
0.5
0
0
0
0
0
0
0
1
0
0
0
0
1
0
0
1
0
0
0
0
1
0
0
0
1
0
0
0
0
1
0
0
0.00320512820512821
0
0
2
0
0
0
0
0
4.33333333333333
2.5
1
0
0
0
0
0
0
0
0
1
0
0
0
4
1
0
0
0
0
2
0
0
0
0
0
0
0
0
0
0
0
0
0
0
0
0
0
0
0
0
0
0
1
0
0
0
0
0
0
0
0
0
0
0
0
0
0
0
0
0
0
0
0
2
0
0
3
0
0
0
0
1
0
0
0
0
0
1
0
3
1
0
1
0
0
0.5
0
0
0
0
0
0
0
0
0
3
0
0
0
7
0
0
0
0
1
0
5
1
0
0
0
0
0
0
0
0
0
1
0
0
1
0
0
1
0
0
0.857142857142857
0
0
3
0
0
2
0
0
0
0
0
0
0
1
0
0
1
0
0
0
0
0
0
1
0
0
0
0
0
0.0847457627118644
0
0
0
0
0
0
1
0
0
0
0
0
0.4
0
0.0571428571428571
0
1
0
0
0
0.0199004975124378
0.142857142857143
0
0
1
0
0
0
0
0
0
0
0
0
0
0
0
0
0
0
0
0
0
0
0
0
0
1
0
0
0
0
0
0
0
0
0
0
0
0
0
4
0
0
0
0
0
0
0
0
0
0
0
0
0
1
0
0
1
0
0
0
0
0
0
0
0
0.2
0
0
4
1
0
0
0.166666666666667
0
0
0
0
0
0
0
0
0
0
0
2
0
0
0
0
0
1
0
0
0
0
0
2
0
0
0
0
0
0
19
0
0
0
0
0
0
0
0
0
2
0
0
1
1
0
0
0
0
0
0
0
0
0.5
0
0
0
0
1
0
0
0
0
0
0
0
4
0
0
1
0
0
0
0
0
0
0
1
0
0
0
1
0
0
0
0
0
0
0
0
1
0
0
0
0
0
0
0
0
0
0
1
1
0
0
2
1
0
0
0
0
0
0
0
0
0
0
0
0
1
0
3
0
1
0
0
0
0
0
0
0
0
0
0
0
0
0
0
0
0
0
0
0
2.5
0
0
0
0
0
0
0
1
0
0
0
0
0
0
0
0
0
0
0
0
0
0
3
0
0
0
0
0
0
0
2
0.24
0
0
0
0
0
1
1
0
0
0
0
5
0
2
0
0
0.0119047619047619
0
0
0
0
0
4
0
0
0
0
0
3
0
0
0
0
0
0
0
0
0
0
0
0
0
0
0
2
0
0
0
0
0
0
0
0
0
0
6
0
0
0
0
0
0
0
0
0
0
0
0
2
0
3
0
0
0
1
0
0
0
0
0
0
2
0
3
0
0.5
0
0
0
0
1
0
0
0
0
0
0
0
0
0
0
0
1
0
0
0
0
1
1
0
0
0
0
0
0
0
0
0
0
0
0
0.00442477876106195
0
0
0
0
0
0
0
0
0
0
0
0
1
0
0
0
0
3
0
0
0
0
0
0
0
0
0
0
0
0
1
0
0
0
2
1
0
0
0
1
0
0
0
0
0
0
0
0
0
5
4
0
0
0
2
0
0
0
0
0
0
0
0
0
0
0
0
0
0.666666666666667
0
0
0
0
0
0
0
0
0
0
0
1
0
1
0
0
0
0
0
0
0
0
0
0
0
0
0
0
0
0
0
0
0
0
0
0
0
0
0
0
0
0
0
1
0
2
0
0
0
0
0
1
0
0
0
0
0
1
0
0.106382978723404
0
0
0
0.0476190476190476
0
1
0
0
0
0
0
0
0
0
0
0
0
0
0
0
0
0
0
1
0
0
0.04
0
0
0
0
1
0
0
4
2
0
0
0
0
0
4
0
0
0
1
0
0
0
0
0
1
0
0
0
0
0
0
0
1
0
0
0
1
0
0
0
0
0
0
0
0
0
0
0
0
0
0
0
0
0
0
1
0
0
0
0
0
0
0
0
0
0
0
1
0
0
0
0
1
0
1
0
0
0
0
0
0
0
1
1
1
0
0
0
0
0
0
0
0
1
2.14925373134328
0
0
0
0
0
0
0
0
0
6
0
0
0
0
0
1
0
3
0
0
1
0
0
0
0.333333333333333
0
0
1
0
0
1
0
0
0
0
4
0
1
0
0
0
0
0
0
0
0
0
0
0
0
0
0
0
0
1
0
0
0
0
0
0
0
0
0
0
0
0
0
0
0
0
0
0
0
0
0
0
1
0
1
0
0
0
0
0
0
1
3
0
0
0
0
0
0
0
0
0
0
0
0
0
0
0
0
0
0
0
0
0
1
0
0
0
0
0
2
2
0
0
0
0
0
0
0
0
0
0
2
0
0
0
0
1
0
0
2
0
0
0
0
3
0
0
1
0
0
0
2
0
0
0
0
1
0
0
1
0
0
0
0
0
0
0
0
0
0
0
0
4
0
1
0
0
0
0
0
0
0
0
1
0
1
1
0
0
2
0
0
0
0
0
0
2
0
0
0
0
0
0
0
0
0
0.4
0
0
0
0
0
0
0
0
0
0
0
0.00289855072463768
0
1
2
2
0
1
0
0
0
0
10
0
0
0
1
0
0
0
0
0
0
0
0
0
0
0
0
0
0
2
0
1
0
0
0
0
0
0
0
1
0
0
0
1
0
1
0
0
1
0
0
0
0
0
0
0
0
0
0
0
0
0
0
0
0
1
0
0
0
0
1
0
0.00845070422535211
0
0
0
1
0
0
0
0
0
0
0
0
0
0
0
0
0
0
0
0
0
0
1
0
0
0
1
0
0
0
2
0
5
0
0
1
0
0
1
0
0
6
0
0
0.5
5
0
0.0869565217391304
0
0
0
1
3
0
0
0
0
0
0
0
0
0
0
2
0
0
0
0
0
0
0
0
0
0
0
0
0.0078125
0
0
0
0
0
2
3
0
0
0.333333333333333
0
0
0
0
0
0
0
0
0
1
1
0
1
5
0
0
0
0
0
0
0
0
0
0
0
0
1
0
0
0
0
0
0
0
0
0
0
0
0
0
5
0
0
1
0
0
0
0
0
0
0
0
0
0
0
0
0
0
0
0
0
0
0
1
1
0
1
0
0
2
0
0
0
1
0
1
0
0
0
0
0
0
0
0
0
0
0
0
0
0
0
0
0
1
0.176470588235294
0
1
0
0
0
1
0
0
0
0
0
0.25
0
0
0
1
0
0
2
0
0
0
0
0
0
0
2
0
3
3
0
0.166666666666667
0
0
0
0
1
1
0
0
0
0
0
0
0
0
10
0
0
0.25
1
0
0
0.0555555555555556
0.279279279279279
0.4
0.0769230769230769
0
0
0
0
1
0
0
0
0
0
0
0
0
0
0
5
0
0
0
0
0
0
0
0
4
0
1
0
0
0
0
0
0
0
0
4
0
0
0
17
0
0
0
0
0
0
0
0
0
0
0
0
0
0
0
0
2
0
0
0
0
0
0
0
0
3
0
0
0
5
0
1
0
0
0
0
1
0
0
0
0
0
0
0.0104166666666667
0
1
0
0
0
0
1
0
0
0
0
0
0
0
0
0.5
0
0
0
2
0
0
0
0
0
0
0
0
0
0
1
0
0
0
0
0
0
0
0
0
0
1
0
0
0
0
1
0
1
1
3
2
0
0
0
0
0
0
2
0
3
0
0
0
2
0
0
0
0
0
0
0
0
0
1
0
0
2
2
0
0
1
2
0
0
0.107883817427386
1
0
0
0
1
0
0
0
1
0
0
0
0
0
0
0
0
0
2
0
1
0
0
0
0
0
0
0
0
0
0
0.111111111111111
1
0.5
0
0
0
0
0
0
0
0
1
0
0
0
0
0
0
0
0
2
1
1.75
0
0
0.206896551724138
0
0
0
0
0
0
0
1.33333333333333
0
1
1
2
1
1.5
0
0
1
0
0
0
0.111111111111111
0
0
0
0
1
1
0
0
0
0
0
0
0.583333333333333
2
0
0
0.428571428571429
0
0.227272727272727
0
0
0
0
0.333333333333333
0
0
0
1
0
0
2
2
0.0740740740740741
0
0
0
0
0
0
0
0
1
1
1
0
0
0
0.5
2
0
3
0
0
4
0
0
0
0
0
2
0
0.181818181818182
0
0
0
0
0
0
0
0
0
0
0.0828402366863905
0
0
0
0
0
0
0
0
0
0
1
1
0
0
0
0
0
0
0
0
0
0
0
6
1
0
2
0
0
0
0
0
0
0
1
0
0
0
0
0
0
1
0
0
0
0
0
1
0
