0
1256
1024
0
1212.89473684211
0
1287.93939393939
1207.36428571429
1292.7619047619
2268
1098.46153846154
995
1020.33333333333
0
1157.51515151515
802
1562
0
1823.5
1600.5
1182.8
1477
879.909090909091
1391.47619047619
54
1019
1053.64705882353
1022.11111111111
1023.33333333333
1384.41176470588
2308
764.173913043478
1165
0
1242.28571428571
1414.1875
2056.83333333333
1426.05882352941
0
1084
1006.78571428571
0
1603
1332.07692307692
0
1142.07547169811
0
641.5
1214.5
1518.66666666667
1381.5
1365.8
0
1119.28571428571
1940
905
1464.16666666667
1204.5625
1113.5
1116.88260869565
1529.94444444444
575
1341.48087431694
1422.82142857143
1379.6
1465.8
1627.53571428571
1826.5
1004.625
1253.64285714286
1183
830.2
0
1504
1855.5
373.5
2055
1335
822.5
1988
0
1533
2141
1413.4
1523.33333333333
1740.4
0
1522.48226950355
1227.92307692308
1000.85714285714
0
902.815789473684
1892
0
2028
0
1306
1870
585
0
179
1137.02564102564
976
2301.5
0
984.214285714286
1072.75
725.25
880.5
1081
1480
1375.3786407767
1556
580.333333333333
1369
914.3
895.5
523.5
0
844
1118.51111111111
1584.4
1740
310.666666666667
0
912.846153846154
1471
2029
1630
1026.42105263158
0
1976
317.5
0
2045
1732
0
526
1575.5
1832
1495
1502.77777777778
0
0
949.428571428571
974.266666666667
106
1139.28571428571
1723.5
1675
0
1710.5
975.833333333333
1406.53571428571
1563
1452.1
535
1993.2
1371.94117647059
0
777
1644
2133.33333333333
624
1350
259
356
802
1847
381
0
1428
529
19
0
1044.14285714286
790.466666666667
1008.51785714286
0
0
1168.92941176471
896.333333333333
1415.25
611
474.786666666667
1393.7
878.571428571429
997.888888888889
1130
573.5
1121.88888888889
0
1139.38461538462
1036.33333333333
1122.55555555556
800.727272727273
297.75
1873.57142857143
1468.25
1447.15909090909
296.2
1281
1526.66666666667
840.333333333333
1171.31034482759
1161
1289.85714285714
1223.5
733.428571428571
1183
1654
989.076923076923
0
0
1180.25
0
68
1349
1115.15714285714
0
1994
1785.5
1330
0
0
1426
1121
340.666666666667
634
1132.9
1935.33333333333
1266
1068
2072
857.5
1941.5
799.866666666667
0
1065
1027.58181818182
0
0
0
1512.33333333333
2013
1294.6170212766
998
0
857.567567567568
896.5
326.5
0
1233.06896551724
1611.54545454545
1617.55555555556
1949
1308.75
1735
1583.5
377
1006
679.5
0
0
2085.5
2042
1195.40740740741
270.5
1596.86666666667
0
0
1348
854
1485
1855
1147.22222222222
2218
0
1809
1243
2339.5
24
0
1349
2217
0
10
649.142857142857
1348.5
1162.42857142857
1812.33333333333
763
1182.6
1714.4
1629.6
1454
2075
0
1582
1948
1095.57142857143
943
1644.5
1198
1000.53846153846
0
453
0
1156
1587.33333333333
0
0
770.416666666667
2136
1479.27272727273
1050.81818181818
864
1365.5
1391.33333333333
1060
1835
1079
1476
0
1385.5
0
1435
1061.4
2426
1061.77777777778
681.630769230769
957.5
381
1732
383
0
0
317
1612
776
806.75
1713
326
848.466666666667
0
0
0
0
1412.125
1623.22222222222
2097
1836.4
752
713.1
1381
1675.5
854.68253968254
653
0
1295.16666666667
1018.42857142857
1384.03333333333
1403.75
1427.8
1545.15384615385
1635
1028
1652.2
0
1333.69230769231
1372
862
1230
1204
1222.9358974359
1437
1225.73214285714
1083
1488.97457627119
960
1208.54362416107
742.5
0
1185.2
1694
1591
1985.6
0
0
1719.66666666667
0
-239
899.666666666667
695.333333333333
1298.5
0
0
1055.74242424242
1362.52941176471
384
992
814
964.272727272727
1418.75
1371.05882352941
592
903.75
672
1861.33333333333
1305.25
1662
877.217391304348
1687
2112
1023.75
1551
843.111111111111
1821
0
1202.66666666667
398
1389.18181818182
794.666666666667
1751.28571428571
1164.46
10
1506.8
1584.8
0
1149.38888888889
1142
776.75
1372.55555555556
1843.66666666667
1107.13043478261
1493.5
0
2051.5
2120
737
1244
1357
2218
2156
0
1120.16666666667
1083.33333333333
1934
0
709.2
1307.36633663366
2196
1948
1163.75
2032
963
1447
1385
1247
899
2039
0
667.333333333333
832.5
1856
1736
2043.5
1437
0
1454
1471
0
0
1225.33333333333
540
1450.5
1195.6
1571.47058823529
2027
1411.84210526316
2003
925.636363636364
914.375
1538.5
16
1330
600
0
0
0
75
1054.30303030303
958
771.5
1069.5
978.190476190476
1245.90909090909
0
-90
535
0
1188.08333333333
0
596
799.65
2076
494
1086.25
1636
0
118
1605.33333333333
1387
1554
2110
0
0
438
0
1434
1074.33333333333
1306.5
0
1055.85714285714
936
1604
1825
1216.58585858586
0
150
0
1049.93023255814
1311
0
1626.5
1728.5
1180.52631578947
1282.73208191126
1504
1328
0
0
728.666666666667
0
854.030303030303
327
1022.83333333333
1501
0
1636
1660
934
2059.66666666667
1161.66666666667
2067
1094.25
298
482.5
1645.6
0
0
1585
1123
1405
2267
886.5
1871
0
987
1629.6
0
356
1167
0
0
1055.0625
1426.22857142857
1632
1581.66666666667
1679.2
0
1666
1153
0
1070.5
1051
0
0
0
0
1126.38775510204
1520
970.02380952381
0
1683.5
1119
0
529.648648648649
0
1542.75
450.8
1930.5
1162.14285714286
1561
1605
60.5
1124.37125748503
1130
0
1601
0
1797
1230.5
1003.58823529412
1502.85714285714
0
1065
927.142857142857
1348.75555555556
0
0
795
2034
0
1325.59030100334
349
1635.5
0
530.5
989
16
2019
1581.5
899.4375
1324.85714285714
1575
1167
955
2411
915
1631
914.68085106383
221
1261.83333333333
1560.53448275862
2339
0
2060
0
0
0
303.625
1874
960.5
947
0
0
964.2
841
254
0
0
855.166666666667
412
609
0
700
0
0
1012.33333333333
0
1279.71428571429
1054
963.2
630
0
0
892.346153846154
1026
1028.5
949.2
1268
1052.66666666667
1250.94736842105
207
1409.2
0
976
599.625
498
812.111111111111
1881
2653
1171
1104
0
1001.17647058824
1512.6
580
1206.75
147
0
2206
1164.5
0
79
1257
0
702
1329.90909090909
1856
852.272727272727
1658.5
2241
0
1091.66666666667
389
0
0
0
0
1114.81773399015
4
1350
0
2465
914.333333333333
1296
1008.57142857143
1399.625
919.6
1245.62745098039
0
946.166666666667
518.5
130
723
0
1143
1704
777
1065.64814814815
2004
1736
0
809.153846153846
0
1366.85
0
1288.91428571429
739
0
0
1120.95
1394
0
192.666666666667
1098.625
888.888888888889
180
1371
1106.6
1026.33333333333
1034.35714285714
1121.71428571429
1446.63333333333
1082.35714285714
0
0
0
0
268
416
2132
0
1059.45161290323
895
1320.33333333333
1002
1254.21818181818
0
748
1831
1457.54761904762
1533.45454545455
1474.55
0
0
0
0
1459.66666666667
1789.66666666667
1888
593
0
1716
673
0
1555
1519
223
1648.17857142857
812
1007.4
0
1001.25
829.2
1193.8
0
1947
101
0
1202
343
1254.71428571429
1260.66666666667
478
1381
1405.16666666667
695
944.3
1052.57142857143
1353.47619047619
891
250
1030.76086956522
1789.33333333333
1914
0
138
1985
170
655
1611
1189
0
1949
13
861.823529411765
857
1978
1067
0
2458
458
1978
1398.8
0
2206.33333333333
0
1325.01785714286
1692
281
1379.10344827586
0
2145
777
1828.2
0
2030
1568.34615384615
162
0
1879.25
0
348
0
1989
1319
0
9
1730
1064.28571428571
0
399
1584
1079.94634146341
1321.40625
572
1253
0
829
1840
1202.5
1956
878.5
2472
865.5
1276.33333333333
0
2021.5
2239
1749.33333333333
0
1206.57894736842
0
0
0
1292.88888888889
1217
924
0
1781
1233
167.333333333333
0
1903
0
483
1618.6
0
1921
0
0
699
1407
1391
963.166666666667
1059.94117647059
0
0
1172
1627.5
1278.1
710
761
1822
1898.27272727273
1531
1173
0
948
0
1681
0
0
0
440
1404.4
1601
1039.66666666667
167
0
2065
1107.5
1379.45454545455
2049
0
0
0
1047.66666666667
2011
763
0
685
1105
232.25
1740
0
1488
1352.83333333333
1636
618
1382
0
0
423
1960
1157.5
1170.66666666667
2011.5
2017
2005
0
961
0
1266.17647058824
0
1554
1198
1386.3
725.25
0
279
1331
1727.5
1076.4
264
203
0
0
0
6
1254
1257.63636363636
1156
1916.33333333333
707.857142857143
1957
1235.22727272727
0
0
0
1005.33333333333
816.333333333333
1164
1318.30434782609
0
1691
274
0
1273.99184782609
0
1504.8
932.72
1653.66666666667
1566.57894736842
1394
1098.5652173913
0
2094
1949
1943.75
543.193548387097
0
1626.33333333333
930.890410958904
2039
1211.5
1309.42857142857
644.2
0
1028
2286.6
1704
0
1940
0
1159.90909090909
1451.33333333333
1120.45454545455
0
1067
0
2172
1158
1244
1607
1410.24561403509
1110.75
254
2
1152.4
0
1763
1281
397.833333333333
1695.625
207
2039
442
1336.5
1067.5
1373
0
2060
1435
532
1141
1320
1784
0
0
700.75
0
2135
0
1662.5
1430.4
1263.66666666667
0
0
0
1478.5
1876.28571428571
1097.5
0
0
2051
821
806.285714285714
2032
1916
0
0
1886
955.666666666667
0
233
393
72
906
1138.66666666667
1588
746
1679
897
1934
1609.5
344
0
1756.75
628.333333333333
1934
665
1593
1668
0
1149.6
0
1155.66666666667
1261.86363636364
2182
0
1520.5
1998.5
1396.6
2229
1095.07142857143
1197
1263.22055674518
1713.33333333333
2028
318.5
207
429
1759
0
86
0
890
1018.66666666667
0
1480
0
1712
1662.5
373
1238.36111111111
304
0
0
0
0
1858
1419
1095.66808510638
384
1980
561.5
1013.05263157895
0
0
434.5
858.1
1672.25
434
1994
1505
1941
0
1010.5
1614.66666666667
1401
1038
1577.33333333333
1331.5
1819.25
107
1023.77777777778
0
1755
0
1629
37
0
1459
712.333333333333
1228.5
0
1268
913
0
1408
0
0
1128
1396.75
913.25
609.5
92
1977
0
1471.57142857143
1393.42105263158
0
1097.5
0
1643
1629
1364.625
359
0
1557
148
0
0
-48
2143
1293.26470588235
1517
577
1449.31578947368
1919
947
0
1618
0
224
1865
1222
986
1955
2085
0
2046
1482
0
0
1165.5
376
1775.5
0
0
1216
1193.6
1613.5
0
0
1573
291
821
0
367
2029
663.5
1735
1033.14285714286
18
0
1992
1327
0
1064
799.5
0
134
1080
0
0
831
1235
0
2049
0
837.135321100917
1074
763
1202.25
0
1352.84615384615
1272.85714285714
1392.94736842105
783.357142857143
1324
825.333333333333
0
0
2035
0
1262.4
489
0
1671.875
1549.83333333333
0
755
0
1459
0
0
1988
506.666666666667
0
741.25
0
855
1438.74418604651
1535.22222222222
0
0
1490.5
2123
1291.85526315789
1122
698.333333333333
0
0
1925
0
318
0
1578.16666666667
923.2
1458
1219.79187817259
942
888
0
2068.5
0
1050
0
1280
1697.28571428571
1183
1076
0
0
2049
0
1077.73333333333
0
1486.25
2003
400
0
2771
180
1796
0
0
0
0
0
1392
0
582
0
510
173.666666666667
1137.97619047619
1391.375
2119.5
635
769
832
520
1225
759
0
388
1979.85714285714
0
0
449
0
1867
0
1038.2
1183.4
1079.2
1214
83
1365.5
1188.71698113208
1335.7619047619
0
0
0
1331.33333333333
1351.9
0
358
1130.25
1185
0
206
1385
1325
0
1781.66666666667
1444
2179.5
968
0
1018.5
2041
792
0
936
0
53
2024
2030
26
1719
1496
1259
1156.91379310345
0
742
2175
766.923076923077
1231
1980.66666666667
0
1020
0
1085
1695
596
2102
1035
0
1932
0
1204
309
1040
0
1218.4
979
0
1246
1026.25
1329.5
1209.78125
808.5
2033
1995
0
1466.66666666667
1128
1737
1955
0
0
1460
2041
0
0
1764
1387.33333333333
1639.5
955.283941780005
29
0
1967
0
1171.85714285714
1945
749.333333333333
0
1333.16666666667
260
342
641
1735
1811
1201.42857142857
1942.5
0
1505
0
1214.4
717
1417
950
0
567.333333333333
2071.33333333333
0
498.5
484
0
0
2002
1445
0
801
1059.5
0
871.111111111111
1915
2266
1464.75
0
1919
0
0
1236.5
1191.5
0
1239
0
576
2051
1708.33333333333
245
0
1957
1141
0
1339.05555555556
1370
1526
1244.99071925754
0
1466.5
0
16
680.5
1161.5
2014
947
1347
0
1635.75
1042.83333333333
0
772
1166.90909090909
0
1084
339
2056
0
0
911.333333333333
1780
329
1241
1066
0
1932
0
842
0
1316.71428571429
1173.375
616
0
1365.10526315789
2057
1036
86
1727
0
1298
807.5
2181
510.666666666667
1953.33333333333
1944.25
984
1115.77777777778
1103.66666666667
932.75
1371.5
777
1292
0
1971
0
777
945
1550.33333333333
1437.8
2188
1209.52694610778
1486.66666666667
1384.5
1414.25
1488
2271
1678
34
1728
696.571428571429
1654.33333333333
1465.85714285714
976
1390.75
116
0
0
946.436507936508
561.4
2263
1920
256
0
1181.77419354839
1936
203
66
0
1389.82608695652
0
2155.5
2180
792
1873.31578947368
1217.26530612245
1894
1118.5
929.333333333333
1915
1010
0
2105
1975.75
209
2230
0
1581.5
182
1918
0
1739.4
0
1920.66666666667
1172.08571428571
854
0
1661
359
1258
1479
659.25
1692
0
1369.63043478261
1536
1017.8
1027
1203
807.625
0
206
0
0
0
1486.57142857143
2038
0
793.333333333333
914
1590
0
0
1739
1165.25
2173
1175.23076923077
1312.2
1601
1858
2148.5
0
0
0
0
0
0
1851
440.454545454545
235
0
1079.5
0
2038
833.041666666667
1133.5
1642
181
1633
1909.5
0
957.666666666667
0
0
1275
0
2361
405.8
1284
356.5
1055
30
1361
1116
0
1370
701.75
903.888888888889
1320
0
1388
1535.62068965517
0
0
1761
1380
0
0
0
1947
1313.66666666667
780
1999
0
612.75
0
1037
1044
1741
1479.5
661.5
0
900.888888888889
273
0
992
0
909
943
0
1330
1511
0
0
1891.5
2023
1610
0
742.2
0
1158
262
2181
785.5
0
1705
50
0
1687
491
0
0
364.833333333333
0
0
0
0
2046
1233.57142857143
1521
1127
1974
1145.66666666667
209
2216
674
951
1197
203
0
722.222222222222
0
382
2005
0
328
1615.5
1293.2
1592
1225.57142857143
1444
6
355
1209.66666666667
0
1860
1603
0
0
1102.78787878788
1101.83916083916
2315
1978
0
0
0
1896
0
1716.5
0
0
1495.28571428571
172
0
1295
0
0
1064
1130
876.666666666667
0
1287.625
380
1233.2
457
1112.25
1338
1338
1736
1536.33333333333
434
1035.38461538462
1426
1051.75
0
457
1028
36
1110
0
0
2000
1532.75
1256
1260.17791411043
1822.5
159
964
0
726.166666666667
0
620
0
1115
970.5
358
1335
0
564
0
1219.37654320988
2253
1118.5
2280
0
-321
2088
0
1067
0
1516
1489.5
1402
1607
989.807692307692
0
649
1965
1945
1457
0
1211
0
1307.16666666667
502
0
2051
1355
1868
0
0
16
0
876
0
1341.16666666667
2001
2033.5
1455
986.4125
0
0
2006
489
2098
901.5
0
1886
1335
2039
511
0
2348
0
1427
0
2182
0
76
541.5
239
1971
693
0
0
1476
0
2013
0
0
0
757.280487804878
0
1960
70
712
1601.5
613
0
324
1625
1231
1869
0
1601.5
1609
0
1619
1253
0
0
638.166666666667
0
899
0
1056.58823529412
0
2247
2237
1199
0
618.5
999.3
0
584.333333333333
311
1242.85714285714
341
1466
0
0
1627
1497
2338
473
1410.13043478261
635.583333333333
1745
0
971.25
1109
741
1243
0
0
938
0
0
0
0
1602
0
236
0
1412
1426
2065
489.5
1231
1087
434
0
1701
742
1779.75
1138.99397590361
1276
1757
1345
1996
708.5
1218
850.5
1363
380
0
908
997.642857142857
1225
1571
1295.92682926829
1268
1150.25
676.352941176471
0
1167.25
1320
22
1008
0
1905
1242.33333333333
1037
1868
2115.33333333333
0
1945
0
1125
0
0
0
762
0
956.378640776699
0
401
697
55
2169
0
2027
1853
0
1561
1332.57142857143
914.333333333333
0
1587
0
1186.83276450512
0
1704.6
1054
749.4
1469
602.285714285714
0
1169.34482758621
1046
0
702.159090909091
0
0
0
1049
1064.35714285714
950.5
2250
720
644
0
0
0
0
1729.13636363636
1485
0
0
1245
1539
0
1684.6
0
386
832
0
0
0
0
1024
1196.42
1722.5
205
1636
624.5
520
0
1116
1035.25
0
1254.75
1327.49056603774
1620
0
756.5
0
1770.5
1908
1294.66666666667
777
156
0
1119
1254.88888888889
1756.86666666667
2796
899
0
917
0
2213
1159.94488188976
1224.83333333333
878.583333333333
1715
1709
811
1487.44444444444
0
380
0
1446
0
1259
794.333333333333
772
739
440
0
1415.52606635071
0
2086
0
515.5
0
1307
0
0
0
0
1438
503
778.5
1833
1339
1982
2910
277
887.5
1806
876.5
0
0
1038
1122.20588235294
1943
942
1265.42142857143
1452.25
2049.5
2203
2356
952
1063.375
232
0
0
0
529
1225.75471698113
2149
2021
1205.5
1897
1311
1394
0
0
2047
0
0
1272.5
0
1690.5
2305
0
2056
1536.6125
0
12
1996
1274
0
903.198630136986
1651.14285714286
1852
0
391
1314
1540.33333333333
1598
0
1814.75
0
0
633
1228
1311.33333333333
2049
0
1661.57142857143
0
952
2063
458
0
1478.8
0
0
2236
1443
0
972
322
2209
2411
1681.66666666667
0
760
0
2093
200
0
86
840.5
1280.5
1146
1666.5
0
0
0
13
1765.5
2033
0
1924
1061.25
0
901
1957
1387.63076923077
1114
260
1041.85714285714
0
1952.5
865
0
0
2067
444
1648
1563
0
1482.5
1448
0
808
1605.75
0
0
1309
2138
631
2286
0
1214
0
0
0
1462.5
0
1599
2009
1399.33333333333
0
838
0
1
0
1186
2061
0
643
0
11
0
243
0
0
53
0
877
0
940
1750
0
1681
2088
1208
1102.12
263
1294.44444444444
0
2008
0
1899
936.757142857143
1387.75
901
1357.66666666667
1553.5
227
0
655
1237.33333333333
1408.75
87
1293.08641975309
0
729.923076923077
1369
0
0
2031
0
894.5
1905
228
1093.66666666667
1476
1331.75
1943.5
0
2384
0
1252
1697
774
0
0
0
1621.75
1533.35294117647
567
0
2088
996.111111111111
0
0
1445
956
0
998
1096
946.8
992.333333333333
730
1016.57894736842
0
956
1356
991
1993.5
1858
889
1712
1544
0
0
2028
22
969
1192
0
810
0
1042.66666666667
2077.33333333333
160
1374
0
1847.5
0
0
0
0
1648
560
0
1521
1229.5
457
690
1678
1855
107
1183.5
0
704.666666666667
0
0
1889
2147
2070
0
1648.25
0
2045
1122.5
0
1760
2059
0
1340
1383.28571428571
1134
257
0
2021
1367
0
0
1739
1576
1005
1487
0
0
1241
0
241
1583
1036.12244897959
0
0
0
1673
1401.5
0
2053
0
104
184
1563
1984
0
203
758
2792
0
1822
91.5
1926
0
1340.25
0
1203.16666666667
791
0
1128.6
1152
649
1302.53333333333
1641.5
0
807.333333333333
2008
19
0
1483.4
1269
287
0
0
1280.5
0
1456.18181818182
1074.16666666667
1546
73
0
0
0
1989
0
0
0
2184
995
1466
95
2061
359
0
0
1233.22727272727
1456
0
996.8
1297.84496124031
1999.5
549
2079.75
0
0
145
0
1945
84
0
935
0
2058
1880
1993
2213
0
1038.33333333333
0
1970
1148.36
1490
0
998.5
0
863
0
1205
0
1406.6
799
0
0
1815.8
0
0
1111.76136363636
1025.14814814815
1532
1657
734
2287
1417
0
0
1591
938
0
1953
1361.89655172414
2073
1885
1676
2000
1389
0
1970
998
831.5
0
1113
0
0
2086
0
1968
493.5
1911
1319
0
138
0
2031
1348.75
748
937
0
1183
1348
0
1124
254
2031
217
0
633
0
1595
0
0
695
2021
0
0
1497
0
0
2166
0
2026
1267
0
1505
0
2125
0
1064
0
0
2007
1494.17808219178
693
164
1157
885
1386.38636363636
1137
1117.33333333333
2046
0
1538.42105263158
2331
2060
74
803
487.5
522
0
1231.59615384615
1719.5
1583
1944
423.666666666667
0
0
805
0
0
941.5
1811.33333333333
0
0
0
1373.66666666667
0
860.5
1318
0
1075
1013.44444444444
1276
1915
2585
1664
1089.11111111111
1401.46153846154
1604.33333333333
0
121
1591
1121
1152
879.692456479691
872.170932358318
2059
0
201
1086.6
1152
1153
0
0
970.826666666667
0
0
0
928
1186
1076
1515.66666666667
0
0
1423
1955
0
0
886.25
2486
999
0
0
1256.6
2162.5
2082
0
1182
0
810
1961
0
1387.375
1354.5
1147
530
39
0
982
0
1226.25
0
1019
0
896
1403
1876
0
0
1915
1639
0
0
2194
0
0
1376
0
0
1948
529
1800
2176
1971
1216.25
1921
0
0
1227.80303030303
173
0
1914.5
1163.77272727273
-202
1907.33333333333
1592
881
1269
882.019011406844
1421
1353
0
1552.75
1448.69230769231
0
1135
0
1376
0
0
1359.12837837838
1776
0
0
1494
780
1393.5
0
493
1232.6
0
1713
682.5
1263.08974358974
998
0
0
773
194
491
0
0
786.5
0
0
298
158
1681
2065
169
0
2172
1056
1510
1795.38461538462
2116
1178
201
1745
2035
633
2258
1054.33333333333
1279.28571428571
0
0
585
905.5
1494
701
1728.5
1411.8
1361
1150.5
2138
2030.25
1244
942.333333333333
64
1349
682
1964.8
0
0
738
2018
882.666666666667
1211.8
2179
1075
889
1843
932
0
1708.5
990
1217.46153846154
0
1936
43
759
0
1387.5
1124.5
2770
530
0
1159.92857142857
0
0
1914
1580.5
0
0
706.9375
2034
775
0
0
0
0
273
0
2002
1071
0
1
0
870
1609
0
1203.29279279279
1146
0
0
0
1331.66666666667
1693
0
0
0
1249
0
1044
528
0
880
1688
398
1337
8
2022.5
1106
1245
78.75
557.25
0
1775
0
866
1114.14598540146
0
0
0
0
923
0
0
2037
0
24
0
0
0
1142
347
1685
0
1730
2124
735
2443
2073.5
690
253
1282
1382.92307692308
0
468
2334
889
0
0
1515.33333333333
1537
1838
2878
1261.33333333333
980
0
2198.5
0
2541
0
1804
0
0
0
1377
-96
1951
0
646
0
0
1792
1253.33333333333
1957
1227.31481481481
1369
1205
0
2163
734.666666666667
1031
710
390.5
0
1074
0
0
0
1453
1301.5
0
0
1427.5
495
1178.5
0
0
638
159
964.666666666667
508.8
1758.5
383
0
1273.25
1933
1189
0
1500
1413.5
1109.44444444444
1227.62745098039
0
0
1518.33333333333
0
0
2485
1864.5
2380
975.833333333333
0
13
0
0
0
1118.75609756098
1077
0
75
2046
0
1122
1432.63333333333
559
909.25
1274
429
0
0
611
547.5
0
1615
1982
0
968
707
1883
0
0
0
2043
-23
0
0
2151
1483
1960
1669
2174
339
331
0
812.777777777778
0
615.25
0
0
697
1677
0
0
1816.66666666667
0
0
999.577464788732
1548
0
2008
875.5
1886
1063
1698
658
1497
0
24
430
0
1159.66666666667
1861
1280.5
1377
2004
1478
1440.21052631579
0
854
0
0
0
1305.66666666667
0
357
1145
0
444
1820
731
1577
0
952
284
1703.5
2066
-246
0
587
0
2023.5
1319
0
1404
0
2069
0
0
528
0
0
0
0
0
569
2077
2085
0
1392.5
1041
64
846
1221
1853
0
0
0
661
1183.5
1221.5
2004
0
0
1982
1003
1321.4358974359
0
1202
2324
2001
0
0
1790.5
1031.27777777778
0
2099
660
1290
1485
327
1608
0
504
1346.5
1344
1477.82051282051
286
2000
1506
0
0
0
0
0
525
1780
0
967.769230769231
766
659
0
956.227642276423
1880
0
51.5
934
329
0
1775
1913
2007
2160
2141
0
0
0
962
1115
1866
2387
858
1153
2148
975.25
2803
1235.8961038961
509
1295.33333333333
835
1496.85714285714
529
0
1083.83333333333
0
1389.33333333333
94
1212
0
1480
2033
1545
0
0
0
1117
2000
130
0
1578
1224.5
1193.75
542.5
190
2311
1651.96428571429
1124.125
0
0
1561.6
1298.66666666667
0
1654
1486.5
2003
725
0
1988
0
2117
0
0
-197
1516
0
0
1590
2717
2436
1172.75
656.5
2055
211
0
0
0
0
0
0
0
1653.33333333333
227
1506
1046
0
53
0
2052
1595.5
0
1249
1470
1153
2341
2006
476
420
1495
872.5
1
0
1904
1740.8
835
1317.2
0
351
0
0
1224
31
1129
409
1951.5
0
106
790
1339
0
1034
187
0
1995
0
0
1458
2019
21
2261
526
176
110
1614
0
832
0
1042.5
0
1100.71428571429
352
0
1324
0
1115.05555555556
1324
1150
0
590
0
1819
1971.66666666667
0
1129.4
1021
693.25
1188
2083
1309.5
200
0
0
1052
1290.8
0
0
1970
1098
0
0
0
598
498.5
1090.57142857143
0
1866
821
2270
1262.57894736842
800
0
923
1570.5
1300.2380952381
630
1352
900
0
2324
1231.17488789238
0
1278.30434782609
1996
0
571.4
1479.88888888889
1168.16666666667
0
815.25
1035.66666666667
489.6
0
0
0
0
601
679
348
0
1196
1079
1957.5
0
0
1989
179
449
1584.86705202312
0
0
1401.5
0
317
0
0
1179.77777777778
0
2046
1134
1110.80487804878
1949
959
0
699
1798
0
0
1330.49541284404
714
0
947
1547
1531
1997
1196.3503649635
1917
1333
0
2629
1270.90476190476
42
0
944.551724137931
1554.37037037037
2011
1450.33333333333
1621.33333333333
1272.66666666667
0
0
1729
0
1033.42352941176
1265.66666666667
0
1241
370
1473.66666666667
1582
1639
0
0
2047
2035
0
161
933.137931034483
612
0
1022
1542
2047
467
701
33
0
1244
0
682.333333333333
1395
0
0
2213
0
1896
899
0
1298.75
836
1390.5
232
957
2050
0
859.514285714286
729
620.5
1500.5
0
1047
0
0
973
1380.7006993007
0
0
1943
0
0
1343.37333333333
0
0
0
619
1977
1387
0
1911
1854
1005
1476.375
1676
75
1740
2334
1306
0
996.666666666667
1658.5
1056
2007
1078.5
358
2069
0
1376.25
1542.33333333333
1956
1084.46296296296
1153.72427983539
0
1600.5
1684
0
1165.88888888889
974.666666666667
0
1198
0
0
1911
2043
329
1062
0
1211
700
-12
1905
0
1097
1000.14516129032
0
0
1235.2
0
1404.5
721
584
0
1683
666.5
1126
997
0
2046
0
0
1903
0
2135
1435.625
0
0
1968
2152
0
378
1988
1155.46153846154
430
2718
0
1130
665.6
1637
2371
1887
1298.15662650602
0
969
0
1960
1454
0
0
2023
0
1181.71428571429
649
0
0
0
1535
414
0
307
12
1913
0
1117
1868
820
1259
0
1429
0
1063
1379.4358974359
1418
1311
368
270
1958
0
0
2175
2067
916
597
1963
2032.5
1748.8
0
1745
758.152777777778
1256
0
1226
0
2541
0
1365.55555555556
1563.33333333333
1893
0
0
1265.64383561644
0
1095
1149
0
967
0
0
0
0
0
0
0
1472
1530.33333333333
126
178.5
2155
0
842
0
0
0
1248.31506849315
1888
1877
2003
0
727
0
2057
0
0
2024
1260
0
1466
2118
0
417
0
1040
1540.66666666667
1306
0
0
1262.06666666667
366
0
1675
1833.2
0
632
0
1679.2
2025
2369
0
829
1022
1432
2362
739
0
0
557
0
1325
2113
0
1367
0
583.5
1873
1117
0
1559.5
0
0
1680
1083
783
873
1838
0
0
0
0
2037
803
1618.33333333333
1256.71428571429
114
1145
0
0
0
8
28
2254
1171
0
1925
640
0
0
0
1868
1234.2
639
1323.5
1400.2
1102.91666666667
1280.04166666667
821
1253.59375
42
0
1811
957.333333333333
1987
995
1432.5
126
1390
0
2045.5
2128
0
0
0
0
1360.46875
1774
0
2
0
1321.5
1125.5
1227
2021
0
0
0
0
0
934.315602836879
0
1054
1033
1770
1915
0
0
1982
322
0
1543
693
656
0
921.5
0
0
2284
0
503
1002
2301
0
0
1031.11111111111
1366
0
144
485
0
1096.23076923077
599
0
0
938
0
2208
736
0
370
688
947.166666666667
1332
2452
646
1219.5
0
0
0
1282
528.166666666667
1110
958.25
1921
6
1071
161
572
796
0
238
0
0
1346
0
1139.77840909091
1028.80379746835
0
1012.45049504951
1153
1626.5
0
0
1348.66666666667
1690.5
2356
0
1282.9
2000
164
0
0
1785
829
1546.75
0
90
229
0
0
381
2045
1360
0
1750
0
603
97
17
862
0
0
0
868.17372311828
1971
2736
1294.32129963899
0
1109
1021
0
0
1226
1237.61538461538
279
1993
1106
0
0
2213
51
232
0
0
15
0
1065.5
0
1159
0
188
0
0
2135
1137
149
0
0
286
2055
1373.54054054054
0
0
1220.58940397351
0
1992
1666
1295
1664
0
1853
0
1430.22058823529
0
1165
1764
0
2028
2058
0
2352
0
0
0
0
2378
2362
1955
334
0
1954.5
0
1645
745
1932
1191
0
902
1240
438
0
747
1603
1914
1228
293.666666666667
0
0
1306
0
0
777.333333333333
0
0
0
1167
838.5
0
1581
0
1026
0
0
0
0
1676
1461
0
0
0
1673.11111111111
592.111111111111
0
871
1549
0
0
705
331
1673.66666666667
0
0
204
1517
0
0
0
1027.14285714286
2084
0
0
1284
0
0
1176
2001
35
767.5
0
0
416
694.5
2039
0
0
356
1173.70866141732
2014
0
871
2833
1184
1946
1074
867.117647058824
0
0
0
0
1696
1469.33333333333
1887
0
0
1748
0
620
1427.75
0
562
0
478
563
1950
0
60
0
0
935
739.555555555556
1614
0
0
1307
0
2030
0
1948
0
398
0
0
942
1752
966
1368.5
1141.97297297297
0
1105
852.5
1231
1875
0
0
0
356
1611
69
0
0
0
1889
1816
0
0
554
1250
632
1454
1062.45945945946
0
1336.34090909091
0
0
235.5
1767.5
798
0
0
0
0
1259.66666666667
648
0
1894
1059
0
1382
793.172839506173
80.2
1710
114
1543.725
861
2372
706
2421
704
1573.66666666667
1710
63
0
1277
1599
1058.2
1283.23529411765
0
0
2042
781
1139.625
2323
0
1674
2226
0
187
1602.5
0
0
1982
0
12
0
0
175.5
0
0
0
0
0
0
1154
1054.18055555556
0
321
1986
479
1346
0
1289.76
1921
1609
0
2422
0
0
76
0
427.5
1478
0
638
945
882
0
1947
530
38
105
0
0
2046
0
2334
0
1319
1158
0
994
0
343.6
0
702
1664.5
2174
0
0
2054
1985
0
0
1707.5
1999
695
0
1920
0
1681
0
0
1410.5
2032
0
0
1201
1414.86746987952
937
0
1126
0
0
404
2080
0
885
110
-118
343
1840
1280.86111111111
2567
0
0
0
1882
1294.85714285714
1250.66666666667
1056
948
1638.5
198
31
715
673
1117
965
621.943298969072
1442
-166
0
63
0
1184
281
931
0
2138
1845.5
1259
0
0
566
787
597
0
963
0
913.327272727273
73
0
0
0
768.01724137931
0
0
1710.5
0
1545.2380952381
77
2165
1232.92
0
1241.86486486486
0
1513
47
1790
0
1260
2024
1207
0
0
1056
947
1782
0
1280
0
551
0
0
825
111
1826
1855
873
0
666
572
776
684
2063
1941
2011
0
0
2080
789
1460
836.25
0
454
0
0
0
0
0
2276
893
0
1226
1956
1763.5
1301.5
0
0
0
0
260
403
0
649
1239.33333333333
0
0
1311
270
0
1472
0
1404
0
2631
0
0
2063
1086
399
1271
984.333333333333
1990
1678
1806
1307
700
1137.5
0
2033
867.666666666667
830
0
1737
0
1103
1052
0
1486
0
1958
1348
0
2089
1735.5
93
0
1377
0
832
0
0
918
964
1995
3
0
2144
0
0
0
0
0
1509.5
1122
0
1216
551
0
1881
0
0
1997.5
0
0
116
0
0
2149
808.478260869565
0
0
515
2246
0
1417
1592
743
0
2022
0
0
1197.84042553191
0
0
2
0
2462
438
0
0
0
2047
0
1344
1175
2685
1029
0
0
1415.5
0
2083
0
633.666666666667
1149
0
0
873
1879.5
1367
884
1735
1056
0
0
760
2337
588
966
1009
0
18
357
1862
0
686
0
0
0
1232
1985
2031
0
0
221
629.4
0
0
0
1326.4
847
2019
1157.4
0
0
0
0
0
2010
1717.33333333333
0
0
24
0
2102
0
1932
808
1829
583
1408.5
1741
1561
0
0
89
0
0
881
1499.5
942
1337
0
1655
0
1933
1941
38
254
0
0
1799.21428571429
1132.92962962963
0
1699
1305
1206.5
426
1371.5
1703.5
0
0
598
1308
783
0
1173
698.5
0
410
901
0
906.352941176471
2033
51
1719
0
691
564
0
1313.2037037037
624
0
2109
2010.5
0
1255.35294117647
1362.5
0
1050.94594594595
0
0
0
1275.5
1700
0
2089
2167
1291.66666666667
468
2301
0
2233
1932
0
1580
58
1178
0
1915
661
1923
0
1048.89285714286
0
0
0
0
0
0
1616
1380.5
1545.61111111111
1140.8
0
0
916.5
1419
0
1953
2024
1753
1159.3808630394
832.777777777778
1116
1357
760
0
0
1369
0
0
0
535
0
0
1057
0
19
117
373
0
1032.52173913043
1889.5
0
760
1530
753
0
1463.8
0
0
1252
0
0
1738
0
1542
0
0
224
2415
1316
2014
1168.62200956938
0
1266
1276
0
852.490740740741
0
38
0
1093
0
2030
924
1091
1238.93258426966
2233.5
0
1596
99
0
2056
1603
1896
472.5
1241.52083333333
721.45045045045
0
1250
0
0
1243
1921
2098
0
1357.42857142857
2720
916.666666666667
70
912.153846153846
1501.37142857143
1756
0
1301
673
0
0
1836.5
0
971
1617
0
71
491
0
0
134
845
1444
191
0
1116.675
1535
0
0
828
0
1743
1200.97158081705
198
294
1187
845
979
1420
0
2471
2060
0
413
0
0
264
0
2057
503
0
1347
0
1268.33333333333
141
783
0
0
0
1289.37109375
1235
1194
0
0
0
1161
1260
1016.5
0
169
0
0
0
1095
1794.33333333333
1768
982
962.5
0
0
2128
1770
1381
206
1283.58333333333
0
1966
762
985.5
1971
2025
1874
1143.5
0
821.213675213675
2815
997
0
0
1183.5625
0
955.666666666667
2000
1931
1326.4
893.438356164384
0
1586.66666666667
531
0
699
2049
1581
0
1219.96296296296
0
742
0
2858
400
0
1529
0
0
1159.7875
809
1701
0
702
0
0
699
0
1639
0
687
1200
0
0
1353
0
682.5
833
265
1194
1681
1918.5
2688
1156
1563.9
1468
1839
0
0
0
1201
0
1314
1921
1702
1199
1062
804
0
1215.91525423729
0
1976
0
0
1214
1610
0
1386.03908045977
1998
1566
0
1054.03571428571
1797.5
1289.35454545455
1076.33139534884
1977
1567
0
0
1958
306
126
1994
0
2060
0
1077
1410.14285714286
0
5
2161
0
2360
237
0
409
0
0
0
-323
2011
0
0
135
406
0
863
0
0
0
0
1954
1578
1958
833
2006
0
1311
0
1017.5
0
0
0
0
1210
0
825.666666666667
1669
2053
0
805.203883495146
776
0
1955
0
2026
1224.62666666667
0
0
0
0
1370
0
1259.5376344086
697
0
0
0
1494
0
1971
1244
0
0
922
1983.5
0
0
0
2306
0
1111
1775
874
966
0
0
529
0
0
0
1097
1066.75
2054
962
1976.5
1979
2646
0
583
2023.5
0
1600
1138
1511
0
1215.8
1182
1234.64516129032
0
0
2066
169
1456
0
0
1276
0
1059
0
1831
1408.6
0
1343
0
0
508
0
0
843
1222
0
305.5
0
1045
1117
1175
1691
0
2348
0
0
0
892
932.574585635359
1848
0
716.5
0
1958
829
1298.5
725.539682539683
0
833
0
1154
2048
1302
2046
0
0
1603
1560.1568627451
2050
1253
1369.5
1509
0
1913
0
2308
1238.84782608696
1885
0
0
1164.61805555556
0
1579
1032
0
0
634
0
0
1241
1161.2275862069
2010
1127
1604
1197.66666666667
0
0
1955
21
1449
0
0
1212
954
1263
0
1382.5
0
1638
790
0
1133
0
0
0
2240
0
1635
0
1976
1379.875
189
317
0
0
42
1374.42857142857
1948
2078
742
2072
2022
77
1583
1220
1320.98455598456
0
1314
0
0
1273
0
0
223
0
0
1091
2049
-109
0
2068
0
1764
1907
0
0
1416
0
1448
0
1741.5
1368.5
1693
1168
1555
1109.53333333333
0
0
0
317
348
2251
1095.94029850746
1308
0
2102
32
2752
0
66
2118.33333333333
1416.33333333333
1276.5
917
0
891
649
0
1110
0
0
1142.79012345679
2062
1986
0
944
1199
1561
0
0
359
153.5
1058
1641
52
0
1875
1922
0
1248.44444444444
0
2022
480
0
0
284
1176
0
2122
1377
269
72
2020
0
0
1907
0
1734
0
1133
857.285714285714
0
1618
634
2081
140
633
1233
956.714285714286
787.428571428571
0
0
1683
2108
0
492
1167
0
37
1385
1017
0
1344
60
0
0
0
0
1158.5
1360
836
0
0
261
0
0
1759
1538
0
0
2119
665
1671
0
1934
1338
0
911
1112.33333333333
1758
0
1706
0
2312.75
0
0
0
1309
1662
0
1022
0
0
2133
2145
1883.75
2048
837.653846153846
0
2080
0
1166
735
0
441
1600
0
2256
1958
1875
1582
0
0
0
1543
853
906
0
0
0
1282
2141
1051
0
1063
1899
0
762
0
2277
1401
1998
1504
2016
168
1138
308.5
1317.42574257426
1011
1652.33333333333
0
1757
0
430
1877
0
0
965
1207
0
596
1500.375
0
1187.70434782609
727.666666666667
0
0
1909
0
0
791
0
1327.72727272727
0
0
0
851
427
0
1414
0
1094.25
0
0
16
1594
586
1589
1189
914.5
1509.5
973
1017.45154019534
1888
0
951.5
782
0
904.2
0
0
0
2198
840
0
0
784.267857142857
0
552
839
0
1961
1311
2266.5
1978
0
1026.5
1085
0
0
2098
1972
0
1438
1931
2245
0
0
0
0
1206.5
1962
0
0
1218
0
1071
1013.28
0
2003
1592
0
981
0
1642
1816
917
2281
1073
1158.13333333333
1546
1129
0
1392.06666666667
0
0
2143
1994
0
1802
0
1203
0
0
0
0
1987
1199
0
1186.5
0
0
0
139
1347
1741
0
2030
1512
0
0
0
0
0
0
1972
0
0
1034
0
821
1215.46078431373
1787
2008
0
215
1943
0
679
756.333333333333
1418
382.5
1208
0
1178
0
0
1437.25
457
1885
0
0
1830
2059
872
971
0
0
0
1761
0
1741
0
2013
0
432
183
2040
1952
489
1054.47619047619
1712
0
0
1503
0
0
-73
1960
1556
1851
0
0
1678
1166.16666666667
0
136
1534
1225
92.5
2085
1429
455
0
0
2047
481
0
1829
1862.5
1151.14864864865
1937
1940
-50
0
1196.5
820
2228
1158
615
0
0
0
0
1963
1449
0
1264.625
2088
0
2003
0
0
651
0
2030
0
2213
206
0
0
2014
826.170646067416
0
915
911
1076
0
249
896
1925.5
0
0
0
0
2044
254.5
0
715
0
0
0
967.575757575758
0
388.333333333333
880
0
1303.83333333333
1410
0
2065
65
906
1935
0
2041
0
1043.22058823529
0
0
1973
962
2133.5
1614
0
1344
188
979
1216.5
731
1913
0
0
1137
2105
1410.29032258065
1226.27896995708
430
0
1124.5
312
0
1858.5
1986
0
0
0
0
375
70
1428.20491803279
80
1811
1616
806.5
0
0
2033
0
1393.87865748709
817
521
0
0
2378
1100.5
1091.32258064516
1051.5
1298
1213.5
1579.44444444444
641
1291.46987951807
276
0
0
974.333333333333
0
1396.43243243243
0
0
0
0
2006.5
1355.05
1215
803
0
2344
554.5
0
0
1200
1626.61538461538
682
2020
1236
0
0
1669
694
0
1153
0
2269
0
1464
0
8
951
1133
0
1127
0
1218
230
2308
1037
1292
2364
1380
0
665
0
0
1629
708
97
1790
587.5
1324
0
0
0
0
1258
0
0
1576.28571428571
594
0
43
1262
-205
1078
0
1214
2004
0
0
24
0
1114.66666666667
611
442
1636
75
2168
376
0
0
1702
1080
2069
0
1467
88
0
0
1169.34955752212
1844
669
1358
278
956
911
1905
0
767
1057
0
1497
890.291044776119
1382
0
27
0
866
1066
2223
18
0
1172
0
1693
1910
1018.36774193548
1181
0
598
1627
0
1764.66666666667
0
0
0
1171.5
0
828.333333333333
1612
0
357
0
0
1102
971
0
0
860
1255
0
1216
2087
0
2000
2197
0
1929
197
882
0
245
1977
0
608
2046
1252.33333333333
0
0
1072.41666666667
429
0
0
0
1933
940
0
2066
0
545
0
0
377
294
1995
0
1433
1500
0
0
687
1935
66
757
1428.86363636364
1311
100
1067
0
1335.39693356048
1939
0
0
962
1871
669
1984
0
1593
1534.5
1350
0
1666
1369
1820
0
0
80
0
766
125
2144
1548
2105
1076.25568181818
1642.5
0
1274
1097.21686746988
1133
1877
227
0
909
1540
0
2762
1327
1722
1915
539
801.867647058824
0
0
1019
0
0
400
502
0
0
0
0
0
1699.57142857143
0
0
0
1140.09090909091
0
0
2099
2085
1318
900
1751
1947
1529
0
0
906
0
1361.66666666667
672.666666666667
896
1822
2312
0
1888
2046
0
0
0
1598
899
1306
0
1801
1701
1219
1681
1361.5
2503
1034
1444.72727272727
470
0
587
1075
0
1699
1539
0
0
1282.46666666667
0
0
243
1229
187
0
1967
0
0
0
1955
0
982.805555555556
0
0
0
56
1230
0
0
1003
1760.8
0
0
0
844
0
2063
1233
1358.21428571429
0
1778.18181818182
2364
1870.5
1549
0
1948
875
0
1805
835
0
842
0
1328
0
2103
1375
2070
0
1413.4
0
0
361
0
0
0
2074
1593.25
866
1021.18367346939
1279.66666666667
0
0
0
1333
2147
588
0
0
0
357
0
0
23
2595
1760
0
52
1195
1372
104
0
1282
36
1996.5
0
0
950
0
0
139
1517
0
0
44
443
0
0
1949
0
0
0
2034
853
1065
2156
0
576
655
0
0
2223
896.5
1275
2279
628
0
0
1003
2001
1841
0
1703
1994
167
189
1330
1782.35714285714
858.438461538462
0
0
287
2047
12
1487
0
0
26
1509
0
2072
0
371
1784
0
1669
1025.07692307692
362
2046
0
0
141
2155
0
1768
2057
1764
0
966
2013
441
0
626
960
2046
1130.68695652174
0
0
1319
1991
1146
0
1256.55882352941
974
2227
1666
385
0
1195
0
1611
0
1329.5
0
1032.5
718
1240
1601
0
1184
976
1934
1357
855
0
1052
1653
0
1432.44776119403
2066
0
1612
0
0
1247
1407
1137.63636363636
788
1364.82352941176
0
1018
0
1222.08333333333
0
70
650
1725
1404
704.5
0
472
2065
0
1148
1622
990
1153
918
0
0
2270
0
0
1989
0
198.5
1078
650
0
0
1459.5
163
1325.15384615385
0
0
0
0
1247
0
1928
0
0
0
801.5
0
0
0
1510
0
1658
1461.66666666667
235.5
0
1666
0
1181.20792079208
0
1195
0
1825.33333333333
2185
1689.66666666667
0
1213
0
0
0
0
0
1216
0
840
15
876
0
951
2038
1759
0
828
0
575.5
0
1674
1358
2116
1376
17
0
0
108
0
0
0
20
1187.90625
0
0
57
773
16
0
1512.5
1669.25
215
2206
0
1012
2182
0
0
1231.52808988764
0
0
1934
0
1732
0
0
2226
1755
0
1405
32
1744
0
1135
0
2059
0
1219
1068
16
0
1453
1250
0
1925
698
0
1878
0
675
0
0
1052.81818181818
1950
953.5
0
842
0
1728
1543
1970
1958
0
0
2121
2014
0
1899
1992
0
0
0
2002
0
1562
0
0
1500
0
1198.37011494253
0
0
0
1139.5
0
0
1214
0
0
0
1970
0
1353.5
528
0
856
0
0
36
0
0
896
0
1949
2064
2342
0
0
821
689
1146.33333333333
775
0
0
927
1050
72
1686
590
2147
0
0
450
1993
1662.38095238095
0
122
1221
0
0
0
0
1280
0
1241.29931972789
1465
0
1167
1581.5
1203
1344
1982
1878
0
0
1123
1308
1080.55319148936
1919.5
1427
389.5
1411
2144
0
1750
0
1363.1038961039
1687
621
1990
1961
2256
2043
0
590
0
1411.5
1766
0
1945
1447
653
513
0
1130.93548387097
0
1934
116
0
0
0
0
1276.05
508
0
0
0
1351
0
156
805
0
0
0
38
0
1295
0
0
1228.02941176471
2021
2043
0
0
0
1384
0
1695
0
2309
1898
0
0
1370
1965.36363636364
1300
0
1280.5
1993
457
163
1406
0
1476
0
0
0
0
670
0
2282
1975
918.765625
0
0
0
452
2102
742
0
2383
0
0
2743
1006
0
750
1455
0
1369
1737
0
1260
0
0
0
1938
2070
1169
0
0
1117.54166666667
0
1470.83333333333
1669
2081
1820
0
60
644.5
0
2180
2214
2719
0
1785
1014.67924528302
1832
0
2116
903
0
0
2226.5
1577
0
2037
0
2045.5
0
2041
886
0
1187
1994
2150
1104
0
1763
385
0
0
1674
1974
1058
1189
846
280
883
565
966
0
0
0
456
981
2088
0
0
493
0
66
0
0
0
364
0
1918
2433
1752
1642
2054
2088
591
0
96
1232.13141025641
0
1127
1304
0
2024
0
453
777
0
1135
671.954545454546
526
0
0
625
0
1128
0
1187
365
2096
0
0
130
1216.53846153846
0
232
2100
0
0
1955.5
991
1319.15789473684
0
1212.36956521739
0
2308
0
0
2050
1306.55208333333
83
937
0
2016
0
601
1584
1921
0
0
1176
634.697247706422
1308.51724137931
1539.7
0
1907
1994
741
0
0
1379
0
0
0
1625
1383
0
646.5
0
1872
0
2016
0
0
1718
438
0
0
1030
0
1125
0
0
1583
1463
0
1317.36585365854
2010
1946.5
1625
0
0
0
1382.5
0
1129
392
0
2020
826
817
505.615384615385
0
2130
1488
1356
702.5
44
726.357142857143
2075
1688
1676
1952
0
0
0
0
690
1491
1425
0
1700.5
1521.28968253968
741
2020
2052
399
0
1318
0
0
0
1452
1981
1258.66071428571
0
2600
1650
0
0
1147.35467980296
1140
1070.34684684685
1120.5
1390
296
154
0
0
1190.39130434783
0
0
0
0
1355.33333333333
652
0
447
0
0
0
712
0
1941
1096
0
1923
0
1643
1174
1035
133
2149
748
2461
1234.79614325069
1552.5
0
1906
2078
1208.28571428571
0
0
343
0
1234.5641025641
0
2613
402
1450
1147
1825
0
0
0
891
2604
176
0
1188
0
1624.5
0
0
0
1702
1282.33333333333
0
0
0
0
0
939
0
0
1449.58510638298
1746
2007
0
1232.34693877551
1114.95652173913
0
1831.33333333333
642
1366
2010
1415
0
24
0
0
659
506
370
0
0
0
0
0
0
0
749.7
0
0
799.996855345912
2137
0
1906
0
0
2161
2306
1138
0
0
2159
0
0
0
0
0
620.699481865285
0
0
0
115
1210
1934
1567.35
1738
0
882
0
1331
0
0
0
830.757660167131
1334
2101
675
0
0
1116
1958
0
267
1243
158
1473.88043478261
0
1114.5
1358
1971
1856
0
0
1765.14285714286
0
2175
821.306451612903
240
0
368
148
1106.64516129032
1079
1892.5
1042.33333333333
440
1719
0
1928
1386
0
0
0
347
0
0
0
0
0
1866
0
2090
0
0
833
0
1570.57575757576
66
0
848
1919
111
1985
0
2025
1286
61
80
1346.37837837838
1204.66666666667
1406
0
0
1287
1600
0
0
1799
0
0
1780.25
990
1016
739
0
1136
0
0
1220
730
2110
977
1085.52941176471
1041
0
881
0
0
0
0
0
0
1988
2321
0
1034
1164
520
2334
0
463
1115
0
0
0
0
0
669
0
94
671
84
0
0
1987
0
1904
0
434
0
1
306
0
1280
2146
0
37
2126
0
0
0
1547
2129
2058
0
0
2001
294
735
0
1914
10
0
0
0
1113.81818181818
484.5
0
0
691
0
0
0
0
1938
1414
111
0
0
0
1883
2042
1235.8
0
1951
0
696
2179
1175
1168.37190082645
1921
0
21
1027
0
0
1014
2339
1285
86
0
0
0
0
140
1235
2084
1204.6
0
1149
0
1946
830.441326530612
1442
356
0
630
1002
2071
1392.5
1470
2287
511
1941
0
0
0
705
2107.5
1255
0
0
0
584
0
0
1253
0
1812.5
0
0
1721
0
0
836
134
1981
2011
1873
736
1203
0
601
1197.5
1824
2113
1126
2107
0
2084
0
1029
250
1188.5
1157
0
206
1942
1886
1700
0
1966.42857142857
912
1899
1068
1900
1334
1280
1363
594
0
1262.69879518072
1862
0
980.5
0
1517
1948
0
1706
1972
0
0
605
2432
0
0
0
2365
227
2138
1100
0
0
1048
2045
1418.5
329
244
0
1944
266.333333333333
1022
0
0
1184.5
0
0
2213
2161
1989
447.666666666667
0
1247.63057324841
813
2036
436
1902
2372
1735
921.318181818182
239
0
0
0
1220
1528
0
254
1019
0
2076
0
1606
0
0
2293.33333333333
859
0
0
1605.09090909091
1048
630
30
0
1255.53125
283
1549
0
2099
766.279411764706
0
30
0
1270
1102
384
0
0
493
1317
135
14
2029
0
1134
0
35
1944
471
2185
0
0
0
0
630
1857
1730
0
1217
1735
0
1675
1644
0
0
2067
0
1011
718
682
0
0
1112.93650793651
0
2098
0
624
2218
2030
1559
2026
0
79
2020
0
930
0
0
2079
0
1202.20202020202
2267
1814
0
780
0
1075
73
0
1336.5
0
1537.57142857143
71
2243
0
1765
0
0
1997
0
1622
0
0
1997
0
0
0
2014
0
0
0
0
1112
0
1306.5
713
828.2
913.966101694915
0
0
0
2136.33333333333
2570
606
1835
2015
0
0
2064
0
0
0
0
549
0
0
0
77
786
1274.78431372549
1953
2071
1899
1737
0
2245
2243
2198
0
0
1703
1577
0
1587
0
0
1326.94202898551
818
1920
2054
830
2047
0
248
1691
0
1246
1262
0
0
491
1128
0
1326.92307692308
393
0
2074
0
0
0
380
0
0
0
180
786
1947
0
0
1990
0
976
1036
1038
0
0
1682.33333333333
2092.5
2045
0
0
0
0
0
0
875.357142857143
0
1347
705
1929
0
0
0
1759
624
1749
1602
1507
246
1315
0
652.666666666667
1985
77
0
638
0
0
1413
1931
1355
0
0
0
578
444
0
1122
812
0
398
1327.07258064516
0
0
1182
0
2056
494
0
2018
2386
0
0
1121.58536585366
876
912
0
0
316.5
0
0
123
994
1165
54
999
617
0
0
0
1982
1896
1978
0
1209.90909090909
0
1982
2561
0
0
0
1616
0
0
0
0
858
0
0
0
2037
571
1945
488
821
106
549
1904
0
0
0
378
892.313609467456
2231
0
1667
879
0
0
0
588.5078125
530
0
1313.23076923077
2420
1336
2259
2060
0
827
0
1827
0
1094
0
149
0
0
2262
1691
744
0
0
2020
0
1886
0
29
0
0
0
678
0
0
0
1396
1197
2066
0
2081
0
0
1246.3
604
2078
1316
2804
2011
1428.39726027397
0
0
438
865
0
0
46
2054
0
1977
0
0
0
1960
1208
0
0
135
2039
0
0
777
0
1398.5
707
1374.5
1143.5
0
0
1083
0
553
1862
2034
2087
841
0
0
1482
979
1757
2087
2294
1093
0
0
0
0
0
0
0
189
1688
0
656
1752.5
0
1999
0
0
0
0
1830
608
2085
0
646
593
401
0
0
902
0
0
0
0
2197
-41
0
804
0
0
2878
0
1656
1930
1739
0
0
1148.88333333333
1649
1961
984.433734939759
0
0
0
0
1873
1109
0
0
1049
484
1290.28571428571
1430
1164
1304
0
1093.2
1159
1907
868
751
1181
0
1133.72222222222
0
32
0
1732
0
1547
1062
0
0
788.5
2364
-245
0
2142
1336
0
1492
0
1321
84
1807
735
0
0
1969
1121.91463414634
0
2011
1480.84615384615
1217
432
1286.4
2293
1905
0
1883
472
0
0
2309
872
0
0
1982.5
594
942
0
2076
0
-88
0
1269.77358490566
1900
0
0
0
0
1021.5
1920
1971
1282.33443708609
2220
1904
0
2053
0
0
0
12
1276
0
0
1948
0
1456
2086
1526
1875
0
370
1283
1491
1407.63043478261
1009
2211
0
1283
0
0
0
0
1587
642
0
-162
1183
0
692
153
775
188
159
876
0
1577
0
197
1113.90873015873
1281
0
0
3
902
0
2058
73
2157
494
0
450
922
1683
1183.33333333333
2325.5
2245
937
1170.18095238095
0
0
222
2030
0
0
0
0
0
0
0
0
1351.33333333333
658
2015
0
204
403
2128
0
1859
0
0
2104
2020
1132
908.557046979866
826
0
1054.08333333333
801
855
0
0
2062
1543
0
1476
738
0
0
0
1353.66842105263
2003
923.454545454546
0
2026
1678
1609
16
2067
0
1962
0
446
0
898
942
1434.5
0
0
1250
0
1948
910
1649
0
932
0
212
0
1257
945
0
976.2
990
0
0
603
0
0
1237
0
312
0
1484
0
1798
0
1124
0
193
319
0
616
1489.5
1445
0
0
0
312
1994
0
1948
1105
0
795
1316
0
0
1585
557
601
0
850
812
1879
2199
2444
1891
2121
1449
0
1167
0
1457
833
0
0
0
2268
0
0
1813.33333333333
1682
0
2037
0
652
2394
2141
491
451
0
1240
1290
1445.5
1930.5
0
0
0
629
2029
0
0
1446
1178.68977035491
0
687
1583
284
0
2022
2000
2059
0
2033
0
0
0
2003
1585
324
550
2110
239
1881
0
0
1926
0
1377
0
2015
1387.72251308901
2179
1348
928
1395
857
84
0
0
364
505
0
0
564
0
1004
2267
800.089147286822
1333.5
2236
0
1065.8085106383
0
2068
0
1412.2
0
0
1644
1260.65384615385
1996
0
0
2093
0
1961
2741
913
1212
1464
0
0
1901
582
0
0
0
0
1110
204
1200.56
407
1810
0
2023
0
1905
812
0
0
0
0
1506.01402805611
4
361
0
1928
0
1910
0
2248
1491
0
0
0
0
1057
0
0
0
0
1578
1149
0
198
1905
1250
1949
0
0
1351
0
1943
0
380
0
0
1963
766.222222222222
998.666666666667
800
0
1737
1117
941
0
898.666666666667
0
1065
285
0
1603
0
0
0
1100
386
0
0
1080.70886075949
0
0
2036
0
1021
0
800
388
2099
0
231
0
1081.81395348837
0
2393
1448.5
0
0
1711.66666666667
0
1396
2762
427
1236
464
0
1161.48484848485
1503
1081.04
744
0
941
828
0
563
1430
437
1894
1376
2053
1961
229
181
2132
0
626
616
1579
0
1343
0
237
0
548
0
1499
1153.93243243243
1125.43902439024
0
0
840
0
1013
232
0
777
904
0
0
1919
0
601
795.666666666667
1326
0
1911
13
956
0
813
0
1395
171
0
0
2264
2232
0
0
175
207
1952
0
629
28
2489
2262
1373.57142857143
0
24
854
2085
0
1092.23717948718
1955
2219
0
0
1588
1726
0
862
0
2031
0
0
0
1205
1057
757.666666666667
0
0
42
2760
0
0
1933
1711
1216
0
1158
137
0
1386
0
1195
0
0
2308
0
451
384
1678
2057
1209
2126
0
0
0
8
0
927
2051
873
0
0
0
2057
1368
125
0
1882
1302
1617.33333333333
39
0
0
0
439
-219
826.5
64
569
0
1025
1003
0
191
937
1830
2059
1120.5
0
973
2053
599
0
2073
1279
0
971
0
0
0
0
116
1936
0
1081.5
0
0
260
0
0
709
0
2248
0
0
0
974
0
0
1517
0
1904
1729
2004
0
1123
825
43
0
0
0
0
1225
0
67
0
603
0
0
0
0
2066
0
231
0
2017
1997
0
0
2008
0
61
0
0
0
1584
1995
0
664
0
979
1567
1441
0
1419
1510
649
356
0
550.333333333333
0
2029
1069.73684210526
0
1133
0
1826
0
2137
0
1985
0
476
0
0
661
1114
0
0
0
0
0
1581
504
16
0
466
2330
0
938
1498
0
3
1116
2100
472
0
976
0
2095
1219.60344827586
0
1130
651
0
1053
516
0
1685
0
1300
0
0
2113
1465.75
0
0
2355
1927
423
1488
0
742
601
613
1223.98648648649
0
0
2288
0
0
0
0
1707
24
749
1893
0
1640
1645
1166
718
0
0
0
597
2275
1606
2282
1000
1955
1580
752
2009
0
1716
1174
552
1979
1555.66666666667
0
0
1474
1832.66666666667
1707.5
0
1940
1166.28472222222
0
0
1350
440
1305
1980
0
0
0
1779
1103
477
0
469
0
0
2285
1938
0
0
0
769.4
712
0
0
1131
1171.3125
1797
663
1302
1155
73
225
116
2008
1130
2563
0
2438
0
1513
1546
0
1899
0
1444
0
0
0
1503
1578
0
2043
957
0
2076
2033
0
0
197
0
1374.62886597938
2071
2048
0
1900
23
1996
0
312
2270
2229
663
0
1104
771
1211
1142
0
0
84
0
1864
0
277
17
0
1630
1899
1090.6
0
0
0
0
1897
227
2034
1212
0
0
794
1694
0
1949
1268
1600
145
0
635.2
0
932
1196
2059
0
1698.125
2079
340
749
1755
1077
0
0
728
0
1588
99
0
0
0
0
186
1380
1189.46296296296
98
1859
1337
580
467
1089.25925925926
0
810
1599
1753
2351
0
550
745
0
1100
0
0
1211.42307692308
0
79
0
0
0
2016
0
1197.1320754717
2174
1475
0
0
0
910
0
1192
2177
495
0
919
0
2196
847
0
0
744
0
0
481
0
1897
0
1052
0
0
1480
295
649.5
1698
2031
911
0
0
1432
792
1356
1577
0
0
581
0
0
0
0
674
654
1348
706
2346
0
0
2038
0
0
0
2006
0
1293
0
0
877
0
1266
0
0
0
0
1786
777
1958
746
823
0
0
0
0
939
892
1972
0
922
0
0
1153.83870967742
2430
1068.5
528
1011
0
0
110
0
0
1350.90643274854
1435.10096153846
0
27
106
791
1316
0
1115
713
2049
0
1946
2040
2041
1356
2038
0
0
200
968
0
1827
0
0
116
2053
0
971.666666666667
0
2125
0
0
268
1131.51948051948
0
0
1776
0
0
1076
0
0
750
0
0
0
124
1945
1921
1011
1452
0
0
0
0
1912
673
0
1365
222
2095
0
1242
0
0
417
0
1449
439
94
1814
0
1511
2052
1053
2059
0
1277.33333333333
1077.90566037736
0
642.5
0
0
1373.27586206897
0
1273.5
1439
20
0
0
0
1157.38211382114
2324
0
735
2053
0
0
0
0
1770
0
0
1095
648
0
370
349
0
1468.8
1939
0
0
1008
0
0
0
1754.75
1994
1732
0
2040
1394
0
2020
0
0
0
94
2095
7
0
0
750.666666666667
2037
2202
0
2157
2601
1218
1021
788
1188
2059
567
0
2333
403
139
0
0
1394
1360
0
1525
2202
0
-118
0
1881
0
0
45
0
0
2251
0
1838
0
333
1260.95
1951
907
0
1219
1785
592
829
1534.16666666667
903
1385
712
0
0
0
0
631
0
1166
0
1294.25
0
870
0
1392
173
23
1266.38461538462
1977
0
1997
0
2137
1627
0
1459
1901
737
863
0
0
0
1934
0
470
0
533
0
285
1682
0
0
26
82
0
1484
1188
0
1616
1577
1471
992
0
0
0
338
1956
0
2224
0
2224
2087
2043
133
0
1589
0
258
1417
2100
0
1954
0
1546
2111
824
0
0
0
0
1997
0
1177
0
0
838
1294.88461538462
245
192
1123
911
891
27
2239
1723
0
1343
3
920.25
1944
353
1248
2142
0
1950
0
0
2085
1529
0
2035
1096.67123287671
1994
1973
286
178
0
0
0
1972
1325.44467860906
0
0
2052
406
963
1211.5
1931
269
575
998
0
0
0
1314
942
307
780
1154
573
1097
940
2108
909.586206896552
1002
683
0
2229
2223
0
1573
1920
1980
1490
0
0
1025
1287
0
188
1682
2196
1993
177
2079
2039
905
56
0
0
0
1351
765.214545454545
0
2000
0
1090
1533.45454545455
2177
0
0
1254
0
353
2045
963.727272727273
370
1706
0
0
618
0
0
1908
1643
1116
1942
0
1963
269
1500.6
2097
1793
480
0
1075
0
0
0
0
2051
0
950.619047619048
1650
0
400
0
0
0
0
1881
1053
1131
2465
1595
729
464
964.727272727273
0
1962
2158
0
262
0
0
173
370
0
2034
0
0
1956
1334
0
1666
1106
0
0
276
37
0
360
584
1397
472
0
0
0
1920
0
1352.25
1046
2048
0
26
1487
0
589
531
778
2292
0
0
585
0
0
1201
1342
0
1047
1073.75490196078
1752
0
1178
0
890.5
0
0
0
1059.25
1373
1428.09090909091
2037
0
0
1296
0
847.666666666667
777
926
0
0
0
0
2088
0
167
0
1331.75
0
1380
0
907
0
2138
1993
953
1329.22857142857
804
100
1240.07168458781
1546
1902
0
0
743
0
2131
0
1112
0
0
393
1964.5
1119
927
0
0
0
-222
997
1490
2038
0
2015
1154.19718309859
462
957.527777777778
345
2324
582
2001
0
1272
1441.15277777778
2023
0
0
0
1483
449
1343
0
1062.6
481
277
0
0
1842
0
1962
81
1200
0
0
2355
20
842
1371.88235294118
0
1968
1266
0
0
736
1934
1052
0
406
0
0
1482
2113
0
1209
1907
0
286
0
1600
984.740740740741
0
775
527
762
1028
1509
1005
0
2024
2228
380
0
2001.5
2095
2276
0
764.666666666667
2177
2248
0
1951
0
920
1869
1625
0
1514.97810218978
1054
0
1151
1024
1108
0
0
1115.42857142857
0
1167
0
1259.16666666667
1371.88
2131
0
0
368
0
2629
884
1046
18
1154
996
973
2166
1876.5
1352.74626865672
2340
2056
1900
0
746
40
0
1571
1206
712
2198
0
1129
0
0
0
0
0
0
0
1958
0
0
0
456
0
0
846
0
233
574
0
2109
0
0
1000
0
1239
0
1140
0
0
906
2095
1932
0
0
1580
0
708
0
0
644
2280
945
952.59968847352
1187
36
1750
0
1031.1914893617
0
0
0
374
1133
0
2081
0
1695
1234
0
1162.33333333333
0
822
1017.66666666667
0
0
0
0
2433
1881
0
1996
2041
1991
0
897
684.666666666667
1263.22727272727
529
162
1080.5
0
1880
0
0
0
0
0
0
280
1176
2092
0
2201
2280
0
1472
0
0
0
670
0
0
2096
1770
767
126
777
1558
586
188
0
0
2070
1953
1024.66666666667
2116
0
0
1016
2248
0
1601
1978
762
0
1716
0
1418
0
2611
742
1359
1253.83333333333
1706
0
1490.63636363636
0
0
942
1313
1383
1093
0
1243.32926829268
0
0
1304
49
0
0
2020
0
1271.45918367347
0
1928
0
1541.4
2139
777
933
1606
0
1632
0
1104
0
994
717.48
0
0
704
2007
1336.29032258065
462
1379
2126
631
1707
928.263157894737
346
1917
2208
2111
805
978
0
482
1510
0
0
0
2060
0
1469
1463
1495.07142857143
0
619
2016
1211
1420
2008
0
1987
0
596
437
757.2
18
897.375
0
0
578
0
0
0
1949
409
210
1677
952
0
0
872
0
0
2061
0
182
0
0
2247
1627
0
0
1726
1580
1944
0
2168
945
1737
1989
439
653
2069
2207
1264
0
0
1382.125
1135.73469387755
0
1226
0
1934
835
1542
2404
1600
1693.25
0
0
738
0
0
870.189440993789
0
0
840
0
1855
0
0
956.038461538462
0
0
930.063583815029
1831
66
1279
1378
0
811
0
966.217391304348
281
1946
1624
0
164
0
0
1432
1017
1310.25
393
2306
1278
0
1588
2018
1596
600
1599
547
0
0
0
0
1064
0
0
0
0
1313
0
0
2027
1638
0
1351
2184
0
61
2064
972
1215
1985
0
2054
411
494
2448
1005
0
0
0
1179
650
1010
0
2066
0
2411
1637
2000
0
0
249
708
0
0
1317
2071
0
0
0
2111
2138
0
831
1120
0
1017
461
992
1760
0
1240
2102
0
0
2283
0
502
1399
0
0
0
809
1148
822.089552238806
601
0
0
0
0
0
2078
1846
0
0
0
0
1235
0
0
789
0
2018
1605
1115.25
0
1539
0
0
0
0
967
1864
2778
730
1004
1222
1997
1101.4
1472
0
0
959.644444444444
0
1176.72727272727
0
0
2266
1013
0
0
2053
0
0
0
1999
0
1425.13333333333
2074
0
0
0
804
350
1231
1401.51832460733
2562
2768
0
2185
2035
184
1978
1244.08108108108
50
0
1326.92647058824
0
0
1882
1033
0
1550
0
0
0
0
1752
0
0
1343.07692307692
1604.5
2010
1992
1003
1108
0
467
223
0
0
2022
0
0
0
562
-222
917
775
0
1851
0
0
1496
1373
0
0
125
0
1073.77737226277
5
0
0
0
0
0
-55.25
1646
2027
0
1919.75
0
1274.53658536585
0
1930
0
1149.84615384615
262
0
818
811
0
0
378
1917
0
1247
59
0
1651.83333333333
2028
642
0
1174
2353
0
0
1857
1846
0
0
583
0
13
915
0
1469
0
744
0
1415
0
0
876
0
1249
2125
1932
0
0
0
0
0
581
832
1162.47445255474
37
0
1240.13043478261
1961
0
1138
510
1336
1440.75
719
0
1523
0
2079
196
2070
929
1824.6
0
198
1556
1478
462
946
441
930
1153
1153
0
42
0
0
0
890
0
0
2061
0
0
1901
1993
843
1377.33333333333
1559
1907
1922
1121
43
1020
486
854
1019
854
1077.95454545455
1013
801.0631276901
1503
0
992
0
0
0
0
0
1038
1345
0
1926
0
1584
2068
0
2042
0
1521.5
0
1832
205
0
1484
1046
0
1122.28571428571
0
0
309
865
1127.66363636364
0
2703
1997
442
1908
2097
677
0
758.192307692308
45
1156.5
0
0
1
142
0
1189
1043.08333333333
0
-236
1934
0
67
2
1151
453
0
0
1533
1199
0
1898.5
0
2100
0
3
1023
0
1441
1640
867
1843
0
190
0
0
1239
0
1231
0
872
451
566.725490196078
0
0
1988
0
0
0
0
1619
1254.76623376623
1914
1926
0
620
0
1920
0
1413
0
1218.40547945205
1394.14285714286
1675
1595
1399
0
1183
0
0
0
143
2006
534
904
1006
1242
0
1998
1874
1033
2192
372
2097
0
0
0
1432
0
0
2113
0
224
0
1496
0
312
0
0
0
0
0
0
2497
0
0
509
0
0
1077
0
16
962
1251
0
0
2069
0
0
0
0
0
376
0
707
0
2266
1967
0
0
0
1953
2313
153
0
0
0
0
0
441
2028
0
496
0
1191.725
2375
0
1907
2049
1782
1718
0
883.08
0
0
0
2233
1076
1642
914
0
21
1064.77662337662
0
1052.42105263158
1047.4
2042
1172
0
1152
0
0
0
0
1109.38461538462
1570.33333333333
1327.55263157895
1823
0
1158
0
0
890
0
874.333333333333
0
114
0
1280
1517
0
0
539
2045
0
0
680
1683
944
1294
0
0
931
2186
0
0
1917
0
0
864
741
1566
0
1656.5
1259.04166666667
0
0
994
0
254
1964
696
8
1245
0
0
1340
190
86
1224.54838709677
0
0
0
0
2173
2727
1061
935
796
2248
323
1040
1484
0
36
2218
2331
0
0
1300
0
606
386
0
0
965.565290648694
1737
2751
0
1858
0
748.479452054794
1521
0
2420
0
0
1263
0
1161
0
1894
191
0
764
560
907.230769230769
2006
0
1575
0
1913
1965
1298.12359550562
69
1499.5
0
806
1882
0
2413
0
0
0
0
588
620
0
2132
1136.13333333333
1061.39583333333
0
1443
2124
0
1128
0
1955
1155.81176470588
260
2069
1879
1214
0
612.589147286822
0
0
982
0
-165
0
16
631
593
0
0
0
1181
0
0
660
1956
1751
0
0
0
0
1706
0
0
0
0
78
0
2057
2168
1612
1762.33333333333
898
336
0
360
1985
1006.33333333333
868
967
2355
0
0
1726
1699
1285
0
1293
1831
807
0
1114.35135135135
1902
0
0
0
1705
1514
1328
1394
1665
1918
1924
0
501
1609
0
2138
0
876
0
703
1157
439
0
0
0
1578.8
1310
0
2105
0
1136.85714285714
0
69
0
0
1457
1910.71428571429
1249.33333333333
1578.33333333333
1322
1485
605
110.25
0
0
0
767.333333333333
785.625
111.461538461538
0
0
954.9
277
0
788.666666666667
1617.5
930
116
830.5
0
2056
0
1653
0
112.714285714286
629
0
0
1639.8
0
109
1372.92307692308
2093
0
1814.66666666667
0
206
0
0
197.666666666667
1691.25
182.333333333333
1182.96
1238
0
0
0
286
0
9
2030
3
91
1395.75
988
582
0
0
0
1112
0
142
0
0
0
0
0
0
0
684
1338.5
0
1552
2074
606
1620.71875
1029.09090909091
356
0
0
1017
198
1965.66666666667
1929
0
0
0
95
101
1996
940
843
177.666666666667
0
2059
0
96
0
0
3
2114
0
1070.51851851852
0
146.5
1036.2
1661.5
200
1343.94117647059
0
0
0
1081.4
0
0
0
210
1211.33333333333
1144.5
0
1693
1331
88
0
0
0
81
0
2084
0
0
2055
0
0
2009
0
1155
1486
1345.25
182.333333333333
188.25
0
1262
559
1341.3
1419
1097
0
0
161
217
0
0
0
1512.55555555556
0
198
0
0
0
1922
343
0
0
0
0
0
0
2088
0
214
185
1660
638
0
835
1784
0
0
0
0
0
0
1085
0
0
0
1703
983.5
841.758620689655
197.5
0
0
0
1054
0
1437
102
0
1298.06451612903
0
421
1842
0
1048
0
0
1253
1181
1735
126
2014
0
1917
0
0
0
0
1150.81428571429
0
700
0
0
0
999
646.75
694
2125
2066
198
196
0
0
1411
0
0
311
0
1459
0
0
0
664
2003
1998
0
0
0
0
415
2028
0
1255
1384
0
1644
178.8
0
0
0
336.333333333333
0
2923
0
1207.94444444444
0
0
0
0
2202
0
0
0
0
1849
857.5
2031
0
0
0
0
0
0
0
1591.5
1279
108
0
1934
2037
196
24
122
1016
0
402
0
0
1710
1976
0
0
0
198
92
1006
75
0
1543.39130434783
0
0
0
613
1277.66666666667
1353.37704918033
0
925
0
597
1856
354
0
818.666666666667
0
0
0
0
0
241
0
1987
741
213
65
0
194
0
1960
186
0
2002
0
324
0
3
1620
0
804
868
1419
0
1591
0
0
0
0
0
0
0
51
0
0
1454.06666666667
0
0
1998
1057
229.333333333333
0
1401.08421052632
0
165
181.142857142857
649
0
0
1068
2118
1010
0
198
0
0
0
1929
1411
0
250
0
0
1096
0
0
0
0
0
1674
0
0
0
0
0
1006
265
498.592592592593
614
0
733.5
770.055555555556
2175
0
969.408450704225
835
666
1197
850.153846153846
0
2013
0
0
0
1615
0
0
0
0
0
0
1379.75
0
0
0
1596
0
960
687.5
0
1166.66666666667
0
0
378
0
0
1048.64285714286
0
0
259
911.833333333333
1287
472.716981132075
266
0
1205
0
1061.2
98
253
0
0
0
0
0
583.428571428571
0
0
0
0
0
0
0
0
0
0
0
0
1394.66666666667
719
1258
0
0
2042
0
2186
0
0
784
0
1838
808
0
2300
0
0
0
0
0
0
1667
0
0
0
310.333333333333
0
1104.23076923077
1228.38461538462
2264
2063.5
0
0
790
1492
0
54
0
0
0
0
1530
0
0
0
0
0
0
0
0
0
1410.66666666667
1782
0
1733
614.333333333333
2304
0
0
0
0
0
0
0
0
0
0
0
0
1780.75
678
0
2141
2404.5
0
0
0
0
0
0
0
1133.54838709677
886.428571428571
1212
1092
0
0
0
0
1358
0
0
0
0
0
896
0
2097
2055
0
0
0
858
351.285714285714
1244
0
0
0
0
1448
0
0
0
0
0
0
0
0
457
1207.6
1127
863.333333333333
0
0
0
1833
0
0
0
0
0
1223
0
2315
0
0
0
2027
241.5
0
0
756.75
1836.53333333333
0
1028.5
0
0
957
1409.33333333333
1037.66666666667
0
0
288
0
0
0
96
1364.625
0
744
0
426
0
0
0
0
1419
1832
0
0
0
0
0
0
0
0
2306
0
0
0
0
0
0
0
0
0
0
1357
0
0
0
646
2227
479
1199.32558139535
1853
0
2224
0
0
0
0
819
0
0
2042
0
0
0
0
0
2341
2208
1798
366.5
943
0
0
2064
0
0
2548
2287
0
2668
0
0
0
955
0
243
0
0
1883
0
0
0
0
1275
0
0
0
0
0
0
0
0
0
0
0
568.666666666667
0
247
1907
0
0
0
0
1240.5
0
0
0
2314
0
0
0
0
0
0
904
0
264
1454
0
0
0
0
1502.5
0
2193
0
0
693
0
0
352
1651
0
815
0
705
1610
0
0
0
0
0
0
0
0
0
0
0
0
1161
2332
0
2238.5
327
0
0
0
0
0
0
0
0
0
0
702
0
1597
1346.5
0
0
0
0
0
0
0
1175
1563
0
0
0
0
0
0
0
0
0
0
0
0
0
0
0
0
0
1156.5
0
2166
2057.5
0
2472
1346.68085106383
0
1445.5
0
0
0
0
0
0
0
0
0
2354
0
0
1905
788.4
1807
0
165
193
0
0
341
0
0
2104
0
276
0
0
0
0
0
0
0
0
315
2686
0
0
0
2248
0
0
0
2330
0
0
0
0
0
0
267.5
0
0
0
0
0
0
0
0
0
0
0
0
0
0
1736
0
0
0
0
0
0
1179
730
0
0
0
0
1973
0
0
0
0
0
0
0
411.5
1969
0
0
0
0
0
0
0
0
0
2190
0
0
0
0
412.75
0
0
0
0
0
0
0
0
693.25
1273.16666666667
0
316
0
1542
568
0
0
2175
0
0
2179
341
0
0
0
0
0
0
0
1580
2130
0
295
0
0
275
0
0
0
0
0
0
0
0
0
0
0
1292
0
0
1025
304.666666666667
0
0
0
0
0
0
0
0
2442
0
0
0
0
364
0
0
0
281
328
2570
0
1602
0
0
0
0
0
1268.5
0
764.111111111111
0
0
0
0
2527
2150
0
0
0
0
0
0
0
0
337
0
1374
167
0
2208
0
0
0
0
0
0
0
0
0
0
360
0
0
0
0
0
0
1782.5
1231.5
0
0
0
0
2288
2341
0
0
0
0
0
0
0
0
1484
0
0
0
0
0
0
806
0
1932
0
0
0
0
0
0
0
0
0
0
0
0
0
0
1412
0
0
2448
0
0
0
2428
0
0
0
0
0
2440
0
0
0
1476
0
0
252
0
1411
0
720
0
1073.62295081967
1343
0
683
824.5
0
2105
0
0
0
0
0
0
0
0
1331
617
0
1287.55555555556
0
0
0
0
0
2259
0
0
0
1447
0
0
738.426470588235
0
0
0
0
0
220
0
261
216
0
0
0
1074.16666666667
0
0
0
0
0
0
0
0
0
0
0
0
0
0
0
0
0
0
0
0
1506
870
0
0
0
0
0
259
0
1993
0
0
0
0
0
0
1574
0
0
0
570
707
0
395.5
0
0
0
0
1559.33333333333
0
0
0
0
0
0
0
0
285
0
0
0
0
0
0
1403
960
1264.79220779221
0
0
1182
0
0
0
0
2012
1892
0
0
0
1720
0
0
547.5
0
0
0
290
0
618
0
0
0
1481
0
0
0
0
2472
0
0
0
0
1247
2331
0
0
0
1418
720
0
0
0
422
0
0
0
0
0
447
0
0
0
0
0
0
0
0
0
0
0
0
0
2530
2199
0
2427
0
0
3240
0
0
0
0
0
0
0
0
0
0
0
2330
912
0
0
0
282
0
0
0
2144
2231
0
0
0
528
0
0
0
0
0
342
0
249
0
0
0
0
0
2377
0
0
0
0
1212.33333333333
0
0
0
0
0
1444
118
0
1078
0
1717
0
0
0
0
0
0
649
0
0
0
0
0
0
0
0
0
0
0
0
0
0
0
279
0
2191
0
0
0
2360
0
0
0
0
0
0
0
0
0
2153
0
0
2352
0
626
2051
0
0
0
2376
0
224
0
2526
0
1266
0
0
0
1680
982
0
0
1677.375
2139
0
0
0
0
0
0
0
422
0
0
2443
0
0
0
0
0
2112
0
0
0
872
0
0
0
0
1168.69491525424
0
1093
0
0
0
0
0
0
2080
0
0
0
0
0
0
0
0
0
0
0
0
0
0
0
0
0
0
0
0
2086
1838
1156
0
0
0
0
0
1940
0
0
2120
0
2057
0
0
0
2130
0
0
0
0
0
0
561
0
2066
1773
0
1221
0
0
0
0
1455
0
0
0
0
0
0
0
0
2039
0
0
1307
2139
0
0
0
0
2493
0
0
0
531
0
1691
0
0
0
0
0
0
2317
0
0
0
1067
0
1878
0
1853
702
0
274
0
0
0
0
1533
0
0
1194
1562
1696
206
1048.44224422442
1518
0
0
0
1671
0
0
0
1744.63636363636
0
0
0
0
2471
0
0
0
0
0
0
0
1763
0
0
0
0
0
889
0
1169.42857142857
0
694
2597
0
0
2112.5
0
0
0
0
502
2324
0
0
101
0
463
0
1358.27272727273
0
0
0
0
913.5
0
0
2164
0
2135
0
0
0
0
0
1355
0
0
0
0
0
0
0
0
0
0
0
366.666666666667
0
0
0
989
0
0
0
0
0
0
1932
0
0
0
0
0
0
281
0
0
0
0
0
0
1424
265
1479
0
0
0
2176
0
215
0
0
0
0
0
1595
0
0
0
0
0
0
1184.96296296296
0
2277
0
0
0
0
0
0
1579
0
0
0
0
2045
0
0
779
0
106
0
0
726
0
0
0
0
0
0
0
0
0
0
0
0
0
0
0
0
0
367.5
836
1587
0
0
0
0
0
0
0
0
581
0
0
0
0
0
0
0
0
0
0
1058.33333333333
283
1244
0
977
0
0
0
0
0
1278
0
1686
0
0
2116
0
0
1328
0
0
0
0
0
0
0
1559
0
0
0
1099
0
100
0
1162
787
1602
1455
0
0
0
0
0
0
0
0
0
0
0
0
0
247
0
0
0
2715
237
0
0
0
0
0
484
1023
0
0
0
0
0
0
0
0
0
0
2095
0
0
1547
0
107
0
0
0
0
1757
0
0
828
0
0
0
0
0
963
0
2018
0
0
0
0
320
0
0
0
0
0
0
0
0
0
0
0
0
0
2033
0
237
0
0
0
0
0
0
0
1141
0
0
0
0
429
0
0
0
288
0
0
0
0
0
0
0
0
0
0
0
0
0
2126
0
0
1168
0
2052
0
0
0
0
0
0
1473
1248
1428.75
0
0
0
0
0
1262.72222222222
1801
1888
0
0
0
0
0
0
1388
2027
0
0
0
0
1315.35
0
0
0
0
632
1273.18918918919
404
0
0
828
1476
0
1628
0
0
0
0
0
2196
0
988
2071
1047
0
0
0
0
1906
0
819
0
0
0
0
0
254
76
0
0
0
0
1941
0
942
0
0
0
858.5
0
0
122
951
0
0
174
0
2089
0
1479
0
0
0
0
0
1323
0
2049
0
0
260
0
1555
0
0
0
0
0
0
0
2615
2274
0
0
0
0
0
0
0
0
0
0
0
0
0
2163
0
0
0
0
392
0
0
0
2191
0
0
0
0
0
0
0
575
0
0
1230
881
0
0
2820
0
0
0
0
0
0
0
699
0
0
0
0
1446
0
1893
0
0
1607
0
0
0
0
0
0
0
0
0
0
0
0
0
276
0
0
0
0
0
2196
0
0
0
0
0
0
0
0
0
0
0
0
0
0
0
0
0
0
1145.5
0
0
0
0
0
0
885
0
1149
0
0
0
2073
0
0
0
0
1285
0
0
2024
0
0
0
0
0
2193
0
0
0
0
0
0
2064
0
0
0
0
0
1218
0
0
0
2280
2308
0
0
0
0
0
0
0
0
0
423
0
0
0
0
0
0
0
0
0
0
0
0
0
0
0
0
0
1941
0
0
2037
0
0
0
1485.86363636364
0
0
0
0
0
0
1642
0
0
0
0
0
0
0
0
0
1024.11271676301
0
1596
0
701
0
0
0
0
0
0
0
0
0
0
0
0
0
370
0
727
0
2541
891
0
0
255
2450
0
0
0
0
0
2163
0
406
0
0
0
2076
0
987
2131
0
0
1979
0
0
0
0
0
345
1846
0
0
0
0
600
0
0
0
0
0
0
0
0
0
0
0
0
0
0
0
0
0
0
0
2148
0
0
0
0
0
0
0
0
0
0
0
0
1553
0
0
0
0
0
120
0
0
0
334
1768
0
0
0
1400.14285714286
2057
0
0
0
0
0
0
0
0
0
0
0
2426
0
0
0
0
0
653
0
0
0
1960
0
0
0
2076
0
0
0
1516
825
0
0
0
0
0
0
0
0
0
0
0
0
0
0
0
147
0
0
0
0
0
346.909090909091
0
0
0
0
0
0
0
0
0
90
0
0
0
0
936
0
0
271
0
0
1680
0
1017.66666666667
0
0
1623
0
0
0
0
881
0
0
0
0
0
0
1172
2186
777
0
0
2009
0
0
0
0
2323
0
0
0
1216
0
0
0
0
0
0
0
0
0
1278.07142857143
0
0
0
0
0
0
0
0
0
0
0
2148
1775.14285714286
0
0
0
2287.5
2451
0
0
0
0
355
0
0
1637
0
1133.6
0
0
615
280
2305
0
0
0
1221
0
0
797.5625
0
0
459
0
1660
2163
0
0
0
0
0
0
1446
0
0
0
0
0
0
2138
0
266
2326
0
0
0
0
0
0
0
995
0
0
1290
1857
0
0
681
0
0
0
1090
0
0
0
0
0
2220
0
0
0
0
0
0
0
0
1721
0
0
0
0
1757
0
0
2103
0
0
0
0
1232.66666666667
0
0
0
0
0
0
0
0
0
0
0
683.5
0
0
0
0
0
0
0
0
0
2170
0
2026
999
0
0
0
0
0
0
0
0
441
0
0
0
0
0
949
0
981
0
0
0
1294
0
0
1499
1769
0
0
0
351
0
0
0
0
0
0
0
314
0
0
914
0
0
0
704
219
1078
0
0
0
278
1376
0
0
1965
0
0
0
0
0
0
0
0
0
0
0
0
252
0
0
0
0
0
796
0
0
0
0
0
0
0
0
235
0
697
0
0
2215
0
444
0
0
0
2301
0
0
0
0
0
0
0
0
1912
0
2126
0
0
1328
0
0
0
0
0
0
0
0
0
0
0
0
0
0
0
0
0
0
0
1965
0
0
2187
0
0
0
2095.33333333333
0
0
0
0
0
245
1865
0
1460
0
0
0
0
0
1762
2340
0
0
0
0
0
344
0
0
622
0
0
0
0
2517
0
1389
2330
0
0
0
0
0
0
0
1565.05882352941
1078
0
0
0
0
0
0
0
231.333333333333
0
0
1460
2232
0
0
0
0
0
0
0
316
0
1640
583
0
724
0
0
2084
929.141025641026
915
885
0
0
1222
0
0
0
0
1239.10810810811
0
0
0
0
0
0
0
0
0
0
0
0
0
0
0
0
0
0
0
0
0
0
0
0
1889
0
0
0
0
0
0
0
0
0
679
0
0
0
0
0
689
704
330
0
0
0
1542
0
0
0
0
1454
0
2126
0
0
0
1832
0
0
0
0
1839
0
0
0
0
0
0
0
1516
0
1170.33333333333
0
0
0
0
0
0
2706
0
0
901
0
0
0
0
0
1050
0
0
0
0
0
507.2
0
0
0
0
0
0
1640.16666666667
0
0
0
0
0
0
0
0
0
0
0
2016
0
0
0
0
0
0
1066.14285714286
0
1186
0
0
2249
1936
0
0
0
2311
0
0
0
917
0
0
0
0
0
0
0
275
0
0
0
0
0
0
1276.84375
0
0
428
0
0
0
0
2393
0
0
1643
0
0
0
0
0
0
0
0
0
0
0
0
0
1046
0
2407
1738
0
0
0
0
2394
2042
405
0
0
2125
0
0
0
0
0
0
0
1036
0
2287
0
0
0
0
886
2389
1903
0
0
664.5
0
0
0
0
0
0
0
0
1940
0
0
1335
0
0
0
2418
0
0
415
2622
0
0
0
1475
0
0
0
0
0
0
0
0
1714
1823.5
0
1300.92857142857
530
0
0
530
418
0
0
0
0
0
1490.25
0
0
0
0
0
0
0
421
1621
422
0
0
0
1907
0
0
420
0
1169
0
0
0
0
0
0
0
424
2357
0
424
0
0
0
0
2057
0
0
0
0
0
0
0
0
0
0
0
1328
0
0
954
0
0
0
2012.33333333333
1678.38095238095
2477
2058
0
0
0
1630
0
0
0
427
492
0
0
0
0
1265
0
0
0
0
0
0
0
0
0
0
0
0
445
445
2655
0
0
569
569
0
0
0
0
0
0
0
1543
2340
0
0
1972
0
0
0
0
2504
0
813
2125
1594.5
0
0
0
2359
2186
0
0
0
0
0
0
596
0
0
0
543
0
0
0
0
0
2163
0
0
0
0
2425
0
0
1943.85294117647
0
0
0
0
0
1600
0
2049
0
0
0
0
0
0
0
656.5
0
3008
0
0
0
0
0
690
730
0
0
0
0
1016.11111111111
1602
0
0
0
0
364
2141
365
0
2526
0
1612.33333333333
299
0
0
0
0
0
0
0
0
0
0
0
0
0
0
483
0
0
0
0
2495
0
870
0
1255
0
0
0
0
0
0
0
0
0
0
0
0
0
0
0
0
1535
0
1186.63461538462
955
0
0
0
0
708
0
0
0
0
0
0
0
1585
1583
1220
0
0
0
2404
0
0
0
0
0
2429
0
1638
0
2257
0
0
0
0
0
2471
0
0
0
0
0
364
0
0
0
0
0
1822
0
0
0
0
0
0
0
0
1793
0
0
1196.66666666667
432
0
375
0
2370
0
2292
0
1485.4512195122
2215
0
1757
0
0
0
0
0
1483
0
0
0
0
0
2308
0
382
1642.1
0
0
0
1645
0
1762
2246
996
0
1316
0
1381.5
2023
2159
0
0
0
445
0
0
324
1126
1119
1818.5625
0
0
1174
0
2195
0
0
2229
561
0
0
786
0
0
0
0
0
0
1356
0
1419
0
0
0
0
0
0
0
1141.16666666667
0
0
0
0
0
1593
0
0
0
0
1236.42857142857
0
2279
2357
0
0
0
0
0
0
0
0
0
0
0
0
1673
0
0
0
1291
0
0
1947
0
0
1884
0
419
0
0
1500
1500
0
1187
2652
2328
0
0
0
0
393
2216
1158
1026
0
0
0
2340
0
