0
1988
6
0
7513
0
3228.09090909091
4302.42553191489
41256.9047619048
2110
13770.512195122
294
1761.66666666667
0
5071.39393939394
6282
206986
0
4914.5
4452
29182.3
1051
798.818181818182
14187.1428571429
211
203
2481.72222222222
5707.88888888889
2592.33333333333
3177.11764705882
671
140.347826086957
1728
0
8230.09523809524
29139.5
7110.85714285714
9083.55714285714
2574
12210
1209.57142857143
0
4567
42911
0
9513.03773584906
0
1178.5
14797.4375
359
1041.5
4917.53333333333
0
1665.85714285714
2832.66666666667
2417
584.857142857143
3425.69135802469
1715
20024.7619047619
28676.1111111111
6321
8645.44324324324
10921.8392857143
22305
1645
3902.16071428571
1338.5
6987.5
6449.6
764
40258.3488372093
0
10141.4
12528.8888888889
1632
8407
31366.7
107.5
21041
0
332
15162.5
6686.1
2284
2158.8
0
5550.9298245614
139970.45
58002
0
2331.15789473684
10530
0
348
0
709
1244
66
0
2023
3656.28205128205
973
1401.5
2154
12795.9032258065
3268
7406
5876
12210
807.25
4333.20388349515
560
22959.3333333333
14717
1943.5
2174.5
1342.5
0
2066
4091
4129
755
2131.33333333333
0
1585.23076923077
1904
11152
4972.92857142857
2307.15789473684
0
124
15939
0
367
1279
0
990
10078.75
387
11599.6
3612.11111111111
0
0
579
17895.1333333333
2043
2918
227
586
0
207485
1154
5662.10714285714
1927
15610.2
233
26283.6
6535.64705882353
0
58825
15692
19448.1666666667
406
1749
3282
1958.5
1125
413580
25400
0
153
1789
679
0
2602.85714285714
2193.6
12107.7543859649
0
0
6436.49425287356
277.333333333333
2865.25
77
567.151898734177
3454.8
21901
646.444444444444
1797
5426
3201.22222222222
0
5105.42857142857
658.666666666667
4365.66666666667
750.727272727273
295.25
10444.1428571429
20301
22039.808988764
16395
3160
24404
4904
2888.62711864407
1033
4511.42857142857
43829
9237.07142857143
469
3125
1640
0
0
888
0
257
3005
8933.05633802817
0
1209
28274.5
5993
0
0
7528.75
12127.8709677419
6834.33333333333
134
16218.3
988
641
26
1015
1487.5
2163
1520.93333333333
0
175
8869.60714285714
0
0
0
5247.16666666667
794
4968.29787234043
215
0
2995.54054054054
2629
369
0
18998.3793103448
11424.9090909091
11441.6666666667
10479.75
19269.75
65
852.5
462
230
592
0
0
5663
10915
12412.7407407407
100.5
16436.6666666667
0
0
35152
7624
127
58300
10790.5555555556
1527
0
1575
276970.236842105
2970
178
0
1888
2536
0
28
29298.2857142857
2934.72727272727
5265
7187.33333333333
58825
232480
12586
1066.6
4418
4307
0
1726
319
2802.19047619048
39
2367
682
2476
0
961
0
338
19123.6666666667
0
0
25189.75
7374
9863.09090909091
161473.242424242
6419
2694.25
4076.66666666667
174
3677
34
15795
0
4687.25
0
23698
6734.6
24263
1578
10192.2923076923
20222
3507
790
530
0
0
15939
1294.57142857143
7627
2433
27028
11
639.533333333333
0
0
0
0
7654.5
2427.77777777778
192821
1158.9
202.5
13332.8
2274
11876.5
362659.428571429
3251.6
0
3526.6875
2385.42857142857
3642.7
2597.75
25622.6666666667
6199.92857142857
3695
625
5195.2
0
18114.1538461538
1342
80
31180
257
1611.11538461538
1540
6609.00591715976
8275.5
11154.8655462185
1151
221748.381270903
926.5
0
26267.6
7142.5
2698
2329.4
0
0
2486.33333333333
0
1
707
537.5
3769.5
0
0
7562.37878787879
4536.5
36
3967
355
7769.81818181818
6203.25
3781.35294117647
1977
14814.75
7777
5197.66666666667
22532.6071428571
1329
2831
27
930
13202.75
43565.1
11884.4444444444
1685
0
1886.66666666667
828
3500.36363636364
1603.33333333333
12074.8571428571
5513.9
2903
13244.8
17098.6
0
3744.72222222222
6602
2017
3512.33333333333
15887
6120.21739130435
60492.5
0
10533.5
7046
1236
2431.55555555556
4338.625
6207
57530
0
21721.8571428571
4341
1705
0
48816
4414.65365853659
5355
6867
2927.75
875
64317
2117
252062.666666667
387
4316.5
5640
0
1237
2257
11192.5
4755.8
467
2507
0
2066.33333333333
412
0
0
3498.66666666667
714
154233.4
9701.9
57515.8823529412
124035
30447.2631578947
2147
1224.81818181818
2723
2005.5
2903
1906
126
0
0
0
672
1462.29411764706
18295
2595.75
4123
3381.85714285714
6136.18181818182
10529
777
101
0
1902.84615384615
0
23648.3333333333
832.3
2985
634
2219.9375
17748
0
692
5560.33333333333
598.5
701
30394
0
0
571
0
2147
2210.89473684211
868.5
0
39230.8571428571
767
3569
2366
6939.14851485148
0
63
0
8371.36363636364
6910.4
0
687
17687
11522.8947368421
13639.3186440678
1838.5
697
0
0
2535
0
21760.8484848485
387
989.5
109810
0
235
126
232.666666666667
9989
14303
927
272.25
18929.4
1131.75
24253.2
104
0
4339.33333333333
8586.83333333333
24800
701
6410
2299
0
4235
28633.3
0
8592
583
0
0
6936.25
27581.7142857143
10439.25
3039.66666666667
4160.8
0
4184
42638
0
2968.5
816
0
0
0
0
1937
6084.75
1771.51162790698
0
3518.5
273.333333333333
0
2022.97297297297
0
6078.375
231.8
27891.5
2553.71428571429
4029
3721.5
33840
19268.4251497006
1676
0
1727
0
4667
6807.5
37174.7058823529
6028.28571428571
0
1761
2380.28571428571
2561.60869565217
0
0
1005
19217
0
35277.9601328904
347
610.5
0
2113
968
34
86
603.5
6759.3125
25034.5714285714
2513
512
589.666666666667
1866
769
911
543.31914893617
10019
13724.4166666667
13472.5862068966
294
0
3020
0
0
0
1184.625
72
2031.5
1329.5
0
0
997.266666666667
1982
7067
0
0
2413
522
93
0
260
0
0
5377.9
0
20059.8571428571
1707.5
1331.2
6403.5
0
0
1876.61538461538
9554
6734.5
2423.23333333333
250
1545
771.631578947368
4958
6200.7
0
70333
3259.125
41
7399.55555555556
596
139
80
565
0
2742.32352941176
52561.3333333333
1032
99046.75
18816
0
3636
4347
0
277.333333333333
1236
0
718
17891.9090909091
3238.5
423.727272727273
1451
2659
0
6013.66666666667
43
0
0
0
0
3998.16019417476
127
19367.5
0
1780
1939.5
9873
4458.42857142857
9265.29411764706
1638.8
4291.04901960784
0
27630.1666666667
517
66
79
1107
7087.33333333333
1460.75
828
4855.69642857143
9377
2718.33333333333
0
16100.0769230769
0
3629.8
0
19042.9428571429
179
0
0
2768.9
1543
0
114.666666666667
1219.625
2411.55555555556
2378
9973.5
1922.8
1727.33333333333
3677.14285714286
7156.38095238095
7101.36666666667
23028.8095238095
0
0
0
0
1153
59795
67194
0
4148.25806451613
7589
1311.83333333333
3678
3875.28571428571
0
921
2099
11833.3181818182
39362.7272727273
480172.7
0
0
0
0
38316
15448.3333333333
65
277
0
23188.3333333333
465
0
1434.33333333333
471
461
1753
509
7383.8
0
3252
796.7
7100.33333333333
0
1928
524
0
5716.66666666667
17
1069.57142857143
3129.33333333333
182
2577
916
20439
1413.8
19359
6694.45454545455
15261
522
1234.10869565217
12885.6666666667
262
0
306
4576
154
5104
4996
868
0
3990.66666666667
178
136484.647058824
17171
6366
886
0
8435
15
3592
8753.2
0
12726.6666666667
0
4425.2206405694
1217
48
5890.1724137931
0
5298
828
9636.6
0
6311
2888.11538461538
4038
0
7107.25
0
1207
0
6635
1421
0
671
278
939
0
495
296
3519.47317073171
10279.1875
1928
130662
0
5702
7228
18844
72
19633.625
4443
586.5
1003
0
47425
12823
9033.66666666667
0
2346.02631578947
0
0
0
6779.33333333333
4109
1331
0
1844
1074
2742.33333333333
461
55453
0
18
6949.4
0
1629.66666666667
0
0
3287
10623
519
13216.1666666667
53840.5882352941
0
0
490
12127
7583.1
4722
111162
2492
10095.1818181818
125
280250.2
0
35
0
1109
0
0
0
93
3349.83333333333
904
399.333333333333
6052
0
5036.75
1224.5
5948.81818181818
22204
0
0
0
1033.16666666667
696
9
0
532
702.5
2323.25
1652
0
3255.5
23814.1666666667
760
9252
47
0
0
93
2847
6145.2
17495
1479
2639
1279
0
430
0
3168.31578947368
0
731.5
2402
4095.23333333333
2378
0
50
134
4559.25
1928.8
79
980
0
0
0
1150
1751
11850
504
3837.33333333333
9066
10955
6603.63636363636
0
0
0
831
1835.5
460.5
10933.1304347826
0
362
1348
0
7418.26756756757
0
3361.4
8847
10881.3333333333
2856.8
9202
3239.08695652174
0
1388
22242
15915.25
814.451612903226
0
4874
1445.30136986301
16410
14612
1645
2546.63636363636
0
8920
6505.2
1149
0
5292
0
3699.5
14052.3333333333
1578
0
799
0
698
402
323
9966.66666666667
1703.08771929825
5252.3125
1047
0
2498.8
0
463
16285.5
15157.6666666667
1311.25
349
701
351
33948.15
4812.5
27383.5
54
12052
9400
1553
1106.33333333333
265
25913
0
0
135194.5
0
716
0
1065
4949
3758.5
0
0
0
6640.5
7214.28571428571
4436.75
0
0
7615.5
4952
186992.510204082
21218
156
0
0
21309.5
1637
0
1173
175
44
16612
55.6666666666667
4595
11753.5
1524.75
1096
164
1430.5
709
0
995.5
16966.6666666667
164
671
1408
10647
0
26008.4
0
132055
21103.9130434783
570
0
17144.5
6705.5
4196.2
194
388876.477678571
1159.125
8289.84533898305
1405.33333333333
2436
883
4958
93
5331.5
0
1478
0
6895
32671.3333333333
0
864
0
4615
724
2193
10008.1081081081
16
0
0
0
0
295
10836.5
3773.60504201681
140
267
330
68838.0526315789
0
0
4801
833.9
3342.75
2551
1494
1140
32311
0
4364
20756.3333333333
2031
623
18482.3333333333
4917
22203
29
18332.3333333333
0
195
0
20771
4
0
1177.66666666667
1146.33333333333
5207
0
9115
3449
0
533
0
0
1363
7809.75
2828.75
1703
189
1372
0
3513.28571428571
4590.31578947368
0
4696
0
317
2523.4
595202.625
6407
0
3082
842
0
0
2
4881
5055.3839869281
1362
9
81270.9473684211
5884
343
0
24
0
398
1669
2174.5
251.5
72
167510.5
0
1163
3042
0
0
4945.25
4781
363
0
0
6
14883.2
1013.5
0
0
571.5
16
959
0
837
3807
4191.83333333333
19654
718
319
0
8517
413
0
5512.875
4322.6
0
267
17376.5
0
0
2111.5
5366.33333333333
0
1040
0
6079.075
1750
2386.76923076923
4095.25
0
20229.9622641509
1199.28571428571
4328.94736842105
931.857142857143
826
7043.66666666667
0
0
21448.6666666667
0
209196
810
0
15298.375
21790.5
0
6082
0
3856.33333333333
0
0
931
2159.33333333333
0
1697.75
528
6969.5
4647.02325581395
44130.2222222222
0
0
505
3717
6204.92105263158
1294
7181
0
0
304
0
770.333333333333
0
2960.66666666667
1577.8
875
170691.571788413
28
12254
0
4512.5
0
1436
0
757
10899.8571428571
621
495
0
0
334
0
4203.93333333333
0
14174.5
1194
284
0
738
20757
1819
0
0
0
0
0
2780
0
170
0
6239.5
1374.66666666667
213885.119047619
590453.25
51349.5
134
292
235
46
409
803
0
1794.66666666667
70021.8571428571
0
0
375
0
6940.5
0
15203.2
2198.6
16890.0172413793
1208
2202
549
1479.7962962963
5921.90476190476
0
0
0
2584.5
84596.6
0
1188.5
8930.25
9
0
581
3676.5
746
0
22403
3821.57142857143
5691
1096.5
0
3673
6647
260
0
31
0
461
1729
2319
117
316
2045
2008
10081.1355932203
0
9531.33333333333
1793
1561.30769230769
68
3882.66666666667
0
48434
0
866
4674.66666666667
551
13354
373
225
6906
0
1279.66666666667
2058
200
0
25258.4
14640
0
2303.66666666667
1518.25
633258.4
3813.1875
381
1085
436
0
1307.33333333333
11568.5
298
17479
1034
0
768
3303.5
0
0
235
3574
54931.5
5199.84893111639
345
0
2015.66666666667
0
3172.42857142857
106
41.6666666666667
0
8643.03846153846
2556
5211
61330.25
2314
1342
8882.14285714286
5213
0
4207.33333333333
0
4744
261
1678
2122
0
1846.66666666667
1823.33333333333
0
131
1016
0
0
12
867
0
681
8536.75
0
2981.77777777778
373
3203
1549
0
5884
0
0
1311.625
7214.5
0
509
0
2043
18303
5736.66666666667
522
0
45683
166
0
1002.77777777778
2645.66666666667
1546
5741.63898500577
0
5580.5
0
178
589
1571
666
999
1421
0
5721.5
3711.16666666667
0
301
15477.2941176471
0
516
781
12052
0
0
143190.111111111
1450
5545
950
1286
0
34396
0
444
0
3513.57142857143
3430.25
168
0
332184.421052632
26174
2213
4
2829
0
6651
6718
2297
48
45683
34310.75
2159.5
14721.2222222222
5073.33333333333
3129.75
180
481
7492.66666666667
0
464
0
224
4103
481
1650.1
3013
8096.17365269461
3646.66666666667
4935.73333333333
1026.5
3807
1240
358
289
3725
17920.4285714286
15883
4065.85714285714
1373
1865.625
308
0
0
1620.09448818898
166274.166666667
41981
734
1385
0
23966.1111111111
1382
6134
12570
0
5041.08695652174
0
1704
5604.33333333333
13809
27784.4736842105
11318.4832214765
691
11014.5
4360.21052631579
515
700
0
3955
4108.5
86.5
3151
0
1677.5
154
40074.3333333333
0
4526.4
0
7797.33333333333
8015.08571428571
39
0
207
615
2442
54731
1145.25
7837.25
0
168568.652173913
855.5
5739.2
13393.5
2563
2475.125
0
4958
0
0
0
2524.85714285714
4902
0
100022.166666667
795
1727
0
0
620
136918.0625
2947
356749.136612022
1356.8
478
16456
267.5
0
0
0
0
0
0
1030
450.272727272727
70
257
1007.09090909091
0
4281
5791
1754
299
671
462
2036
0
2205.66666666667
0
0
2416
0
608
25690.8
3845
270
408
3
338
771
3494
959
4249.25
860.777777777778
10081
0
1263
4674
0
0
2225.5
6306.5
0
0
0
1025
4578
1182
60
0
1087.5
0
325
1181
3762
3335
4731.5
0
422885.4
441
0
1204
0
6130
3042.5
0
832
10
0
0
672
1427
987
0
7970.8
0
725
9277
2297
12309.75
0
3303
63
0
11241
4912
0
0
193932.666666667
0
0
0
0
1120
29112
4862
1760
276
779.333333333333
1926
28169.5
210
5328
3162.5
562
0
326.111111111111
0
398
6497
0
5545
7041
3404.8
952
7222.14285714286
177
148
1109
987
0
1043
19513
0
0
5378.48484848485
6852.56551724138
7316
2190
0
0
0
733
0
458
0
0
9797.71428571429
659.666666666667
0
1508
0
0
652
9401
7077.66666666667
0
17153.1964285714
652
632.5
3397.5
8871
4277
6240.38888888889
44
3643.5
2551
2000.69230769231
1961
4684
0
444
1992
302
1232
0
0
845
12769.5
8280.5
11162.6568047337
1585.5
4128
10501
0
1514.33333333333
0
29
0
6494
2098.5
681
2364
0
6355.66666666667
0
4384.96319018405
354
4953
96
0
209
4381
0
219
0
60536.5
1415
2577
3368
25702.6153846154
0
30906
15363
1026
3168.66666666667
0
853
0
8646.66666666667
543
0
2633
7248
9322
0
0
641
0
1316.2
0
69663.1666666667
1096
4194.5
4339.5
4457.5125
0
0
617
11
192821
4605.5
0
3239
1039
0
272
0
3591
0
38090.3333333333
0
4315
0
289
4704
1047
1094
7219
0
0
40184
0
380
0
0
461
88246.2926829268
0
17651
227
97
7434.33333333333
2050
0
698
717
104532
4570
0
3916
11688
0
13890.6666666667
2986.5
0
0
2493.66666666667
0
969
0
1440.64705882353
0
370
5409
2218
0
3699.2
700.8
0
1908.66666666667
8
2210.57142857143
16649
2040
0
0
2292
871
67
5839
1358.48936170213
9629.91666666667
333
0
1480.75
2468
2481
160
0
0
548
0
0
0
0
1408
0
164
0
8974.5
69
5865
6705.5
1611
6358.5
2551
0
1256
258
722388.75
75480.2469879518
2429
20918.5
144
467
944
100
708
426
4324
2715
178188
563.285714285714
860
1425
3229.68292682927
2451
345792.75
2393.94117647059
0
816
273
1994
8920
104
5960
2319.66666666667
3490.25
850
2487
0
48
0
2909
0
0
0
5307
0
20262.5533980583
0
2193
1161
1630
1480.5
0
7539
770
0
1344
6334.85714285714
1588
0
51508
0
79000.4693877551
0
2008.5
219
5426
2002
1269
0
4427.93103448276
3381
0
16000.2666666667
0
0
0
708
235469.047619048
703
21502
195
690
0
0
0
0
3901.90909090909
420
0
0
3425
5467
0
2218.8
0
207
735
0
0
0
0
12258
4401.38
6811
0
2470
6612.5
877
0
4019
6292.5
0
3460.5
48584.358490566
1338
0
2853
0
3818.5
671
958
34
16933
0
481
8754.61111111111
14572.1333333333
5302
1116
0
1595
0
6145
1174.81395348837
17568.8333333333
1525.58333333333
164
3987
12
34005.5555555556
0
5169
0
8855
0
1729
5778.33333333333
2333
291
1643
0
73817.7122641509
0
4864
0
240
0
3482
0
0
0
0
786
759
16621.5
2958.33333333333
1944
9521
5117
3010
5152
1108
830.5
0
0
3366.5
27806.1838235294
570
406
4837.97183098592
4832
86434.5
93
240
754
54865.1764705882
5444
0
0
0
945
318846.976415094
388
130
2215.5
192
2956
4540.5
0
0
1157
0
0
918.5
0
1424.5
1378284
0
796
8222.2125
0
15
481
4267
0
1011.27739726027
898737.142857143
708
0
1458
1824
3325.5
3198
0
8541
0
0
183
1703
19160.6666666667
1261
0
4671.71428571429
0
2371
477
3839
0
3451
0
0
9319
1316
0
598
564
1737
517
18982.6666666667
0
17322
0
3466
464
0
318
3165
29866
223
1869.5
0
0
0
84
10637
23621
0
78
3013.25
0
627
2897
12200.2089552239
2794
8630
392.428571428571
0
123195
4421
0
0
1464
523
1506
2432.5
0
13479.5
1633
0
4232.5
21568.25
74
0
1726
9199
1106
362
0
3052.5
0
3076
0
134469
0
12189.2
719
1234
0
240
0
761
0
730.5
7756
0
1764
0
0
0
460
0
0
1607
0
4229
0
25101
3762
0
3506
6010.5
2490
8964.28
21
1800.55555555556
0
1521
0
1084
73594.9857142857
9868.25
22
1743.33333333333
1501
860
0
1328
69790
5149.25
204
2843.51851851852
0
512
280
0
0
1148
0
558.5
81
1287
8512.66666666667
6611
4586.5
21698.5
0
73150
0
3947
525
245
0
0
0
780.75
2450.70588235294
2043
0
18768
1046.44444444444
0
0
29309.5
1450.33333333333
0
7199
1137.66666666667
36419
3244.25
3848
3910.26315789474
0
40
6214.8
57193
10276.5
2385
6871
143
2931
0
0
225
284
896
690
0
50487
0
931.5
5644.66666666667
1458
489
0
3254.5
0
0
0
0
5671
70
0
1231
3018
1382
1646.5
5748.5
444
644
1259.5
0
1554.88888888889
0
0
3773
3484
1654
0
3039
0
44855
3104.5
0
568
227
0
8112
864
563
404
0
8599
10924
0
0
1274
187
700
4027
0
0
1285
0
1125
257
150866.897959184
0
0
0
85
1599.5
0
211
0
3082
247
4595
74
0
1867.5
23
1539
0
367
90.5
49514
0
2082.25
0
4479.83333333333
522
0
2556
8
1480
70212.4
3465.5
0
2299.5
1375
6
0
15425.4
2114.5
3
0
0
5045
0
5494.81818181818
86256.1666666667
14078.3333333333
587
0
0
0
3058
0
0
0
5065
652
380
194
13322
282
0
0
230002.363636364
1316
0
95588.5666666667
6662.00769230769
2836.5
6111
2487.75
0
165
321
0
61
96
0
604
0
111
1571
5657
871
0
55525
0
899
1361.28
7476
0
3270.5
0
3212
34
1171
0
2013.4
2630.5
0
0
31338
0
0
4823.375
7925.40740740741
12926.5
885
216
9949
1228
0
0
8135
691
0
5598
186580.517241379
1614
72
141
845
2780
0
2361
43817.5
366.5
0
409
0
0
14492
0
2363
9521.66666666667
5202
10081
0
4
0
181083
643.25
416
1501
0
167
1974
0
9604
260
9439
163
0
349
0
11465
0
0
207
7642
0
0
1457.33333333333
0
0
556
0
729
12063.3333333333
0
2399
0
8698.16666666667
0
1460
0
0
225
4595.76422764228
193
2240
484.5
1458
12476.1590909091
1437
3651.16666666667
4974
0
2285.15789473684
1696
197
10949
146
1094.5
1112
0
140235.566037736
29081.5
257
519
429.666666666667
0
0
134
0
0
1170.75
22713.6666666667
0
0
0
1831.33333333333
0
1419.5
1042
0
319
990.7
735
6628
6024
1576
26506.5138888889
33800.6153846154
13669.6666666667
0
776
1401.66666666667
229
100
24660.8471953578
9156.48170639138
227
0
456
5034.6
1445
3043.5
0
0
8264.3552631579
0
0
0
1691
733
2997.75
54706.8333333333
0
0
15
1611
0
0
17767.4117647059
202
132
0
0
172926.2
35765.5
18248
0
1558
0
3145
15
0
17640.2678571429
5647.5
886
181
3
0
95
0
9607
0
2192
0
5345
4622
346
0
0
625
96717.5
0
0
359
0
0
2595
0
0
20853
1154.5
1843.5
727
473
4293.25
1296
0
0
9422.58823529412
1272
0
2278
51926.6954545455
238
13810.6666666667
325
3112
6156
26591.5416666667
270
1944
0
3266.75
15906.2307692308
0
956
0
983
0
0
4495.20805369128
502
0
0
4383
6371.25
14070.75
0
50
2325
0
395
20586
4859.87341772152
611
0
0
4637
224
622
0
0
5981.5
0
0
251
3069.5
7321
1359
1225
0
800
52
1560
17460.7692307692
7434
1072
124
1218.83333333333
5369
243
575
1712.33333333333
151308.857142857
0
0
1393
2117
1933
214
1683.5
4212.2
611
8931.5
1645
6743.25
5076
2664
559
2324.5
1902
1906.8
0
0
358
139
2746.66666666667
3176
951
166
854
383
97
0
23643
71
14587.2857142857
0
1337
4
31
0
2205.5
48468.5
3640
1275
0
5983.02325581395
0
0
981
1896
0
0
1816
2266
1279
0
0
0
3076
2358
0
140
442
0
5
0
721
505
0
4065.86547085202
858
0
0
0
1161.16666666667
1174
0
0
0
1197
0
602
361
0
1159
11303
828
2981
4
940.5
3764.5
168
50.75
14263.6
0
156
0
359
58552.9637681159
0
0
5865
0
1976
0
0
4248
0
5
0
0
0
7656
681
428
0
10622
1230
57
3297
2032.5
1382
1047
1324
29822.3076923077
0
100
1295
3469
0
0
490
3445
781
973
470.666666666667
2814
0
3282.5
0
4772
0
1409
0
0
0
5789
0
1470
0
11
0
0
73931
10372.3333333333
337
10369
134
764
0
3849
1352.33333333333
627.25
5998
1526
0
6307
0
0
0
1318
4515
0
0
633.5
91
3532
0
0
516
340
2225.33333333333
161.8
1995.5
288
0
3251
115
1558
0
5279
2057
1562.66666666667
12396.5242718447
0
0
6292.66666666667
0
0
1979
306492
1420
230700.375
0
424
0
0
0
3396.56097560976
59
0
34
18910
0
8610.5
13620.9666666667
59
1901
663
2632
0
0
11617
4446.5
20
9309
747
0
2125.5
382
11247
0
4418
0
135
35
0
0
923
550
16593
1394
70932
2955
519
0
26524.2222222222
0
6964
0
0
93
14078
0
0
113.333333333333
0
0
3982.05555555556
1377
0
990
3773
2083
1296
45
2587
192
0
5
2551
0
2404.33333333333
347
2282
1289
443
2363
1241.10526315789
0
80
0
0
0
27384
0
681
1054
0
509
597
143
409
0
5328
9277
9564
114.5
0
0
3132
0
5919
1564.5
0
15
0
1585
0
0
18799.5
0
0
0
0
0
1248
1649
166822
0
4872.5
206
287
3266
616.285714285714
1237
0
0
0
243
1553.75
1768
3238
0
0
747
34
1871.26282051282
0
8469.11111111111
1334
3396
0
0
3971.5
12329.7222222222
0
3116
891
303
2481
246
4624
0
16
1408
1024
3010.64102564103
488
5037
1605
0
0
0
0
0
186
34661.125
0
14708.3846153846
214
2276
0
9800.48780487805
272871
0
1897.5
1478
2661
0
7186
574
4010
1784
7895
0
0
0
8760
6494
2049
8295
4047
634
952
634.5
749
30279.7483870968
7
998.666666666667
159
7112.57142857143
1789
0
33164.3333333333
0
3964
6
1437
0
864
3263
8966
0
0
0
263.5
1222
3408
0
752
5291.5
3254.5
42576.5
1022
79854
11971.6551724138
1056
0
0
10783.6
1762
0
11296
2732.5
276
2513
0
3142
0
9079
0
0
34
2837
0
0
16966
830
500
5866.25
57386
1372.33333333333
14
0
0
0
0
0
0
0
3822
118
567
440
0
1283
0
23384
1628.25
0
2129
10950
12350
4055
3805
204
987
708123
873.5
26
0
1340
22653.6
1664
6546.6
0
675
0
0
525
4044
15754
477
9920.5
0
1417
126
911
0
1803
436
0
1860
0
0
38322
1258
17
54308
429
2455
484
3429
0
255
0
2660.5
0
1837.91428571429
12215
0
5155
0
23003.8333333333
5155
405
0
386
0
1518
179.333333333333
0
62449.4
42
6378.25
206074
3138
13481.5
617
0
0
8998.69230769231
2829
0
0
238609
1137
0
0
0
28
2836.5
6120.5
0
31093
4195
2110
4311.74137931035
1707
0
2034
8645.25
35266.380952381
2835.5
4821
17669
0
1334
4499.9
0
139978.434782609
847
0
541
2621.11111111111
5947.33333333333
0
1942.25
2146
1971.4
0
0
0
0
668
328
2465
0
2051
3557.75
1228.5
0
0
2784
709.333333333333
95
3911.36363636364
0
0
7093
0
3379.5
0
0
2707.88888888889
0
1120
5293
8670.17073170732
319
519
0
136
7067
0
0
4019.46846846847
185
0
9216.5
1687
1437
2222
4047.32857142857
243
4277
0
824
6291.04347826087
0
0
10569.6551724138
5268.51851851852
723
5590
2345.33333333333
2049
0
0
1332
0
809.211764705882
590.666666666667
0
6518
1122
11530
731
11933.5
0
0
398
24
0
990
1494.48275862069
1781
0
912
32
7985
1054
838
22734
0
1770.5
0
537.5
2662
0
0
5398
0
5689
2080.5
0
4193.75
4256
1783.5
348
175
12052
0
5953.2
215
5728.5
3175.5
0
378
0
0
152
53180.6912378303
0
0
4930
0
0
7999.94666666667
0
0
0
9252
551
1030.5
0
2417
309932
118
2397.35294117647
4313
2135
3479
1501
5563
0
5867.33333333333
5268
9985.33333333333
4010
4383
2718
3507
0
575.5
18593.3333333333
13
4872.85714285714
14914.2510288066
0
1237
2340
0
27775.3055555556
944
0
248
0
0
4955
75
5545
1050
0
380
187
3
43
0
242
6250.43548387097
0
0
3545.6
0
5527.5
585.75
47847
0
2534.5
450.5
473
104
0
220
0
0
3092
0
8644.5
4439.75
0
0
2162
60951
0
427
9770
9515.92307692308
9136
80574
0
1797
5341.65
776
54224
1018
42868.7771084337
0
1105
0
1617
866
0
0
28
0
4304.85714285714
4632
0
0
0
1687
1041
0
2534.5
22734
1519
0
89
990
2598
388
0
114
0
4608.66666666667
1964.15384615385
525
761
629
2285
91
0
0
1930.66666666667
922
5856.5
2750
2822
19225
4105.4
0
2131
3304.43243243243
1267
0
5074.85714285714
0
179
0
7255.88888888889
12432.6666666667
13
0
0
12233.3733333333
0
5215
95779.25
0
42
0
0
0
0
0
0
0
5401
11446.3333333333
2723
409.5
4881
0
85
0
0
0
3093.59459459459
6923.33333333333
192
869
0
105
0
15
0
0
1804
2965.22222222222
0
2621
7080
0
131
0
178
4525
178
0
0
2885.4
30
0
1329.33333333333
1247.4
0
760
0
1125.2
344
1107
0
944.666666666667
1442
475
13451
116
0
0
1487
0
618
694
0
2168
0
1315
6
477291
0
18413
0
0
20923.5
38888
1699
2318
1116
0
0
0
0
6647
18
263738.666666667
5638.66666666667
484
1549
0
0
0
22734
178
357
366
0
4139
1780.5
0
0
0
1791
4461.8
711
5327
1016.8
54560.1666666667
7646.09722222222
884
6327.46875
0
0
40784.25
3004.66666666667
12387
557
12417
828
153
0
7527
39196
0
0
0
0
2661.17708333333
2208
0
12
0
179.5
1489
31180
10235
0
0
0
0
0
24578.3690685413
0
6631
422
460
7694
0
0
40
797
0
8928
946.2
1230.33333333333
0
714
0
0
48744
0
1046
956
297
0
0
28734.5555555556
33
0
2493
421
0
6863.61538461538
1844
0
0
2483
0
309
258
0
6
511.666666666667
11511.6666666667
11527.25
11156
474
3879.5
0
0
0
126
1734.83333333333
895
774
384
18
1671
97
1928
339
0
1549
0
0
377
0
247058.373937677
70919.4227812718
0
2464.54455445545
1077
2655
0
0
1747.33333333333
20926.5
3591
0
1170.81818181818
7171
736
0
0
2605
612
5996.25
0
296
860
0
0
830
121
436
0
1697
0
933
1149
178
80
0
0
0
7805.82153639718
1442
5626
3356.4623655914
0
2570
5232
0
0
2824.5
6842.30769230769
485
3093.33333333333
882
0
0
4053
158
5667
0
0
1413
0
1817.5
0
3436
862
1681
0
0
3077
2358
902
0
0
106
7018
8166.91891891892
0
0
11618.9006622517
0
645
629
500
5795
0
14680.5
0
10565.2173913043
0
605
4441
0
1592
1040
0
26241
0
0
0
0
54224
10768
2698
3783
0
5770
0
6487
631.5
277
4902.33333333333
0
207
1512
511
0
748
3892.66666666667
301
1818
1007
0
0
7732
0
0
16355.6666666667
0
0
0
4594
624
0
5475
0
203
0
0
0
0
248
593
0
0
0
2702.55555555556
1028.22222222222
0
74
88
0
0
4197
2525
29372
0
0
882.5
560
0
0
0
5397.04545454546
5663
0
0
46
0
0
182
22542
1283
1234.5
0
0
1456
678
12052
0
0
257
35216.5393700787
979
0
10172
9413
15113.5
1953
5466
2234.82352941176
0
0
0
0
6608
4220.66666666667
527
0
0
1395
0
860
1361
0
4366.5
0
48862
1100
1050
0
2245
0
0
29
1559.33333333333
3013
0
0
654
0
3366
0
1646
0
245
0
0
185
286
900
8995.33333333333
17480.0810810811
0
1385
940.666666666667
358
663
0
0
0
1555
173
142
0
0
0
396
609
0
0
371
557
528
80
1794.81081081081
0
3409.15217391304
0
0
533
8172
821
0
0
0
0
16115.4117647059
4838
0
907
6631
0
290
2669.23456790123
43.2
38652
172
3379.55
286
1684
251
279
227
11091.6666666667
29596
905
0
20420
177442.2
2512.2
14876.5882352941
4
0
6647
436
4095.375
700
0
7434
17897
0
318
3041
3076
0
337
0
1413
0
0
1087
0
0
0
0
0
0
9728
4240.47222222222
0
185
2005
331
2679
0
48639.16
1382
259
0
1750
0
0
68
0
2947.5
15795
0
1761
127
3152
0
1025
595.5
0
392.5
0
0
5958.5
0
7769
0
10081
13642.3333333333
0
367
0
627.4
0
45873
1179.5
2888
0
0
2156
8842
0
0
3232.5
918
390
0
331
0
304
0
0
518
463
0
0
1886
6052.64285714286
1146
0
250
0
0
1486
697
0
6220
484
2
3654
121
27327.698630137
1383
0
0
0
821
6252.57142857143
188.333333333333
2802
1455
3237
1138
152
517
321
1014.5
557
1489.9587628866
441
66
0
475
0
11997
48
878
0
1756
9495
12123
0
0
3624
1631
1043
0
1219
0
1631.1449752883
457
0
0
0
2287.18965517241
0
0
207485
0
3612.66666666667
461
142
14603.56
0
8372.86486486487
0
3806.5
16
413
0
362
523
52
0
0
4223
1744
3932
0
599
0
9482
0
0
4
3394
521
1250
3961
0
6120.5
58
2552.33333333333
3616.33333333333
1604
608
2156
0
0
3730
2646
472468.333333333
81032.5
0
4369
0
0
0
0
0
12
5619.5
0
21342.7631578947
16277
222.5
1281
0
0
0
0
1313
1416
0
4127
1523.33333333333
0
0
131
24
0
691
0
15
0
3583
0
0
943
36
1798
4384
133.333333333333
5966
36
1585
5166.67741935484
599
2248
0
2469
3511
95
0
9326.5
0
1
1304
0
1828
0
78
1685
0
7746
784
2202
0
1043
0
1664
0
0
333
1219
1802
2
0
9239
0
0
0
0
0
5823.66666666667
1142
0
765
462
0
38257
0
0
3842
0
0
2202
0
0
2222
11964.2173913043
0
0
50
1668
0
5960.8
2167
14262
0
584
0
0
13086.1914893617
0
0
8766
0
29825
1399
0
0
0
5795
0
69
1886
888
752
0
0
1118
0
1031
0
872.666666666667
1298
0
0
6221
4051
150.5
352
6831
4223
0
0
329
787
20154
2101.75
8920
0
3802
398
3277
0
2587
0
0
0
19244
45710.5
418
0
0
9
12975.8
0
0
0
1718.6
1038
651
2016.03333333333
0
0
0
0
0
1574
3908
0
0
3624
0
13354
0
472
539284.666666667
314
48
5235
14885
3082
0
0
3082
0
0
4266
30829.25
3269
153
0
143396
0
1126
138
1866
370
0
0
22342.7142857143
8499.24727272727
0
45
1158
10247.3333333333
869
1388.5
1528.5
0
0
1170
2331
404
0
1230
818.5
0
602
1372
0
14273.4705882353
1604
6
505
0
1176
21
0
16326.0740740741
243
0
5147
4805.5
0
740.444444444444
932
0
970.945945945946
0
0
0
1157.5
1708
0
617
8290.5
7128.33333333333
100
4290
0
1580
1142
0
277
11
930
0
760
14
1532
0
3132.64285714286
0
0
0
0
0
0
1072
1568738.5
28078.6111111111
953.8
0
0
1412
1971
0
526
340
337
6785.77052238806
28323
481
338
6407
0
0
1502
0
0
0
29
301
0
219
0
102
20
327
0
108482.449275362
6337
0
262
368
222
0
1418.48
0
0
1561
0
0
829
0
700
0
0
8767
11611
1599
3293
5831.22169811321
0
776
429
0
7553.93548387097
0
1320
0
503
0
1554
6808
503
17582.6666666667
14307.5
0
3805
28
0
6647
398
733
1753.5
67089.2040816326
4715.16071428571
0
1699
0
0
856
19342
22308
0
8853.28571428571
5257
4676.88888888889
394
8601.76923076923
26717.4142857143
689
0
2009
603
0
0
5297.25
0
537
5858
0
349
4614
0
0
267
762
678
1741
0
158018.463414634
7019
0
0
18130
3
45831
6190.7442680776
2304
14396
4233
141
4376
820
0
899
657
0
1041
0
0
3771
0
785
2360
0
1696
0
381
433
151.666666666667
0
0
0
6195.03501945525
28
2654.5
0
0
0
4457
5791
541670.5
0
149
0
0
0
325
8071.33333333333
1084
999
427
0
0
3553
216
5987
288
1808.9387755102
0
348
449
290.25
473
2209
23373
2211.3
0
13297.3675213675
2238
728
0
0
7490
0
5311.66666666667
279
1086
2351.1
123869.472972973
0
2083.66666666667
1309
0
702
3806
468
0
8044.60975609756
0
4923
0
300
709
0
3757
0
0
44491.7577639752
224
476
0
45873
0
0
3845
7
942
0
308
175
0
0
1263
0
2036.5
181
4638
41
975
473.5
4956
784
9575.8
1601.25
12454
0
0
0
963
0
1824
304
528
137
278
4869
0
6974.64406779661
0
329
0
0
82
18432
0
63182.7799315849
2100
302
0
165319.035714286
8749
52007.3727272727
379205.885057471
3306
1914
0
0
6867
7843
383
818
0
924
0
666
7376.85714285714
0
17
4800
0
1464
2232
0
169
0
0
0
209
1135
0
0
267
109
0
2383
0
0
0
0
33752
1026
13
97
887
0
1067
0
1510.33333333333
0
0
0
0
816
0
486073.777777778
554
81
0
5859.7572815534
19
0
357
0
4776
112119.32
0
0
0
0
489
0
13430.2234042553
737
0
0
0
38331
0
483
264
0
0
2986
14282
0
0
0
671
0
153
2818.5
11164.25
1248
0
0
354
0
0
0
306
539.75
697
1219
642.5
1454
6555
0
578
7515
0
1418
952
1360
0
2701
2548
102660.903225806
0
0
27857
129
10933.5
0
0
496.5
0
6631
0
106
5346.4
0
85
0
0
10905.8333333333
0
0
162
2927
0
588.5
0
1304
1880.5
466
296
0
3591
0
14
0
50262.4701492537
28970.2756756757
801
0
862
0
1079
70780
140
2439.81481481481
0
181
0
667
2591
8273
2730
0
0
36296.5
22144.9411764706
334
1931
5565.75
57301
0
1084
0
671
6273.34408602151
4746
0
0
156366.889655172
0
1425
1386
0
0
53
0
0
1047
31647.6482758621
78
2048
780
948
0
0
1333
148
1571
0
0
159
519
588
0
5.5
0
370
58
0
1583
0
0
0
349
2358
1143
0
4488
5797
258
5636
0
0
4
1707.85714285714
14473
1826
31
884
1108
461
5102
1493
336563.204633205
0
10212.1666666667
0
0
185
0
0
354
0
0
147
376
0
0
39
0
3948
1778
0
0
2443
0
211
0
3144.5
2460.5
273
1422
2811.5
7502.2
0
0
0
1331
1384
18048
136969.776119403
1948
0
6409
1
2236
0
298
92976
203865.333333333
1792
2195
0
217
221
0
1171
0
0
358175.536885246
832
487
0
1410
3975
6815
0
0
1060
1710
995
1618
1823
0
10516.3333333333
6252
0
4264.05555555556
0
659
331
0
0
10049
879
0
6407
2489
269
1053
730
0
0
176
0
13635
0
290
9239.71428571429
0
24
134
955
106
3968
27
840.857142857143
6615.35714285714
0
0
768
3121
0
3823
711
0
217
341
809
0
823
220
0
0
0
0
3135.5
3159
516
0
0
206
0
0
1278
969
0
0
1554
1534930
14130
0
164
179.5
0
683
4097.66666666667
2838
0
2038
0
33496.75
0
0
0
3482
5607.5
0
1828
0
0
2065
572
1875.25
11489
2759.48872180451
0
1870
0
1034
3848
6
93
1425
0
624
1546
10516.3333333333
1367
0
0
0
3889
166
2312
0
0
0
102
13730
1458
0
624.5
1084
0
6407
0
13177
28
27370
2069
15565
1049
10004
1607
2595.0099009901
14049.5
8229.33333333333
0
5778.5
0
171
2906
0
0
56023
506
0
126
79633.375
0
2910.38655462185
538
0
0
5096
0
0
464
0
540.818181818182
0
0
0
643
1550
0
234
0
44764.75
0
0
922
2244
1674
1425
513
258.5
26923.5
433
4733.40388930441
8255
0
697.5
404
0
1504.8
0
0
0
495
806
0
0
2688.2380952381
0
420
85
0
72
340
9684
2849.5
0
9554
154
0
0
4438
1095
0
285
7992
6156
0
0
0
0
994.5
142
0
0
3336
0
496
59495.5
0
869
7600
0
732
0
6
1879
676
11066
1102.75
8855.4
1363
1238
0
9683.06666666667
0
0
1721
410
0
26627.5
0
182
0
0
0
0
474
34
0
1603.5
0
0
0
267
1659
14658
0
1056
575
0
0
0
0
0
0
15147
0
0
386
0
838
10610.7246376812
3961
4128
0
1811
224
0
1862
9340
1759
777.25
48159.5
0
228
0
0
2319
363
1103
0
0
825
388
10172
281
0
0
0
318
0
2131
0
9989
0
745
58
396
55
708
6236.01587301587
6523
0
0
779
0
0
17
1272
1384
849
0
0
85
14371.5
0
267
485
252
79
34
307
1045
0
0
210
1282
0
11493
4293.5
1248.82666666667
2630
1406
2
0
3782.5
146
58056
745
574
0
6
0
0
1847
36855.3636363636
0
21081.5833333333
6378
0
22542
0
0
1511
0
3090.5
0
11335
288
1066
0
1322
3665.08455625437
0
2197.5
1639
1872
0
51
525
2358.5
0
0
0
0
353
661
0
1285
0
0
0
5630.52941176471
0
4964.33333333333
115
0
3408.70833333333
1971
0
395
156
248
346
0
615
0
16841.0510948905
0
0
8564
1110
1292.5
44790
0
343
113
46083
2632
820
745
0
0
29
625
2089.28125
6344.1313559322
93
0
6111.5
9
0
4051
127
0
0
0
0
70
865
3508.71774193548
290
280
32
501
0
0
145
5
31121.8971722365
21
885
0
0
2045
678.5
6099.77419354839
6330.5
1001
1200
32468.6666666667
4887
3654.32934131737
706
0
0
2584.66666666667
0
350294.184210526
0
0
0
0
3745.5
66136.12
3975
727
0
3733
4354
716
0
175
18203.3571428571
388
1529
1044
0
0
14525
55085
0
3923.33333333333
0
12
0
423
0
1
1474
415
0
921
0
261
2256
671
325
1233
253
283
0
426
0
0
2903
3510
196
17234
778
608
0
0
0
0
642
0
0
19460.5714285714
232
0
404
387
0
530
0
674
1070
0
0
185
0
5610.33333333333
89
688
1869
2135
1406
843
0
0
2253
1860.25
241
0
7897
177
0
0
307105.387665198
830
568
5996.5
273
40
1370.5
59
0
52
691
0
2002
13148.4179104478
664
0
148
0
187
455
1119
1
0
566
0
311
33
53789.2875399361
2547
0
6513
10180
0
6150
0
0
0
51007.8571428571
0
14941.6666666667
642
0
5714.4
0
0
50
849
0
0
6871
437
0
1210
5663
0
666
1368
0
84
243
2385
0
731
2819
0
72
241
6504
0
0
7955.04918032787
335
0
0
0
14473
5746
0
1047
0
397
0
0
973
214
560
0
5235
1665
0
0
57
772
98
4254
1422.72727272727
4942
29
5674
0
31850.2231686542
328
0
0
1176
2988
707
2847
0
590
1416
1195
0
1268
27961
2127
0
0
1483
0
2532
0
283
1040
21155
8576.70224719101
2968.5
0
105
68026.5662650602
3226
19773
18
15
1248
904
0
738
188
2328
2524
895
3103.42028985507
0
0
1527
0
0
1416
187
0
0
0
0
0
57473.5714285714
0
0
0
5820.73529411765
0
0
2847
5994
68
32
3762
853
647
0
0
3750
0
2509.66666666667
597.5
26
2492
671
0
258
938
0
0
0
257
5585.5
554
0
13
190
745
291
2562.5
608
527
14913.7272727273
14581
0
989
2558
0
143
1560
0
0
709578.989130435
0
0
8
31180
2080
0
13
0
0
0
674
0
2802.88888888889
0
0
0
574
2925
0
0
1627
6738
0
0
0
358
0
5627
516
772896.785714286
0
7595.45454545455
747
2441.5
4367
0
821
445
0
4144
125
0
768
0
524
0
46291
909
1385
0
1347.4
0
0
16
0
0
0
6740
9525.125
679.4
175382.94
2621.66666666667
0
0
0
31
504
3132
0
0
0
12215
0
0
2
18542
3762
0
394
2812
6393
1079
0
3348.5
18
1975.5
0
0
76
0
0
444
663
0
0
33
994
0
0
319
0
0
0
5639
1151
1256
4274
0
29
193
0
0
3583
1415.63636363636
479
4893.5
118
0
0
1990.5
967
341
0
79
1789
1183
344
5993
4006.42857142857
1665.52671755725
0
0
217
402
1413
860
0
0
117
3493
0
480
0
275
1133
0
1616
575.076923076923
1564
220
0
862
1180
555.5
0
1750
2549
339
0
532
9989
93
0
1548
784
934
377605.771551724
0
0
829.545454545455
8517
1798.5
0
2943.26470588235
57
202
389
407
0
11932
0
1305
0
4253.5
0
894
1022
12357
1121
0
1560
3471
1158
612
3352
0
107
1329
0
10981.4328358209
227
0
8563
0
0
524
3651
10403.3181818182
226
16539.4705882353
0
39
0
563080.666666667
0
394
860
5829
1331
471.5
0
794
191
0
131
2703
589
1768.5
1208
0
0
3783
0
0
575
0
885.5
182
1026
0
0
6006.5
560
2051.03846153846
0
0
0
0
1436
0
534
0
0
0
452
0
0
0
340
0
9486
22420.3333333333
12.5
0
661
0
32297.9108910891
0
252
0
3405
1543
1849
0
569
0
0
0
0
0
4763.33333333333
0
188
96
533
0
1310
237
324
0
18130
0
633.75
0
9784
8488
1449
5073
66
0
0
2779.5
0
0
0
127
51693.8295218295
0
0
440
164677
13
0
810
4579.625
114
463
0
133
1723
0
0
6215.59550561798
0
0
164
0
6157
0
0
30
77
0
1780
154
1736
486
356
0
227
0
3975
163
135
0
40184
351
0
170
67
0
11
0
465
0
0
99086.5909090909
518
591.5
0
89
0
2142
1687
2163
8497
0
0
702
435
0
795
2801
0
104
0
18889
0
7217
0
0
9620
0
150112.006849315
0
0
0
24495
0
0
9149
0
0
0
22050
0
2190
580
0
3278
0
0
63
0
0
1947
0
833
34003
2021
0
0
887
707
4720.84
1339
0
0
1242
180
185
1067
972
591
0
0
94
5585
27797.8571428571
0
484
1301
0
0
0
0
1375
0
4891.22972972973
7738
0
772
3779
5688
1035
63
4438
0
0
1396
103
1644.59574468085
2788.5
1706
29.5
707
612
0
3762
0
1182412.74025974
1982
47847
1013
72
624
738
0
1312
0
8331.25
63
0
1009
776
153
118
0
8459.40860215054
0
164
3082
0
0
3076
0
17611
240
0
0
0
703
0
299
556
0
0
0
249
0
500
0
491
2807.62857142857
7885
326
0
0
0
268
0
2171.66666666667
0
671
3496
0
0
4318
36141.9090909091
1508
0
11149.3333333333
5327
191
11
797
0
40184
0
0
0
0
573.5
0
2110
2508
12378.4791666667
0
0
0
2901
632
49
0
2330.33333333333
0
0
3185
1048
0
270
490
0
10991
13
0
835
0
0
0
332
2160
2110
0
0
5573.13698630137
0
169249.28
283
1733
1560
0
777
1127.125
0
7294
852
830
0
1307
564.823899371069
665.5
0
313
486
0
0
41137.5
327
0
4563
0
3755
0
456
442
0
48
628
480
5555
0
3762
390
0
0
1874
853
908
11997
49
564
60278
652
645
0
0
0
201
2403
26855
0
0
196
0
641
0
0
0
398
0
2447
3610
373
1524
465
580
5769
0
16
12122.9649681529
0
11380
2434
0
5228
0
13001
1810
0
119
11037.8666666667
301
0
0
400
0
6494
0
1034
414
4320
0
0
1398
91643.4615384615
0
474
233
0
0
8203.5
57193
6907
0
139257.347826087
0
671
0
0
505
2925.45360824742
457
8877.5
0
721
1556
62
1885
61
0
0
104
994.167682926829
6103.72413793103
5763
0
948
27024
258
0
0
4854
0
0
0
38
1754
0
3623
0
72
0
3351.66666666667
0
0
13635
330
0
0
243
0
4168
0
0
2315
1666
0
3229.65853658537
397
4258
2011.22222222222
0
0
0
5490.5
0
89
2796
0
152
838
2690
3072.01851851852
0
367
1774
526
33418
108
692.428571428571
253
265
1047.33333333333
1703
0
0
0
0
55
5135.5
4138
0
207485
3403.08910891089
12526
184
26174
1416
0
2678
0
0
0
700
3125
29417.5357142857
0
3132
763
0
0
55956.2561576355
273
38427.5580357143
1041
1331
677
495
0
0
4584.67741935484
0
0
0
0
152467
27
0
3704
0
0
0
66
0
7078.5
2426.66666666667
0
1382
0
675
2509
1680
2779
4329
429
134
5580.64130434783
6812
0
1420
5294
840.571428571429
0
0
4105
0
2806.18987341772
104
10580
1421
2493
1054
404
0
0
0
1683
7752
154
0
3350.75
0
4450.5
0
0
0
2464
4917.33333333333
0
0
0
0
0
140
0
0
5431.46315789474
1142
1905
0
14753.7755102041
1809.91304347826
0
12015
324
2271
1387
13649.5
0
119
0
0
529
343
3260
0
0
0
0
0
0
0
3897.6
0
0
3097.52647975078
614
0
2013
0
0
928
671
476
0
0
98974
0
0
0
0
0
1492.04663212435
0
0
0
83
662
164
2725.15
337
0
3152
0
11632
0
0
0
4087.44444444444
13650
809
978
0
0
628
1555
0
1348
328
105
26280.376344086
0
780.5
342
156
9
0
0
4160
0
213
2390.74193548387
313
0
431
156
71918.2424242424
5754
1617.5
6430.66666666667
796
451
0
38
128
0
0
0
681
0
0
0
0
0
1520
0
7746
0
0
181
0
10753.8787878788
50
0
3136
3017.5
214
646
0
4162
796
3
12
119639.013513514
6453.66666666667
720
0
0
3284
16966
0
0
856
0
0
4422.75
1933
1470
258
0
19812.5
3456
0
724
956
848
14640
157510.628571429
43
0
156
0
0
0
0
0
0
2784
294
0
73
2982
1112
8401
0
375
987.5
0
0
0
0
0
38
0
147
298
246
0
0
233
0
1210
0
896
0
5
1490
0
757
3631
0
22734
10265
0
0
0
400
5173
18248
0
0
1541
1509
25
0
1792
338
0
0
0
2631.72727272727
8870.5
0
0
37962
0
0
0
0
1101
938
152
0
0
0
4979
3689
947.833333333333
0
2512
0
18212
1794
708
5002.02459016393
477
0
4
480
0
0
2087
1044
5661
471
0
0
0
0
18459
21
697
3878.85333333333
0
956
0
72826
785.516455696203
644
4105
0
1614
3678
1614
4175.5
488
221
330
412
0
0
0
7777
9242.5
950
0
0
0
40
0
0
140
0
2753.5
0
0
451
0
0
1197
267
2032
1830
2051
2852
11997
0
2329
8241.5
339
800
1525
36859
0
32
0
9434
66
1093.5
925
0
303
2478
72
714
0
2058.85714285714
592
10362.6666666667
219
374
2156
1198
2323
209
0
14263.2048192771
423
54
32835
0
560
319
0
9
633
0
0
1481
172
0
0
0
2429
230
2011
57
0
0
1913.05555555556
18984
2845
5545
422
0
1686
475
1476
0
0
874
0
0
463
2085.5
1371
595.666666666667
0
7129.90566037736
50
1040
93
1135
1684
156
1856.09090909091
1076
0
640
0
3331
2619.5
0
685
261
0
336
0
3615
0
0
8614
3352
0
0
13714.9090909091
675
269
3
0
37084.5677083333
913
32
0
2215
8584.65942028986
0
62
0
1098
7958
1271
0
0
46
832
267
28
578
0
1288
0
362
772
101
8873
0
0
0
0
1614
114
599
0
2217
2729
0
12
2896
0
0
134031
0
2289
3820
3087.5
0
0
139770.857142857
0
745
0
505
4045
772
2837
186
0
1350
268
0
56
0
0
1375
0
331975.343434343
1165
132
0
404
0
446.5
2202
0
8109
0
12694.5
248
5796
0
1501
0
0
128
0
1068
0
0
1859
0
0
0
6113
0
0
0
0
1127
0
26507.5
6
17260.8
94066.0847457627
104
0
0
5824
11260
115
2135
708
0
0
113
0
0
0
0
497
224
0
0
1
1770
1882.96078431373
674
638
5610
57117
0
806
2661
197
0
0
8826
6919
0
2833.5
0
0
121180.391304348
3632
4598
247
87
469
0
180
1043
0
1729
1242
0
0
716
318
0
4451.15384615385
62
0
16347
0
0
0
984
0
0
0
1739
6526
1519
0
0
1182
0
973
761
268
0
0
2938
5131
576
0
0
0
0
0
0
20305.1333333333
0
439
155
63218
0
0
0
253
159
3762
1079
3740
449
255
0
566.333333333333
2163
31
0
1667
0
0
126
1018
339
0
0
0
247
82
0
6302
509
0
358
7185.23790322581
0
0
89
0
522
1785
0
903
1506
0
0
6170.07317073171
54
837
0
0
7849
720
0
302
57
2119.75
777
212
4006
0
0
0
9238
650
5096
0
1631.54545454545
0
2698
27996
0
0
0
8563
0
2961
0
0
1464
0
0
0
7917
63
279
467
1430
2043
474
745
0
0
0
697
84855.7058823529
1003
0
1394
35300.6666666667
0
0
0
26010.5736434109
429
0
25263.7142857143
18650
300
1547
2007
0
50
0
10810
0
4218
0
218
0
0
1819
39022
385
0
0
3812
0
38443
0
161
0
0
0
277
0
0
0
258
1881
11878
0
4708
0
3076
24011.525
614
177
928
1657
1931
6152.45945945946
0
0
1399
2141
0
0
1626
2131
0
5
0
0
0
671
794
0
0
267
1894
0
0
58825
0
801.5
120
3545
72263.5
0
0
400
0
153
178
23621
318
283
0
0
13574
134
6259
334
870
1054
0
0
0
0
0
0
0
114
564
0
1924
4333.5
0
981
0
0
0
0
2492
2075
251
0
1930
2329
937
0
3076
22
0
0
0
0
64
1275
0
146
0
0
973
0
1343
472
3762
1
0
1144.19672131148
600
77
21509.4457831325
0
0
0
0
38257
163425.096774194
0
0
4223
225
9169.42857142857
57
470
240
0
6303.10869565217
7656
697
2489
2272
466
0
20117.3472222222
0
12
0
1253
0
7019
1087.5
0
0
1485.5
747
3
0
474
1267
0
497
0
2548
474
108
2852
0
0
546
92130.7601626016
0
906
5180.76923076923
270
148
13567.96
8430
29
0
476
1015
0
0
671
633
0
0
1704.5
13437.5
185
0
9046
0
777
0
11083.2452830189
1253.5
0
0
0
0
3867
1628
989
3240.58823529412
25323
10016
0
112
12
0
0
2214
20420
0
0
4151
0
2144
811
302
1708
0
1613
2977
608
9133.02127659574
167
3957
0
46
0
0
286
0
415
1007
0
1
3772
0
436.625
340
1274
149
850.5
80
0
2974
5
2304
11725.0793650794
10500
0
0
11
16
0
22779
14
7328
587
0
15
1274
553
2811.16666666667
286297
18048
800
49342.6839622641
0
0
111
4372
0
0
0
0
0
0
0
0
88257.3333333333
9
1122
0
758
147
10205
0
109
0
0
5463
2731
2991
3587.07333333333
180
0
1763.91666666667
1766
768
0
0
924
395
0
2590
258
0
0
3
56084.2894736842
1255
635.181818181818
0
340
5236
10912.5
565
1840
0
829
0
395
0
3021
1305
9079
0
0
351
0
785
78
600
0
3119
0
1262
0
1931
70
0
1267.8
1566
0
0
1684.5
0
0
4372
0
8
0
82
0
4667
0
1856
0
2624
603
0
481
5135.5
965
0
0
0
8
2988
707
3984
481
0
260
1226
0
0
2974
4831
397
0
1133
85
3075
10515
745
599
690
691
0
283
0
316
4256
0
0
0
3774
0
0
8287.66666666667
127
0
4563
0
50
4217
639
7581
120
0
2448
1923
1568610.75
11692.5
0
0
0
77
651
0
0
369.5
2898.93900414938
0
1693
12655
859
0
15592
851
1667
0
37
0
0
0
22542
257
1247
567
262
471
591
0
0
2248
0
578
0
18
6757.27835051546
5355
1552
228
1030
3100
246
0
0
385
1181
0
0
280
0
2087
155
4534.16153846154
39134
12869
0
107549.617021277
0
1040
0
2448.4
0
0
184
38335.127388535
25850
0
0
58488
0
6843
4087
17669
137
1372
0
0
57115
478
0
0
0
0
885
918
29308.96
270
24230
0
3303
0
59
685
0
0
0
0
30053.1576846307
11
4105
0
66
0
1571
0
370
1255
0
0
0
0
219
0
0
0
0
1885
956
0
699
536
547
817
0
0
401
0
570
0
984
0
0
527
2381.61728395062
11713.5714285714
180
0
2084
6494
12101
0
1609.59090909091
0
219
5303
0
44
0
0
0
595
398
0
0
22172.15
0
0
1206
0
1884
0
681
1761
1153
0
1176
0
44281.9770114943
0
1100
13622.5
0
0
4845
0
759
259398
171
491
849
0
51397.6363636364
192
2313
385
0
3269
1580
0
280
1836
2423
1778
2459
33116
2996
299
698
6406
0
764
921
1132
0
1714
0
464.5
0
16491
0
1709
3057.64
37494.6585365854
0
0
4890
0
1527
474
0
828
550
0
0
4050
0
4542
2144.33333333333
321
0
24101
2903
40
0
543
0
609
2740
0
0
3432
357
0
0
144
123
123
0
77
1525
3415
3075
1460.16666666667
0
154
1797
528
0
144329.388535032
72
1623
0
0
468
139
0
3195.5
0
2925
0
0
0
451
8024.33333333333
3820.25
0
0
1075
5470
0
0
777
451
566
0
4594
3
38940
45
0
204521
0
0
671
0
5424
299
36
4468
1889
4243
0
0
0
135
0
171
215
54
0
0
0
2655
562
324
0
11247
133
7840.91666666667
4
0
0
0
93
1458
862.5
2199
1248
0
5496
1515
0
1262
12101
339
31341
758
0
8760
12052
352
0
11241
1251
0
71
0
0
0
0
172
133
0
5338
0
0
353
0
0
229
0
370
0
0
0
518
0
0
4602.11111111111
0
733
620
30061
0
255
8946
1411
0
0
0
0
3381
0
672
0
47847
0
0
0
716
12052
0
669
0
687
86
0
0
1102
0
263
0
0
0
6967
693
0
1548
0
2351
3456
529
0
2932.5
163
9252
2109
0
1246
0
15712
1750.13157894737
0
336
0
676
0
614
0
994
0
4090
0
0
614
1361
0
0
0
0
0
840
102
21
0
516
1223
0
364
3493
0
73
3684.5
306
846
0
433
0
890
3750.22033898305
0
290
721
0
1463
2262
0
257064
0
339
0
0
848
20526.375
0
0
1651
1509
636
612
0
286
820
794
4376.34666666667
0
0
1717
0
0
0
0
210
32
799
1778
0
1143
94
3235
537
0
0
0
605
1513
894
5150
12833
742
257
467
218
0
6524
560
455
974
93236.3333333333
0
0
40184
36656
1724.5
0
328
71181.7793103448
0
0
59
450
369
3433
0
0
0
1882
7624.5
640
0
68
0
0
5823
4624
1
0
0
9857.2
554
0
0
1551
6874.82352941176
2384
228
12664
2509
405
474
20
413
6731
341
0
1457
0
985
134
0
6293
0
763
0
345
0
1917
12655
0
975
3247
0
2662
1604
0
0
365
0
6058.64285714286
7111
11565
0
374
735
532
0
8
3432
1902
1240
0
496
1238
2075.5
7656
0
0
32
0
772
0
325
3802
0
5980
6293
8839.2
0
0
0
0
1915
486
112
1284
0
0
4147.5
7
0
772
199
1260
327
0
1227.6
0
276
129
1067
0
5432.125
2633
804
831
789
1583641.66666667
0
0
876
0
4595
28
0
0
0
0
314
283
1481.72727272727
92
989
554
1474
247
22595.1428571429
0
1081
459
3762
3033
0
172
373
0
211
0
0
904.346153846154
0
87
0
29
0
934
0
3303.41509433962
2971
521.666666666667
0
0
0
841
0
43186.75
2551
1785
0
746
0
434
140
910
0
1005
0
0
385
0
2120
0
1360
0
0
1295
269
19059
289
3884
399
0
0
4097
1138
880
6919
0
0
109
0
0
0
0
493
571
796
173
3227
0
0
600
0
0
0
8117
0
113
0
0
2946
0
776
0
0
4418
0
1236
227
271
18
97
0
0
0
0
1738
800
960
0
242
0
0
4572.24193548387
2257
1215.75
478
248
0
0
41
0
0
6539.05813953488
9922.50119617225
0
1695
688
1456
31
0
448
1521
251
0
2453
382
1533
1564
6720
0
0
33
571
0
464
0
0
352
39
0
325.333333333333
0
657
0
0
2487
120952.896103896
0
0
2760
0
0
247
0
0
748
0
0
0
410
4412
604
768
1185
0
0
0
0
996
621
0
1559
66
334
0
1751
0
0
379
0
271
93
575
4140
0
994
121
440
2435
0
2501.07407407407
2127.11320754717
0
228
0
0
10270.724137931
0
2100
4187
156
0
0
0
1654.28455284553
7316
0
283
6780
0
0
0
0
737
0
0
325
581
0
374
520
0
9903.26666666667
994
0
0
185
0
0
0
19870.75
623
1289
0
134
96
0
431
0
0
0
189
5995
987
0
0
1990
500
1707
0
1740
324
213
7744
702
17903.4166666667
436
17
0
2943
1416
1954
0
0
2534
1641
0
3493
112
0
8
0
2016
0
0
148
0
0
1512
0
781
0
313
15525
562
45
0
839
3103
102
85
3665.20833333333
1651
1196
2323
0
0
0
0
382
0
419
0
857.5
0
657
0
1066
154
422
1616.69230769231
2523
0
151
0
918
175
0
1539
96
2852
430
0
0
0
164
0
51
0
2948
0
40
603
0
0
117
64451
0
4600
6130
0
755
168
1561
3884
0
0
0
31
72
0
4150
0
463
994
69
267
0
270
0
497
51
3827
0
332
0
880
2507
298.5
0
0
0
0
642
0
375
0
0
582
3296.61538461538
225
154
325
1404
314
178
1027
1068
0
7
761
566.5
2190
98
387
7895
0
3084
0
0
5627
1118
0
165
5900.8843537415
521
1439
645
78
0
0
0
376
22038.947753396
0
0
143
160
1219
2348
1217
269
652
953
0
0
0
5472
147
29
404
667
1928
77
396
21185
1246.70417422868
956
2102
0
1589
1745
0
1428
3075
436.5
4044
60
0
1077
6781
0
26
4883
77
1831
95
2226
247
3750
359
0
0
0
987
7212.33695652174
0
306
0
2859
288554.393939394
21527
0
0
2076
0
14
1460
32827.9166666667
57
3290
0
0
1088
0
0
1746
1049
1677
2221
0
962
1061
613.8
507
1191
1395
0
319
0
0
0
0
2004
0
98289.9047619048
2104
0
1103
0
0
0
0
3004.125
1306
57
134
483
458
201
1089.33333333333
0
6430
3199
0
598
0
0
337
398
0
142
0
0
72
2001
0
661
111
0
0
1056
178
0
58
81
1489
413
0
0
0
3570
0
70942.25
1680
1437
0
178
1107
0
525
2041
492
1626
0
0
4500
0
0
88
746
0
370
1717.51960784314
428
0
512
0
1459.5
0
0
0
1086.5
592
4120.14838709677
430
0
0
86
0
8691.5
3219
1049
0
0
0
0
1314
0
69
0
2504.75
0
47
0
42
0
329
281
2122
58208.7394366197
60
1827
23931.8428571429
1757
3958
0
0
258
0
2177
0
448
0
0
293
8203.5
1564
454
0
0
0
308
4273
248
1313
0
667
21250.5694444444
8565
48966.1111111111
252
1334
102
286
0
79
11965.7733333333
1073
0
0
0
858
16
380
0
6268.81818181818
1652
155
0
0
2382
0
245
148
2218
0
0
710
160
7624
71065.1142857143
0
130
210
0
0
186
30
1631
0
1064
0
0
2317
185
0
2828
635
0
74
0
752
1068.11111111111
0
39
1169
2223
2094
3499.5
124
0
182
7116
872
0
12498
558
72231
0
171.666666666667
359
3090
0
2591
0
29
43301.5
1688
0
5376.20437956204
258
0
293
137
81711
0
0
2430.09523809524
0
2178
0
787.333333333333
14898.52
7895
0
0
1090
0
893
474
474
4
667
1735
2192
17931
1752
2561.82352941176
1262
9359
374
0
973
87
0
257
1331
26751
839
0
627
0
0
0
0
0
0
0
446
0
0
0
14
0
0
264
0
238
5
0
2291
0
0
379
0
5349.16666666667
0
1280
0
0
1635
6477
1382
0
0
171
0
68
0
0
33
13547
353
1820.71739130435
1351
2214
3762
0
3862.82978723404
0
0
0
398
92328.25
0
986
0
45
2298
0
5087.83333333333
0
203
750
0
0
0
0
679
616
0
1579
6647
1470
0
706
16484
30924.4090909091
1405
33
2292
0
1571
0
671
0
0
0
0
286
44
3925
0
463
360
0
10190
0
0
0
2954
0
0
273
364
477
238
2578
1737
50
729
0
0
386
1744
10002.3333333333
734
0
0
101
370
0
3235
1918
1194
0
280
0
1304
0
115
83
1038.5
31928.4333333333
28561
0
4378.40909090909
0
0
503
279
1106
348
0
4657.80487804878
0
834
468
158
0
0
698
0
57045.7272727273
0
2304
0
6213.5
2338
2200
284
335
0
693
0
646
0
330
818.461538461538
0
0
164
13831
5459.38709677419
395
482
6998
1446
852
4068.05263157895
75
863
3636
2291
264
2052
0
3731
861
0
0
0
3274
0
694
211
141407.857142857
0
17
263
94
1780
1559
0
235
0
830
869
2596
1770
8970.125
0
0
1393
0
0
0
772
1487
471
1923
3476
0
0
623
0
0
2126
0
681
0
0
370
44
0
0
584
86
72826
0
1733
426
1061
3426
434
274
3507
1449
403
0
0
4424.9375
84727.2156862745
0
1415
0
164
1567
243
318
752
15814.125
0
0
851
0
0
8882.93883792049
0
0
115
0
2874
0
0
11611.2307692308
0
0
131823.88
215
220
109
4318
0
3080
0
126538.304347826
837
1591
7250
0
4461
0
0
12
818
10426.53125
622
671
2283
0
768
23
377
2116
5102
1459
0
0
0
0
14859
0
0
0
0
1421
0
0
446
684
0
987
106
0
21041
1649
110
1128
7405
0
3096
200
50
2661
611
0
0
0
272
2348
821
0
697
0
695
526
6867
0
0
6170
3863
0
0
4918
10549
0
0
0
2291
988
0
538
835
0
126
85
42
1845
0
603
7046
0
0
1318
0
16389
1331
0
0
0
185
1923
1397.65217391304
3061
0
0
0
0
0
658
2623
0
0
0
0
383
0
117
493
0
136
987
1914.66666666667
0
1735
0
0
0
0
359
709
1452
595
1978
521
155
6221.23333333333
335
0
0
202096.133333333
0
10637.3636363636
0
0
537
39
0
486
21517
0
0
0
1465
0
6894.3
20531
0
0
0
1756
18
262
56643.9842931937
1293
48765
0
127
7887
242
628
5305.37168141593
63
0
25124.768115942
0
0
3075
389
0
1687
0
0
0
0
6274
0
0
6719.73076923077
8882.5
22542
27960.6
428
379
0
100
492
0
0
684
0
0
0
230
99
10962
2578
0
1091
0
0
1424
1289
0
0
50
0
331016.924460432
40
0
0
0
0
0
506.75
56
786
0
30799.75
0
133075.619047619
0
105
0
2213.30769230769
761
0
1039
180
0
0
398
1007
0
31180
72
0
4055.16666666667
220
75
0
130
17475
0
0
462
423
0
0
1
0
102
146
0
6335
0
6
0
1331
0
0
500
0
4861.42857142857
620
2141
0
0
0
0
0
1845
427
12728.3138686131
178
0
1246.08695652174
25
0
11380
320
2032
45014
194733
0
11728
0
241
1070
1565
1466
3117.83333333333
7174
1630
13556
5809
44
450
5428
371
27
10004
0
620
0
0
0
4311
0
0
2940
0
0
2483
645
934
71528.3333333333
877
235
384
977
32
656
37
442
1527
260
83405.4090909091
1519
10372.2834645669
329
0
142
0
0
0
0
0
538
353
0
2377
0
825
1751
0
934
0
1460.5
0
688
4958
0
1146
1821
0
2977
0
0
329
23
2945.64545454545
0
1064
642
2055
197
136
998
0
5101.53846153846
938
1468.5
0
0
761
552
0
227
11178.3333333333
0
3
164
0
36
14
4542.33333333333
4
0
0
994
91
0
81836.75
0
1839
0
761
752
0
271
7893
477
3256
0
350
0
0
2304
0
458
0
88
120
11441.7254901961
0
0
1898
0
0
0
0
2216
2999.5125
671
2004
0
9252
0
1382
0
880
0
4477.94579945799
13439.375
1145
346
1553
0
4896
0
0
0
41
990
447
3750
586
454
0
133
684
729
781
174
355
0
0
0
1000
0
0
197
0
165
0
55724.25
0
3406
0
0
0
0
0
778
10330
0
0
10894
0
0
34
0
178
335
675
0
0
3507
0
0
0
222
0
1724
0
517
0
5104
3835
0
0
0
327
455724
9
0
0
0
0
0
93
44738
0
398
0
51127.15
793
0
934
738
434
273
0
3446.68
0
0
0
574
16599
11
264
0
178
216546.182989691
0
6131.94845360825
69255.85
1298
8824
0
1123
0
0
0
0
3030.07692307692
142014.666666667
7295.12820512821
339
0
2508
0
0
550
0
158978.8
0
91
104
2416
2987
0
0
472
1466
0
0
29
1934
2495
2216
0
0
933
13565
0
0
161
0
0
670
45
400
0
192
3012.5
0
0
203
0
723
1241
18212
15
1805
0
0
5993
1681
46
1581.98924731183
0
0
0
0
17769
191
169
1445
81
422
1247
4237
4860
0
3
3215
20265
0
0
705
0
115
2531
0
0
14726.9489112228
4265
1738
0
16456
0
8369.40136054422
6456
0
7401
0
0
6489
0
329
0
1172
650
0
1043
39
2902.23076923077
4940
0
45
0
6293
6557
6116.21978021978
819
1161.5
0
179
821
0
1116
0
0
0
0
8524
822
0
361
622.704918032787
58321.4895833333
0
211
329
0
708
0
917
17250.2209302326
919
72
3075
91844.125
0
55877.3410852713
0
0
5361
0
222
0
641
243
438
0
0
0
244
0
0
842
3360
3762
646
0
0
0
3129
0
0
0
0
819
0
229
2394
514
6999.33333333333
259
226
0
1719
2092
3933.90804597701
633
805
1896
0
0
455
1410
1107.5
0
721
5771
681
0
5375.46052631579
1549
0
0
0
4787
373
559
2662
5629
83
625
0
1340
38
0
1938
0
621
0
97
400
1892
0
0
0
7276.2
234
0
6490
0
2151
0
142
0
0
691
8195.42857142857
1228.41666666667
1447
358
1164
376
123.833333333333
0
0
0
116333.666666667
571.75
121.076923076923
0
0
101669
32499
0
805.916666666667
4711
5012
32
859
0
341
0
12251.6666666667
0
109.142857142857
971.555555555556
0
0
2554
0
10949
2978.15384615385
6997
0
87787
0
57
0
0
770.666666666667
78737
139
3452.88
4903.77777777778
0
0
0
1290
0
7
1598
295
269
78958
18062
473
0
0
0
9505
0
9043
0
0
0
0
0
0
0
177
7642
0
3509
2665.66666666667
4140
6026.90625
24546.7272727273
562
0
0
2122
339
34738
1009
0
0
0
269
269
4120
415
952
44
0
468
0
951
0
0
295
1313
0
3288.77777777778
0
9001
1038.1
27670.5
65
365424.382352941
0
0
0
1707.4
0
0
0
543
32171.6666666667
4990.5
0
1335
390
548
0
0
0
548
0
1453
0
0
461
0
0
17029
0
81711
30558
4692.25
46.6666666666667
133.25
0
248
190
23875.6
56132
440
0
0
46.5
27
0
0
0
5410
0
62
0
0
0
38257
1076
0
0
0
0
0
0
1979
0
52
56.5
6967
175
0
2775
5549
0
0
0
0
0
0
743
0
0
0
1657
3010.5
222319.793103448
585.5
0
0
0
2397.5
0
3489
461
0
400314.193548387
0
398
573
0
55957
0
0
134
105676
453
2202
18666
0
6483
0
0
0
0
108108.890410959
0
361
0
0
0
1305
473
484.5
919
15829
339
78
0
0
13128
0
0
1328
0
25
0
0
0
4639
1759
2259
0
0
0
0
398
2218
0
415
2684
0
2235
55
0
0
0
185.333333333333
0
6014
0
3833.27777777778
0
0
0
0
14085
0
0
0
0
1819
2206
331
0
0
0
0
0
0
0
14593.5
317
54
0
15257
3625
27
18
398
383
0
551
0
0
55635
10326
0
0
0
339
4
285
281
0
23530.5217391304
0
0
0
29
2373.33333333333
115675.530054645
0
2081
0
1217
1608
3686
0
97.6666666666667
0
0
0
0
0
87
0
1332
380
2493
102
0
193.5
0
6306
198
0
994
0
3360
0
295
7130
0
811
2274
588
0
1170
0
0
0
0
0
0
0
24
0
0
3939.4
0
0
3873
1912
213.666666666667
0
14820.1129877694
0
195
50.1428571428571
20154
0
0
32
6532
681
0
339
0
0
0
689
1964
0
10
0
0
386
0
0
0
0
0
339242.5
0
0
0
0
0
433
64451
3291.2962962963
946
0
388.5
5305.16666666667
1308
0
4270.35211267606
32246.5
180920
538
427297.307692308
0
2471480
0
0
0
221
0
0
0
0
0
0
2386.5
0
0
0
2272.5
0
24226.275862069
2911.66666666667
0
121.333333333333
0
0
16.5
0
0
2540.42857142857
0
0
64451
10911.0833333333
1142
585.452830188679
64451
0
3875
0
1169.4
389
2111
0
0
0
0
0
153.714285714286
0
0
0
0
0
0
0
0
0
0
0
0
1579.83333333333
2688
200.333333333333
0
0
319
0
741
0
0
141
0
3636
11416.8333333333
0
1979
0
0
0
0
0
0
886
0
0
0
14.3333333333333
0
6427.92307692308
134426.230769231
18230
1273.5
0
0
278
59827
0
869
0
0
0
0
393365.666666667
0
0
0
0
0
0
0
0
0
361721.666666667
460
0
542
19367
5125
0
0
0
0
0
0
0
0
0
0
0
0
3751.75
691
0
16277
18729
0
0
0
0
0
0
0
3198.12903225806
291.428571428571
4529.25
910
0
0
0
0
1149
0
0
0
0
0
49
0
4523
1277
0
0
0
3675
759.428571428571
450
0
0
0
0
575
0
0
0
0
0
0
0
0
723.5
95462
2191
8171.83333333333
0
0
0
3475
0
0
0
0
0
1161
0
1289
0
0
0
4076
203.833333333333
0
0
1155.5
70363.8
0
8011.33333333333
0
0
353
1612
635.333333333333
0
0
336
0
0
0
102
13018.75
0
48
0
331.6
0
0
0
0
2318
3509
0
0
0
0
0
0
0
0
1083
0
0
0
0
0
0
0
0
0
0
3664
0
0
0
868
19155
197502
80040.1395348837
3636
0
2372
0
0
0
0
1224
0
0
285
0
0
0
0
0
2087
6997
6967
9
6486
0
0
6898
0
0
855
1979
0
562
0
0
0
890
0
248
0
0
376039.666666667
0
0
0
0
314
0
0
0
0
0
0
0
0
0
0
0
8542.83333333333
0
3831
2840269.5
0
0
0
0
684.5
0
0
0
1389
0
0
0
0
0
0
3712
0
64451
506
0
0
0
0
6618
0
497
0
0
109
0
0
600.666666666667
1535
0
1113
0
22982
970
0
0
0
0
0
0
0
0
0
0
0
0
1004
28859
0
7311.5
6074
0
0
0
0
0
0
0
0
0
0
875
0
1513
714.5
0
0
0
0
0
0
0
219
8194
0
0
0
0
0
0
0
0
0
0
0
0
0
0
0
0
0
1161.5
0
16
15769
0
5971.5
101137.531914894
0
2155
0
0
0
0
0
0
0
0
0
5873
0
0
439
238760.6
1813
0
42009
7
0
0
4
0
0
1442
0
653
0
0
0
0
0
0
0
0
255
4231
0
0
0
6610
0
0
0
28859
0
0
0
0
0
0
11.75
0
0
0
0
0
0
0
0
0
0
0
0
0
0
298
0
0
0
0
0
0
994
3942
0
0
0
0
40245
0
0
0
0
0
0
0
1582.5
450
0
0
0
0
0
0
0
0
0
254812
0
0
0
0
11957.25
0
0
0
0
0
0
0
0
444995.9
1166.83333333333
0
1907
0
5203
464
0
0
190
0
0
5143
1047
0
0
0
0
0
0
0
10623
6587
0
13142
0
0
756
0
0
0
0
0
0
0
0
0
0
0
6262
0
0
1751
826
0
0
0
0
0
0
0
0
166111
0
0
0
0
793
0
0
0
1172
82
28028
0
141
0
0
0
0
0
3061
0
8350
0
0
0
0
294
3861
0
0
0
0
0
0
0
0
519
0
9748
22734
0
16567
0
0
0
0
0
0
0
0
0
0
1339
0
0
0
0
0
0
306.75
518791.5
0
0
0
0
385
704224
0
0
0
0
0
0
0
0
666
0
0
0
0
0
0
886
0
6486
0
0
3765
0
0
0
0
0
0
0
0
0
0
0
284
0
0
6915
0
0
0
5294
0
0
0
0
0
624
0
0
0
477291
0
0
361
0
10972
0
2632
0
150733.803278689
695
0
5369
1066.25
0
5194
0
0
0
0
0
0
0
0
13364
80
0
7371.2972972973
0
0
0
0
0
2139
0
0
0
1089
0
0
28475.0735294118
0
0
0
0
0
912
0
64451
102
0
0
0
5632.5
0
0
0
0
0
0
0
0
0
0
0
0
0
0
0
0
0
0
0
0
2118
2096
0
0
0
0
0
64451
0
183
0
0
0
0
0
0
2040
0
0
0
46965
2544
0
3168
0
0
0
0
226787
0
0
0
0
0
0
0
0
1172
0
0
0
0
0
0
177
3875
4645.76923076923
0
0
3514
0
0
0
0
1277
5283
0
0
0
1210
0
0
48348.75
0
0
0
6074
0
139
0
0
0
789
0
0
0
0
116830
0
0
0
0
6494
28859
0
0
0
681
937
0
0
0
10855
0
0
0
0
0
2531
0
0
0
0
0
0
0
0
0
0
0
0
0
3632
930
0
923
0
0
5042
0
0
0
0
0
0
0
0
0
0
0
28859
113
0
0
0
1172
0
0
0
22887
2613
0
0
0
2901
0
0
0
0
0
50
0
22734
0
0
0
0
0
1105
0
0
0
0
396
0
0
0
0
0
339
4262
0
2208.5
0
1647
0
0
0
0
0
0
7716
0
0
0
0
0
0
0
0
0
0
0
0
0
0
0
1172
0
76673
0
0
0
1848
0
0
0
0
0
0
0
0
0
2988
0
0
6423
0
957
319
0
0
0
17897
0
4986
0
6915
0
43
0
0
0
2008
1431
0
0
1317.75
882
0
0
0
0
0
0
0
519
0
0
4919
0
0
0
0
0
1979
0
0
0
43310.3333333333
0
0
0
0
722202.118644068
3765
65482
0
0
0
0
0
0
14138
0
0
0
0
0
0
0
0
0
0
0
0
0
0
0
0
0
0
0
0
1664
28561
626
0
0
0
0
0
8184
0
0
1267
0
1277
0
0
0
2527
0
0
0
0
0
0
625
0
651
1713
0
573
0
0
0
0
421
0
0
0
0
0
0
0
0
442
0
0
4661.5
2094
0
0
0
0
386
0
0
0
415
0
459
0
0
0
0
0
0
474
0
0
0
1064
0
670
0
3636
875
0
269
0
0
0
0
2135
0
0
56370
2069
1859
4
6879.0262295082
1502
0
0
0
296
0
0
0
26623.5454545455
0
0
0
0
947
0
0
0
0
0
0
0
864
0
0
0
0
0
42856.3333333333
0
1296.14285714286
0
610
633
0
0
82715
0
0
0
0
39222
6825
0
0
963
0
153
0
3016.81818181818
0
0
0
0
580.5
0
0
11336
0
1827
0
0
0
0
0
35627
0
0
0
0
0
0
0
0
256
0
0
13609.6666666667
0
0
0
944
0
0
0
0
0
0
1703
0
0
0
0
0
0
40
0
0
0
0
0
0
1053
64451
19966
0
0
0
543
0
64451
0
0
0
0
0
1691.5
0
0
0
0
0
3765
20397.7777777778
0
627
0
0
0
0
0
0
7897
0
0
0
0
4382
0
0
2491
0
22734
0
0
49
0
0
0
0
0
0
0
0
0
0
0
0
0
0
0
0
0
295
203
16102
0
0
0
0
0
0
0
0
262
0
0
0
0
0
0
0
0
0
0
1268323.16666667
203
450
0
593
0
0
0
0
0
3362
0
899
0
0
7324
0
0
1511
0
0
0
0
0
0
0
2930
0
0
0
1158
0
296
0
469
447
141
6946
0
0
0
0
0
0
0
0
0
0
0
0
0
40
0
0
0
18542
42009
0
0
0
0
0
885
15352
0
0
0
0
0
0
0
0
0
0
46578
0
0
2890
0
82
0
0
0
0
25537
0
0
1350
0
0
0
0
0
355
0
5300
0
0
0
0
291
0
0
0
0
0
0
0
0
0
0
0
0
0
2512074
0
320
0
0
0
0
0
0
0
911
0
0
0
0
8547
0
0
0
1172
0
0
0
0
0
0
0
0
0
0
0
0
0
3703
0
0
3703
0
1277
0
0
0
0
0
0
1220
687
1318
0
0
0
0
0
679965.666666667
309
686
0
0
0
0
0
0
973.333333333333
28
0
0
0
0
42071.1428571429
0
0
0
0
462
89311.7866666667
279
0
0
1354
477291
0
17795
0
0
0
0
0
179
0
1583
1140
2122
0
0
0
0
3151
0
542
0
0
0
0
0
4
117
0
0
0
0
8184
0
1547
0
0
0
1505.5
0
0
269
3352
0
0
793
0
2177
0
19966
0
0
1317
0
0
814
0
1277
0
0
64451
0
10239
0
0
0
0
0
0
0
1524265
15471
0
794
0
0
0
0
0
0
0
0
0
0
0
6997
0
0
0
0
20697
0
0
0
684
0
0
0
0
0
0
0
690
0
0
339
3712
0
0
196559
0
0
0
0
0
0
0
3177.5
0
0
0
0
190
0
500
0
0
141
0
0
0
0
0
0
0
0
0
0
0
0
0
64451
0
0
0
0
0
866
0
0
0
0
0
0
0
0
0
0
0
0
0
0
0
0
0
0
6969
0
0
0
0
0
0
680
0
398
0
0
0
654
0
0
0
0
1142
0
0
3928
0
0
0
0
0
4864
0
0
0
0
0
0
1868
0
0
0
0
0
1005
0
0
0
517
116711
0
0
0
0
0
0
0
0
0
245
0
0
0
0
0
0
0
0
0
0
0
0
0
0
0
0
0
8184
0
0
200
0
0
0
903873.227272727
0
0
0
0
0
0
1752
0
0
0
0
0
0
0
0
0
2110.71098265896
0
5762
0
506
0
0
0
0
0
0
0
0
0
0
0
0
0
1172
0
4188.5
0
320
2479
0
0
303
840
0
0
0
0
0
6687
0
25
0
0
0
26152
0
1472
56723
0
0
4839
0
0
0
0
0
396
1121
0
0
0
0
1801
0
0
0
0
0
0
0
0
0
0
0
0
0
0
0
0
0
0
0
373
0
0
0
0
0
0
0
0
0
0
0
0
352
0
0
0
0
0
698
0
0
0
1172
1796
0
0
0
66637.1785714286
1532
0
0
0
0
0
0
0
0
0
0
0
1513
0
0
0
0
0
3553
0
0
0
12746
0
0
0
686
0
0
0
19966
59
0
0
0
0
0
0
0
0
0
0
0
0
0
0
0
22734
0
0
0
0
0
2713.18181818182
0
0
0
0
0
0
0
0
0
117
0
0
0
0
3756
0
0
1172
0
0
322422.5
0
4072.59090909091
0
0
141
0
0
0
0
669
0
0
0
0
0
0
183
1977
1638
0
0
19085.5
0
0
0
0
7702
0
0
0
21
0
0
0
0
0
0
0
0
0
5992.21428571429
0
0
0
0
0
0
0
0
0
0
0
373
3188.33333333333
0
0
0
335926
43422
0
0
0
0
152
0
0
596
0
19341.4
0
0
12
1
678
0
0
0
13406
0
0
34580
0
0
2097
0
1929
5147
0
0
0
0
0
0
13364
0
0
0
0
0
0
2455
0
64451
4288
0
0
0
0
0
0
0
5596.5
0
3765
5651
2360
0
0
4279
0
0
0
145
0
0
0
0
0
1064
0
0
0
0
0
0
0
0
1178
0
0
0
0
1335
0
0
586
0
0
0
0
243211.333333333
0
0
0
0
0
0
0
0
0
0
0
1888
0
0
0
0
0
0
0
0
0
384
0
131
1894.6
0
0
0
0
0
0
0
0
8547
0
0
0
0
0
267
0
892
0
0
0
5716
0
0
775
1362
0
0
0
161
0
0
0
0
0
0
0
196
0
0
1228
0
0
0
951
912
2292
0
0
0
1172
407
0
0
7169
0
0
0
0
0
0
0
0
0
0
0
0
40796
0
0
0
0
0
332
0
0
0
0
0
0
0
0
7
0
899
0
0
6789
0
244
0
0
0
1083
0
0
0
0
0
0
0
0
296
0
3883
0
0
1742
0
0
0
0
0
0
0
0
0
0
0
0
0
0
0
0
0
0
0
515
0
0
13607
0
0
0
147664
0
0
0
0
0
9
1647
0
315
0
0
0
0
0
6399
5419
0
0
0
0
0
3345
0
0
89
0
0
0
0
4982
0
584
1979
0
0
0
0
0
0
0
11639.8235294118
3875
0
0
0
0
0
0
0
505
0
0
1493
202
0
0
0
0
0
0
0
10
0
1368984.5
1017
0
316
0
0
1532
19411.9487179487
2852
3219
0
0
7961
0
0
0
0
4078.35135135135
0
0
0
0
0
0
0
0
0
0
0
0
0
0
0
0
0
0
0
0
0
0
0
0
3386
0
0
0
0
0
0
0
0
0
246
0
0
0
0
0
5545
951
1290
0
0
0
15617
0
0
0
0
2143
0
1769
0
0
0
959
0
0
0
0
3636
0
0
0
0
0
0
0
19966
3765
172391.166666667
0
0
0
0
0
0
24457
0
0
48
0
0
0
0
0
1782
0
0
0
0
0
146.8
0
0
0
0
0
0
458104.666666667
0
0
0
0
0
0
0
0
0
0
0
1602
0
0
0
0
0
0
81515.7142857143
0
572
0
0
1931
4530
0
0
0
374
0
0
0
447
0
0
0
0
0
3765
0
10
0
0
0
0
0
0
26657.8125
0
0
20566
0
0
0
0
3293
0
0
8947
0
0
0
0
0
0
0
0
0
0
0
0
0
2086
0
3733
174
0
0
0
0
46578
1073
793
0
0
224
0
0
0
0
0
0
0
1701
0
2479
0
0
0
0
399
504
899
0
0
956.5
0
0
0
0
0
0
0
0
1921
0
0
885
0
0
0
1035
0
0
1172
1559
0
0
0
1343
0
0
0
0
0
0
0
0
2434
16887
0
6172.19642857143
1093
0
0
1093
1172
0
0
0
0
0
30658.25
0
0
0
0
0
0
0
1172
2849
1172
0
0
0
678
0
0
793
0
284
0
0
0
0
0
0
0
1172
165
0
1172
0
0
0
0
6458
0
0
0
0
0
0
0
0
0
0
0
769
0
0
952
0
0
0
2038.66666666667
2549.90476190476
1378
2273
0
0
0
236
0
0
0
336
40796
0
0
0
0
1377
0
0
0
0
0
0
0
0
0
0
0
0
22734
22734
12845
0
0
54
54
0
0
0
0
0
0
0
6494
8726
0
0
134101
0
0
0
0
10915
0
296
206
2491.5
0
0
0
1566
980
0
0
0
0
0
0
912
0
0
0
1429
0
0
0
0
0
11635
0
0
0
0
12387
0
0
1517.41176470588
0
0
0
0
0
1089
0
886
0
0
0
0
0
0
0
11371
0
816
0
0
0
0
0
161
836
0
0
0
0
19531.2
689
0
0
0
0
1172
9108
1172
0
6915
0
6515.33333333333
1172
0
0
0
0
0
0
0
0
0
0
0
0
0
0
1172
0
0
0
0
20160
0
218723
0
492
0
0
0
0
0
0
0
0
0
0
0
0
0
0
0
0
9337
0
46742.7142857143
262
0
0
0
0
53
0
0
0
0
0
0
0
6494
6494
2629
0
0
0
1277
0
0
0
0
0
17558
0
927
0
1382
0
0
0
0
0
1427.5
0
0
0
0
0
793
0
0
0
0
0
3187
0
0
0
3765
3765
0
0
0
1126.5
0
0
880.5
40796
0
1172
0
1071
0
3115
0
43877.1951219512
6789
0
25537
0
0
0
0
0
1132
0
0
0
0
0
6917
0
303
2641
0
0
0
1651
0
18077
11247
10204
0
1299
0
2684
1366
98
0
0
0
64451
0
0
4986
360
177228
1644.375
0
0
3893
0
413580
0
0
220
173
0
0
1513
0
0
0
0
0
0
2130
0
976
0
0
0
0
0
0
0
4982.5
0
0
0
0
0
1175
0
0
0
0
969.285714285714
0
2891
696
0
0
0
0
0
0
0
0
0
0
0
0
729
0
0
0
29
3765
0
3910
0
0
678
0
32
0
0
1677
1677
0
2690
25653
66
0
0
0
0
336
413580
2686
1180
0
0
0
1444
0
