0
1586
32
0
7132.52631578947
0
1538.66666666667
2812.7
44046.4761904762
1458
1788.5641025641
275
1892
0
1190.24242424242
842.666666666667
225522.5
0
1864
655.5
511.2
2055
578.090909090909
5045.04761904762
596
88
2433.29411764706
4614
334.666666666667
2569.52941176471
92
9.47826086956522
2029
0
5818.90476190476
30230.8125
1774
5019.70588235294
0
11825
987.928571428571
0
4644
1099.38461538462
0
2118.79245283019
0
1322
2287.125
354.666666666667
1588.5
2235.2
0
643.285714285714
2355.33333333333
2493.5
654.166666666667
2878.425
1838
2608.36956521739
997.555555555556
6132
1603.06010928962
5512.91071428571
1474.2
310.6
1822.17857142857
1397
4341.5
1334.92857142857
1358
1659.55
0
9000.6
945.625
233
349
31939.9333333333
134
20740
0
239
3555.5
2398.7
2414.5
1036.2
0
1193.78723404255
1095.28205128205
990.571428571429
0
706.947368421053
295
0
528
0
827
743
318
0
97
1274.94871794872
956
1679.5
0
8810.10714285714
572.5
387.75
1253.5
11825
442.75
1989.06796116505
1319
1047.33333333333
1445
1940
1959
731.625
0
266
3760.68888888889
1698.2
266
119
0
1470.76923076923
2272
10358
4332.92857142857
2223
0
163
16654.3333333333
0
1835
587
0
822.5
9804.375
453
798.4
931.166666666667
0
0
360
1937.6
1937
1212.85714285714
1277
513
0
225992.5
734.75
1979.92857142857
740.5
16188.5
331
332.8
6590.41176470588
0
44110
1377
2812.5
557
1864
3241
1825
2005
450506
1763.8
0
104
1998
1939
0
2231.85714285714
2031.2
2672.78571428571
0
0
2247.47058823529
138.333333333333
668
176
474.786666666667
3663.9
1292.14285714286
592.111111111111
1472
3330.5
2681.77777777778
0
4522.92307692308
1049
808
536.818181818182
402.5
2803
775
5606.23863636364
14188.8
2871.5
12111.6666666667
4848.83333333333
1400.15517241379
634
3681.85714285714
2552
986.357142857143
330
3724
359.153846153846
0
0
835.5
0
267
211
5730.81428571429
0
1166
5536
527
0
0
5820
6362.16666666667
159
25
5348.6
1065.33333333333
102
26
1662
735.5
1580.5
1787.6
0
437
7692.67272727273
0
0
0
4421.5
780
1930.63829787234
265
0
930.540540540541
2487
773
0
15067.3793103448
1258.27272727273
1717.88888888889
10273.25
9849.5
83
685.5
992
260
69.5
0
0
347
226
1022.74074074074
197
922.533333333333
0
0
20584
7585
523
490
5848.44444444444
1379
0
1210
745.297297297297
2351.5
352
0
1496
2773
0
64
2440
3018.13636363636
5303.71428571429
7053
44110
2562.8
614.1
751.2
2688
1722
0
1148.63636363636
485
2907.80952380952
40
930.5
307
2589.46153846154
0
468
0
549
3920.33333333333
0
0
7253.25
493.5
1147.81818181818
1803.15151515152
3651.5
2269.25
4118.66666666667
295
802
82
17366
0
1653.125
0
16032
276.8
4729
1000.77777777778
2546.56923076923
667.25
3430
452
451
0
0
16654.3333333333
157.714285714286
7252
429.5
555.5
77
703
0
0
0
0
1547.5
1448.11111111111
18229
483.6
295.5
7812
1946
7426
1179.5873015873
766.6
0
965.5625
875.285714285714
2492.93333333333
2764
1472.66666666667
1122.38461538462
1551
517
2881.2
0
14239.8461538462
628.5
37
18095
192
1405.65384615385
1370
3263.45238095238
1952
1246.93220338983
428
3169.8355704698
804.5
0
1219.4
1348.5
2302.16666666667
2204.2
0
0
2084.66666666667
0
2
551.333333333333
388.166666666667
916
0
0
7040.10606060606
3009.58823529412
6
3946
1562
7889.81818181818
2684.5
3118.64705882353
1284
10957.75
8289
2713.33333333333
2901.22321428571
490
1125
202
115
566.5
46963.1
5916.77777777778
1920
0
1223.66666666667
1023
3297.54545454545
1132.66666666667
2967.57142857143
5011.76
2843
10714.8
7580.1
0
2595.66666666667
6313
1964.75
3466
4498
3034.78260869565
54
0
80
5920
1928
2381
2543.25
6307
762
0
16596.1666666667
2800.66666666667
1016
0
348
3233.4603960396
269
3861
1261.65625
1211
51065
996
1344.66666666667
464
678
5195
0
1067
2219
1074
1973.2
519.5
2426
0
1036
819
0
0
3530.66666666667
811
722
5812.1
1781
777
1661.10526315789
2126
768
2793.75
2064.5
2843
1766
40
0
0
0
597
1468.54545454545
772
2231.25
4756
3093.7619047619
890.545454545455
0
1541
90
0
679
0
575
481.6
2804
420
2463.3125
11171
0
1956
5521
244
925
1737
0
0
973
0
1151
1544.5
1119.5
0
1517.85714285714
1129.66666666667
203
724
4274.69696969697
0
196
0
5533.93023255814
7010.2
0
604
15745
2438.63157894737
2181.27815699659
1815.5
989
0
0
178.333333333333
0
3593.69696969697
229
1167.83333333333
110167
0
413
25
984
224
3362.83333333333
1143
613.25
19912.6
1341.25
15857.4
0
0
4405
8892.5
19264
2128
6776.5
391.2
0
795
3598.7
0
1798
330
0
0
2176.6875
2014.4
10270.25
2749.66666666667
3757.8
0
2201
768
0
844.5
1531.66666666667
0
0
0
0
1340.81632653061
3283
813.928571428571
0
2255
127.666666666667
0
1729.2027027027
0
4736.875
442.25
1609
2899.14285714286
6352
355
2325
2063.03592814371
2001
0
799
0
3396
5968.75
3490.23529411765
4168
0
1977
1221.71428571429
2238.53333333333
0
0
1086
1082.5
0
1296.95317725753
9
285
0
2473.5
427
168
62
392.5
6827
14868.2857142857
2679.5
22
221
475
122
1194.5
525.808510638298
7844.5
2613.75
1202.13793103448
154
0
147
0
0
0
1327.125
238
1218
697.5
0
0
582.066666666667
2003
6924
0
0
1551.66666666667
514
357
0
205
0
0
5040
0
12618.4285714286
1381
1005.8
6598.5
0
0
597.538461538462
5310.75
1128
2279.03333333333
699
1238.5
355.526315789474
4798
5695.5
0
54622
3595.375
272
7227.55555555556
816
138
1
475
0
1526.70588235294
1832.46666666667
1536
2703.5
184
0
2943
396.5
0
1235
433
0
581
11970.1818181818
1084
499.181818181818
742.5
2622
0
5701.66666666667
100
0
0
0
0
3594.96551724138
444
9348
0
382
1156.83333333333
876
738
6728.4375
1532.8
3586.43137254902
0
2794.66666666667
123.5
172
338
0
7238.66666666667
726.75
975
1859.18518518519
8901.5
1740.66666666667
0
11896.8461538462
0
2404.9
0
1175.71428571429
1052
0
0
2446.2
1901
0
687.666666666667
898.875
1999.22222222222
2356
10224
1994.8
611.333333333333
3798.92857142857
4354.7619047619
6573.66666666667
3182.52380952381
0
0
0
0
1311
2218
56773
0
1083.29032258065
627
1310.83333333333
44
1918.8
0
1145
2000
3377.54761904762
42286.2727272727
891.65
0
0
0
0
38940.9166666667
736
38
357
0
1800.33333333333
391
0
1915
904
878
1334.39285714286
505
4181.6
0
1787.5
844.6
7916.4
0
743
919
0
1652
19
426.285714285714
1916
0
2377
1076.33333333333
19985
629.35
1038.57142857143
4577.95238095238
1093
306
696.619565217391
1457
144
0
372
773
312
4022
4338
510.666666666667
0
4233.66666666667
352
1227.01960784314
14975
6343
473
0
4453
42
495
7193.8
0
1615
0
1692.61785714286
2037
61
6034.51724137931
0
4721
975
1830.2
0
333
1547.76923076923
4132
0
1806.5
0
1642
0
5313.5
1084
0
1041
305
463.285714285714
0
479
5
2115.11707317073
9248.75
910
674
0
5366
874
2904.5
99
9841.375
4782
397
1123
0
587.5
952
5054.66666666667
0
2116.81578947368
0
0
0
6024
1664
1051
0
2006
1135.5
291.333333333333
0
554
0
34
356
0
1778
0
0
3648
632
620
6475.33333333333
1943.23529411765
0
0
507
2018.5
6760.6
5184
414.5
2568
4255.63636363636
128
627.6
0
73
0
1992
0
0
0
315
3878.2
1384
93
4725
0
6340.33333333333
1001
2073
6150
0
0
0
330.166666666667
863
0
0
5
500
2307.25
1959
0
3394
11424
1137
10131
6
0
0
315
2231
2334.5
728.666666666667
838.5
2538
491
0
133.5
0
2787.94117647059
0
166.5
2654
1995.96666666667
794.75
0
151
90
1564.25
1566.6
367
1940
0
0
0
113
1087
4221.45454545455
428
1860.66666666667
5755
866
2423.68181818182
0
0
0
765.333333333333
1829.16666666667
601
1104.95652173913
0
304
1956
0
4808.20380434783
0
3233.8
4697.56
1806.33333333333
2910.10526315789
1497.5
2333.04347826087
0
1985
462
2560
730.806451612903
0
3570.66666666667
1015.60273972603
1089
14302
1318.28571428571
1339.2
0
9588
3242.2
831
0
5571
0
1628.45454545455
12389
590.954545454546
0
522
0
214
366
422
1018.33333333333
1425.71929824561
889.9375
394
3
562
0
364
12587.25
9111.66666666667
815.5
748
1366
321.666666666667
2279.1
215
5219
267
5071
808
1991
2003.66666666667
405
24060
0
0
1292.875
0
395
0
1152.5
3072.4
3763.33333333333
0
0
0
5681
2351.42857142857
3971.75
0
0
352.5
4750
1203.59183673469
1735.66666666667
1549
0
0
17902
759.666666666667
0
952
372
407
1391
301
660
44684
943.25
850
234
1081
1208
0
683.25
5657.33333333333
234
426
757
5652
0
24497.4
0
1315
16381.8181818182
799
0
10475.25
2139.5
2226.2
236
1587.6875
1180.875
3388.06423982869
663.333333333333
1080
686.5
4798
315
1879.5
0
1916
0
6174
2470.33333333333
0
720
0
284
2006
91
4831.69444444444
23
0
0
0
0
101
602
3434.07234042553
780
646
538.5
1681.26315789474
0
0
3747.5
1096.6
3050.75
2558
941
523
844
0
6335
2070.33333333333
1467
322
17281.6666666667
3869
1024.25
9
1585.66666666667
0
168
0
21627
0
0
1322.66666666667
29.3333333333333
1915
0
3232
194.5
0
914
0
0
1293
7835
675
1074.5
226
131
0
2390.57142857143
4198.42105263158
0
3739.5
0
178
3119.4
874.625
292
0
2285
1110
0
0
0
2963
4221.99836601307
682
41
1320.26315789474
297
323
0
74
0
354
16.5
1034
165.5
99
1187
0
375
2052
0
0
4638
4805
214.5
0
0
53
700.8
1641
0
0
600
66
282
0
280
4182
357.833333333333
8071
1264.42857142857
288
0
8709
741
0
5012.375
3261.25
0
7
1307
0
0
658.5
5168
0
1990
0
3502.69036697248
1380
2605.15384615385
4234.5
0
3545.94230769231
945.571428571429
4069.31578947368
962.428571428571
1517
3276.33333333333
0
0
20852.3333333333
0
1710.8
223
0
3274.5
2563.91666666667
0
6040
0
804.333333333333
0
0
884
760.666666666667
0
1829.25
0
7293
951.395348837209
1268
0
0
382.5
2699
3933.26315789474
1546
2114
0
0
635
0
1087.33333333333
0
2754.5
262.4
572
1367.11675126904
24
10028
0
5003.5
0
490
0
656
2341.14285714286
658
427
0
0
1013
0
4103.86666666667
0
348.5
360
328
0
442
11
1891
0
0
0
0
0
2582
0
530
0
51.5
1371
1908.69047619048
481
10130.5
25
227
137
26
408
1262
0
18
4772.42857142857
0
0
1999
0
6558
0
1468.8
928.4
1941.9652173913
924
2018
357.5
1150.60377358491
5703.04761904762
0
0
0
606.666666666667
91940.5
0
738.5
4056
46
0
1985
3809.5
924
0
2358.33333333333
2669.57142857143
4712
1494
0
4012
2436
517
0
40
0
0
1413
2146
439
1759
1680
368
3132.53448275862
0
9578
2056
520.615384615385
376
1151
0
28970
0
632
4778.66666666667
297.5
14108
196
322
913
0
444
1910.5
103
0
9290.8
11726
0
1392
1425.5
1190.6
2337.21875
72.5
248
310
0
1087.33333333333
4508
250
4633.5
0
0
325
2228.5
0
0
446
636.666666666667
1186
1073.39584824624
688
0
1677.33333333333
0
3023.28571428571
111
96.6666666666667
0
6911.58333333333
82
5085
19739.5
695
880
1930.57142857143
1196
0
3854.66666666667
0
1715
1022
39
1590
0
1273.33333333333
1556.66666666667
0
336.5
441
0
0
38
1779
0
1310
2066.75
0
3218.66666666667
25
2504
2116
0
297
0
0
924.625
7447
0
261
0
1676
8229
4177.66666666667
306
0
2006.66666666667
167
0
729.777777777778
2810.66666666667
2020
4978.3120649652
0
284.5
0
352
1233.5
1383
659
1002
1084
0
5171.75
622
0
308
546.181818181818
0
465
543
5071
0
0
1419.22222222222
1544.33333333333
102
468
906
0
3098.5
0
417
0
3602.71428571429
3273.5
168
0
2813.68421052632
4313
1962
0
2394
0
5929
6629.5
1996
116
2006.66666666667
1697
2487
8412.44444444445
5534.33333333333
1373.5
207.5
1006.71428571429
8088
0
1281
0
321
3604
629.666666666667
1754.9
1031
3324.4251497006
3637.33333333333
2143.78571428571
1470.75
3172
2012
393
648
3810
550.428571428571
7817.33333333333
972.857142857143
1444
1264.375
233
0
0
1086.09523809524
7055
5852
655
1005
0
7041.14516129032
1988
1390
13790
0
1654.17391304348
0
1072.5
790.333333333333
11711
3050.42105263158
2114.39455782313
476
1744.5
355.777777777778
383
494
0
2519
2916.5
362.5
2256
0
1377.5
312
813
0
977
0
8063
2408.2
107
0
28
1992
2919.28571428571
2842
832.75
8463.75
0
3361.78260869565
992
2996.4
2238.5
2727
2344.75
0
4798
0
0
0
1456.71428571429
4859
0
940.666666666667
1721
799
0
0
377
1281.45454545455
2947
1584.92307692308
1018
1110
246
295.5
0
0
0
0
0
0
707
388.272727272727
195
0
971.227272727273
0
554
4290.66666666667
2080
281
426
397
733
0
1954.66666666667
0
0
2604
0
1836
1546.2
287
385.5
216
25
287
775
0
1968
212.25
463.888888888889
3965
0
694
722.448275862069
0
0
705
6345
0
0
0
5
1031.33333333333
989
46
0
600
0
374
411
805
3727.5
3604.5
0
1706.77777777778
1308
0
903
0
212
401
0
60
63
0
0
1323.5
1963
1938
0
4867
0
1063.5
8301
1996
1835.25
0
1202
122
0
3935
4983
0
0
253.5
0
0
0
0
1295
3735.14285714286
2099.5
678
181
246
1427
682.5
1124
5284
537.5
815
0
256.777777777778
0
1129
5354
0
102
7459
3443.8
970
4891.14285714286
221
175
1099
783.666666666667
0
1755
18683
0
0
5002.12121212121
2533.13286713287
7067
2423
0
0
0
329
0
1041.5
0
0
1221.64285714286
671
0
1573
0
0
116
9240
6543.33333333333
0
765.410714285714
418
523.5
3723.5
8764.25
4250
3899.5
75
2398.16666666667
2558
1493.76923076923
892
286.25
0
250
1600
274
1508
0
0
856
1854.25
8567.5
4032.47852760736
722
154
11556
0
2190.16666666667
0
30
0
2352
1400
1002
679.4
0
926.666666666667
0
3184.56172839506
1766
976
115
0
276
815
0
182
0
6568.5
1569.5
2377
3368
524.653846153846
0
23387.5
692
878
3567
0
1017
0
6676.5
391
0
2889
746
9961
0
0
93
0
1433.6
0
76060.1666666667
1993
193.5
3032.5
3175.475
0
0
521
10
18229
5392.5
0
3076
607
5
476
0
3627
0
1312.16666666667
0
4276
0
1777
2642
394
544
6857
0
0
4863
0
136
0
0
0
459
0
18441.5
225
17
321.333333333333
2251
0
698
830
465.5
1602.5
0
3890
1009
0
867
2568
0
0
2620.33333333333
0
1129
0
556.558823529412
0
1279
1727
253
0
637.5
549.9
0
1826.33333333333
0
1555
4877
1456
0
0
2187
964
924
2280
1204.23913043478
2199.08333333333
114
0
833.75
1605
2262
990
0
0
200
0
0
0
0
757
0
239.5
0
9228
393
930
5754.5
960
6508
2558
0
642
230
2897
1593.84939759036
1432
612
94
290
220.5
2
602.5
359
4021
0
112896
474.142857142857
1722
155
2975.81707317073
2599
300.25
370.882352941176
0
1330.75
191
372
9588
0
2968
468.666666666667
3719
1998
1686.33333333333
0
121
0
2600
0
0
0
3770
0
421.271844660194
0
91
1764
2031
713.5
0
4322
1096
0
2000
3611.42857142857
1152.66666666667
0
2056
0
1457.22866894198
0
1756.8
182
602.2
830
744.285714285714
0
1842.63793103448
3661
0
1513.75
0
0
0
253
717.095238095238
986
2198
830
1407
0
0
0
0
1017.81818181818
1036.5
0
0
3008
81
0
1002.6
0
150
789
0
0
0
0
13397
3546.83
1760
0
1024
7234
611
0
955
1156.125
0
798.75
720.830188679245
588
0
1890
0
4161.5
1365
1196.33333333333
2
12831
0
369
5352.88888888889
1589.2
2167
1860
0
7
0
5823
667.732283464567
7229.16666666667
652.25
361
2892
43
2709.33333333333
0
5116
0
7626
0
2003
5168.66666666667
658
286
992
0
1653.07109004739
0
926
0
306.5
0
958
0
0
0
0
424
1886
13953.5
3283
504
10451
4368
2493
4458.75
1071
769
0
0
443
1911.63602941176
783
272
3846.1
5094.5
86226.5
23
293
411
885.5625
5895
0
0
0
965.5
1200.94811320755
282
483
1381
338
1908
4777.5
0
0
1331
0
0
1471
0
799
1103
0
1370
2491.05
0
14
684
1030
0
733.890410958904
4473.14285714286
989
0
1388
1527
3162
3229
0
844
0
0
178
810.25
6328.66666666667
2002
0
4378.92857142857
0
2374
691
4214
0
3190.4
0
0
8874
2041
0
560
7
1435
506
463.666666666667
0
6023
0
3559
852
0
420
544.5
29399
458
1893
0
0
0
219
1720
11518
0
115
2183.125
0
1175
3088
5660.30769230769
2324
4261
567.857142857143
0
112423.5
5128.5
0
0
1506
537
774
325.5
0
10389
918
0
4283.5
16865
318
0
1375
2572.33333333333
447.5
1126
0
471.5
0
0
0
119120.5
0
6043.6
1065
1064.33333333333
0
254
0
1651
0
387.5
761
0
1978
0
12
0
381
0
0
99
0
4147
0
14011
805
0
2120.66666666667
131
2687
3278.76
123
1572.27777777778
0
2004
0
1978.5
1486.02857142857
8571.75
78
587.333333333333
1186.25
282
0
1999
76170.8333333333
5252.25
273
2410.40740740741
0
568.923076923077
402
0
0
341
0
423
841
1487
987.666666666667
2371.5
4933.5
291.5
0
8728
0
3620.4
517
463
0
0
0
657.5
2028.23529411765
1676
0
1010
605
0
0
269
1591.66666666667
0
538
660.666666666667
29012
1577.33333333333
3693
3070.84210526316
0
32
5724.8
47265
797.5
1979
6542
205
3022
0
0
384
588
654
640
0
3329
0
1137.66666666667
1180
1959
809
0
3188.5
0
0
0
0
6189
55
0
846
3820.66666666667
1415
1872
2184
361
240
427.5
0
1630.44444444444
0
0
1087
1741
1832
0
469
0
2255
2852
0
2001
577
0
7416
687.857142857143
2107
651
0
6028
122
0
0
544
250
494
3977.5
0
0
1277
0
500
193
2258.30612244898
0
0
0
44
1685
0
313
0
1
462
660
111
0
2142
22
634
0
455
22.5
978
0
770.5
0
690.833333333333
710
0
1103.4
22
1369
516.6
1891.25
0
2385.33333333333
1993
40
0
13824
2197
57
0
0
4891.5
0
3663.81818181818
489.333333333333
8183.66666666667
583
0
0
0
1339
0
0
0
3708
98
535
117
749
453
0
0
798.5
2041
0
1212.93333333333
2805.35658914729
1778
5774
795.75
0
192
163
0
103
428
0
428
0
577
2068
4925
1997
0
31609
0
1136
1141.12
8040
0
3801
0
1603.33333333333
29
1211
0
1766.2
2856.5
0
0
3044.8
0
0
3791.06818181818
6298.18518518519
516.5
180
610
10593
573
0
0
8077
71
0
1337
2157.20689655172
1328
238
67
856
2582
0
2591
45200.5
432.333333333333
0
193
0
0
13666
0
2499
749.5
4261
3965
0
0
0
615
1012.75
497.5
1981
0
238
2484.5
0
10278
513
3200
315
0
300
0
3165.5
0
0
131
7582
0
0
1569.66666666667
0
0
1559
0
838
4459
0
240
0
1823.16666666667
0
883
0
0
384
3433.05479452055
665
115.5
452.5
1566.5
695.090909090909
1503
1446
5330
0
1191.31578947368
1768
357
9648
337
651.5
2007
0
3068.13461538462
1563
193
3
996
0
0
75
0
0
510.25
1178.33333333333
0
0
0
616.666666666667
0
1867
2001
0
398
1153.77777777778
553
372
5041
1498
3412.70833333333
31892.5384615385
6218
0
194
551.333333333333
385
209
1524.46808510638
2178.37659963437
577
0
345
4932.7
1197
2943
0
0
2042.78666666667
0
0
0
2117
405
2920.5
5071.83333333333
0
0
44
1433
0
0
12716.9375
689
242
0
0
1339.3
3246
1497
0
1359.5
0
3518
28
0
7728.10714285714
3623.5
305
82
49
0
247
0
1559
0
674
0
332
9935
476
0
0
1968
9551.5
0
0
1997
0
0
2317
0
0
8779
996
438
525
112
3744.25
596
0
0
4379.22727272727
1137
0
1025
1314.76363636364
163
929.833333333333
493
93
6417.66666666667
13794.8479087452
340
504
0
2970
790
0
791
0
552
0
0
3750.68918918919
898
0
0
4876.5
3779
7324.5
0
142
2321.2
0
148
1028.5
4245.5641025641
289
0
0
4551
265
653
0
0
6267.5
0
0
469
2164
6754
471
1905
0
2038
125
1572
594.692307692308
3676
1662
383
1060.5
2160
1464
604
2107.66666666667
264.142857142857
0
0
890
2558.5
1361
198
1673
3703
1338
7358
1953
4333.5
5514
2480
488
757.5
2280.5
2058
0
0
316
381
3020.66666666667
3202.3
997
359
172.5
169
140
0
1643.25
170
2749.76923076923
0
960
0
49
0
2074.5
875
3209
1167
0
5762.4880952381
0
0
141
871
0
0
1227.0625
1574
1791
0
0
0
0
2612.5
0
119
70
0
0
0
306
881
0
2766.72972972973
1773
0
0
0
1224.16666666667
745
0
0
0
1301
0
591
283
0
891
9060
1023
311
23
1074
3224.5
220
474
14262
0
435
0
224
3245
0
0
0
0
1127
0
0
2138
0
0
0
0
0
3696
1002
1159
0
6867
1854
224
1527
2169
1739
394
479
26943.5384615385
0
55
943
3829
0
0
816.666666666667
1498
464
149
348
1510
0
2481
0
2331
0
1180
0
0
0
4222
2
1995
0
52
0
0
29672
2052
317
6850.25925925926
3
1188
0
4217
1134.33333333333
1346
6098
1734
0
6302
0
0
0
1198
4389.5
0
0
1075
171
3693
0
0
340
9
841.666666666667
240.4
2044.5
530
0
1130.25
213
1762.16666666667
0
5280
790.5
1029
3044.50980392157
0
0
1191
0
0
1969
457.5
1012
1874.83333333333
0
969
0
0
0
1763.85365853659
41
0
539
2754.5
0
5058.5
1928.4
369
1697.5
629
752
0
0
12727
1683.5
70
204
709
0
2318
500
615
0
0
0
383
222
0
0
440
649
16571
1992
1470
513
431
0
23018.7777777778
0
1267.75
0
0
137
4616.25
0
0
876.666666666667
0
0
3460.01408450704
809
0
1957
3459.5
542
955
89
420
39
0
0
2558
0
1957.22222222222
740
1693.5
632
539
2504
1135
0
37
0
0
0
22592.1666666667
0
1002
121
0
1980
684
105
740
0
5284
8301
3008.5
258
0
0
349
0
1662.5
778
0
44
0
2073
0
0
222.5
0
0
0
0
0
2006
1964
129410
0
2049.5
555
15
3519
758.714285714286
1619
0
0
0
1464
82
1757.5
958
0
0
709
325
790.782051282051
0
722.444444444444
2058
3406
0
0
706.5
2805.22222222222
0
112
758
441
2464
477
2075
0
23
932.5
1672
996.974358974359
488
3027
402
0
0
0
0
0
439
1486.125
0
6195.30769230769
949
221
0
6339.74796747968
1170.5
0
1930.5
425
2861.5
0
7135
881
4027
1816
7967
0
0
0
5174
2352
1873
1786
1715
135
952
659.5
757
2251.28571428571
65
999.666666666667
209
7200.71428571429
1998
0
1564.16666666667
0
1384.66666666667
55
186
0
720
561
8634
0
0
0
484
528
1932
0
1263
3134.5
3345.5
38608
673
428
3818.92857142857
956.375
0
0
9780.2
787.666666666667
0
4755
535
382
252.5
0
2269
0
93.5
0
0
5
2833
0
0
434
2072
1709
731.75
51204
732
39
0
0
0
0
0
0
0
3671
1267
401
1227
0
2196
0
6988
929.75
0
671
6040.75
11942
1376
3734
1
363
745.5
32.5
164
0
1174
790
1960
6160
0
927
0
0
638.5
3097
15834
351
9347.5
0
51
43
1521
0
2038
116
0
1792
0
0
17349
1129
235
24333
26
2495
205
3773
0
1280
0
821
0
856.485714285714
11918
0
2457.5
0
906.388888888889
2457.5
1642
0
498
0
613
252.666666666667
0
2403.93333333333
62
6075.75
396
3432
12191
491
0
0
801.692307692308
1310.8
0
0
94701
1666
0
0
0
104
1239.5
1308.35714285714
0
28
1621
1458
2817.40350877193
816
0
1863
9383.5
1856.57142857143
2404.5
5069
12995
0
2058
3314.10538116592
0
1060.08695652174
759
0
363
1505.44444444444
4220.83333333333
0
176.25
1634
931.6
0
0
0
0
360
516
2602
0
91
4045.25
1118
0
0
2316
1332.66666666667
220
1908.13294797688
0
0
812
0
2905.5
0
0
2187.88888888889
0
1295
5824
1222.21951219512
485
1062
0
268
6736
0
0
3987.12844036697
310
0
599
94
931
1865
3550.3503649635
14
4250
0
1763
6288.19047619048
0
0
5773.24137931035
984.111111111111
1056
1533.66666666667
1644.41666666667
2111
0
0
956
0
803.552941176471
724.666666666667
0
6170
1117
1142
5
11132.5
0
0
924
141
0
759
1289.93103448276
378
0
813
95
7654
744
352
12390
0
1737.5
0
388.166666666667
238
0
0
1192
0
5393
2478.5
0
1495.5
4256
1196.5
305
412
5071
0
2245.58775510204
1977
5611.5
2571.5
0
704
0
0
136
2031.51048951049
0
0
2911
0
0
5633.92
0
0
0
10131
2001
1541
0
558
620
166
2591.6875
2495
916
2826
2000
1310
0
2976.66666666667
5249.5
8218.33333333333
4027
4363
2099
3637
0
606.25
18456.6666666667
9
1858.7037037037
1243.07201646091
0
1821
232
0
3190.63888888889
330
0
235
0
0
971
29
102
418
0
486
154
22
125
0
363
5167.5
0
0
2402.8
0
2250
476
32286
0
469
268.5
471
250
0
799
0
0
3390
0
3195.5
2951.5
0
0
1579
44366
0
404
193.5
780.769230769231
8439
2785
0
1472
3238.75
620
1291
121
1163.12048192771
0
637
0
1993
715
0
0
62
0
3781.42857142857
4913
0
0
0
94
382
0
2007
12390
1270
0
224
952
205
701
0
429
0
5140.33333333333
1724.94871794872
1217
1906
401
2437
178
0
0
1464
494
5441
120
2861
20868.5
1279.8
0
146
2153.33333333333
560
0
4682.28571428571
0
789
0
3049.55555555556
3142
8
0
0
2638.19178082192
0
700
724.25
0
266
0
0
0
0
0
0
0
5390
10892.6666666667
2917
1025
2963
0
72
0
0
0
1596.60273972603
307
927
1540
0
422
0
53
0
0
99
2830.85185185185
0
909
1377
0
603
0
127
1492.33333333333
297
0
0
2262.23333333333
96
0
670.833333333333
1990.6
0
1579
0
1173
877
1919
0
1207.5
1910
1004
2201
116
0
0
1710
0
737
1012
0
1119
0
164
25
5863
0
8701.5
0
0
1162
39519.5
445
2481
1504
0
0
0
0
2436
19
15981.3333333333
5399.90476190476
205
1521
0
0
0
12390
352
631
183
0
4261
1504.5
0
0
0
458
3948.2
564
5519.5
1011.2
1740.16666666667
2620.08333333333
1994
6387.1875
0
0
798.25
2586.66666666667
1725
588
1025
1280
127
0
155.5
41570
0
0
0
0
2482.69791666667
1833
0
65
0
660
1833.5
18095
11030
0
0
0
0
0
2400.95390070922
0
823
573
318
8407
0
0
93
937
0
9792
1031.6
1328.33333333333
0
1421
0
0
9947
0
427
1186
232
0
0
779.111111111111
73
0
262
961
0
3515.15384615385
1779
0
0
692
0
1134
230
0
56
453.666666666667
11788.6666666667
11092
3847.5
384
95
0
0
0
146
1924.66666666667
93
539.5
1798
101
1248
54
910
309
0
1976
0
0
616
0
1590.75284090909
7052.35935302391
0
1473.0198019802
489
3117.5
0
0
1832
1093
3627
0
379
4685
612
0
0
610
980
848.75
0
338
282
0
0
344
89
1658
0
1438
0
858
1893
352
37
0
0
0
1037.69590053763
1325
4877
931.41155234657
0
2983.5
5376
0
0
463
3698.53846153846
14.5
1299
995
0
0
3719
513
5886
0
0
1307
0
1596
0
3787
0
1867
0
0
2774
1529
243
0
0
105
1480
2147.24324324324
0
0
3694.50331125828
0
2017
1296
374
2926.5
0
9662
0
2691.11764705882
0
913
765
0
884
1990
0
969
0
0
0
0
1291
3406.5
793
1425
0
151
0
6160
875
1441
2201.5
0
345
647
97
0
746
1244.66666666667
1626
275
1169.66666666667
0
0
7913.5
0
0
2497.33333333333
0
0
0
1553
320
0
715
0
88
0
0
0
0
104
536
0
0
0
1175.16666666667
750.111111111111
0
147
37
0
0
1782
1760
1108
0
0
906
951
0
0
0
5574.90476190476
347
0
0
111
0
0
208
22875
2196
1519
0
0
703
1083
5071
0
0
66
1728.44881889764
980
0
614
1266
825.125
2150.5
5235.5
561.294117647059
0
0
0
0
6527
880
184
0
0
199
0
709
710.875
0
4656
0
42604
816
1090
0
2166
0
0
60
950.222222222222
978
0
0
946
0
1028
0
1779
0
818
0
0
214
463
1562
9597.5
905.783783783784
0
1921
452.166666666667
279
1164
0
0
0
136
269
155
0
0
0
161
1246
0
0
298
553.5
1188
61
1129.37837837838
0
2813.29545454545
0
0
716
2330
47
0
0
0
0
3327.93939393939
4416
0
1196.5
823
0
662
1145.54320987654
121.6
1786
756
1044.175
296
1533
891
278
471
9889.66666666667
24876
1981
0
4320
967.8
970.6
13023.7647058824
69
0
2436
451
4083.25
275
0
3557
17855
0
315
291.5
0
0
228
0
1307
0
0
1630
0
0
0
0
0
0
7738
1955.77777777778
0
149
1061
291
66
0
1763.8
1988
165
0
1456
0
0
106
0
99.5
17366
0
1495
114
3102
0
5
1598.5
0
563
0
0
3383
0
6850
0
3965
14074
0
1971
0
207.8
0
172
1247.5
3217
0
0
1421
8719
0
0
1998.5
880
274
0
355
0
665
0
0
414
58
0
0
410
1679.97590361446
1474
0
344
0
0
2049
216
0
6278.5
205
2
3768
138
1349.23611111111
931
0
0
0
692
3677.42857142857
383.333333333333
1941
768
2131.5
1981
501
739
293
686.5
1025
789.072164948454
424
48
0
293
0
11582
61
900
0
1671
270
2930
0
0
3625
893
1058
0
1975
0
1042.21157024793
389
0
0
0
709.327586206897
0
0
225992.5
0
3989.28571428571
0
579
13570.32
0
5902.05405405405
0
469
0
597
0
1160
1016
103
0
0
118
644
620
0
744
0
8632
0
0
0
3710
1904
672
4345
0
6198.5
76
1059.33333333333
112
495
1166
2004
0
0
4003
638
1976.66666666667
888
0
146
0
0
0
0
0
28
558
0
2992.2972972973
12786
427.75
1535
0
0
0
0
182
1349
0
3945
1667.66666666667
0
0
360
129
0
1958
0
44
0
2060
0
0
596
140
283
7
103
3411
70
1643
2125.53333333333
1349
2508
0
2825
1943.66666666667
529
0
8499.5
0
186
246
0
885
0
402
1980
0
6481
300
2018
0
1997
0
1960
0
0
496
1975
1659
2
0
1242
0
0
0
0
0
4133.33333333333
261
0
669
1219
0
31791
0
0
927.5
0
0
2018
0
0
2031
1118.14782608696
0
0
142
1469
0
1268.25
883
2234
0
268
0
0
2959.29787234043
0
0
198
0
2913.33333333333
1326
0
0
0
6289
0
218
1011
559
1305
0
0
1062.5
0
831
0
833
1872
0
0
803
3812.5
265
397
777
118
0
0
924
1341
17641
2367.75
9588
0
1565
1129
3047
0
420
0
0
0
19066
510
1113
0
0
55
549.2
0
0
0
1786.4
1998
54
2225.4
0
0
0
0
0
1987
1560.66666666667
0
0
2903
0
14108
0
334
737
353
1
3457.5
16267
2285
0
0
1
0
0
3852
9512.5
3066
329
0
3444
0
1023
997
1715
870
0
0
1710.64285714286
6587.37037037037
0
89
1998
3221.66666666667
75
1097
1792
0
0
1886
519
3
0
1000
1567.5
0
197
1059
0
2038.70588235294
1380
159
1
0
1725
249
0
3615.72222222222
1464
0
3835
4933.5
0
645.882352941176
1539.5
0
532.945945945946
0
0
0
1457.5
298
0
1915
338.5
7087
55
229
0
2068
734
0
773
201
722
0
627
50
1357
0
2816.85714285714
0
0
0
0
0
0
841
855.5
11197.3888888889
1671
0
0
459
1811
0
1705
997
186
3181.80300187617
2270.55555555556
369
287
6416
0
0
1263
0
0
0
72
0
0
182
0
16
21
40
0
4843.39130434783
1287
0
265
332
335
0
1106.18
0
0
1685.5
0
0
995
0
621
0
0
7247
5493
2074
84
4918.8038277512
0
1340
2000
0
504.351851851852
0
1198
0
300
0
885
1368
300
3071.24719101124
7215
0
963
75
0
2436
473
329
1635.5
1475.88541666667
2742.4954954955
0
1993
0
0
740
80
781
0
1007.57142857143
1085
2952.22222222222
127
5408.92307692308
3091.31428571429
281
0
2168
218
0
0
1753.75
0
287
5562
0
249
4598
0
0
7
444
1032
1986
0
959.025
6565
0
0
3178
48
323
5144.04795737123
2506
14629
1911
541
4137
504
0
198
981
0
382
0
0
3486
0
1999
2349
0
565
0
803.333333333333
1978
195
0
0
0
5098.7734375
230
2544.5
0
0
0
4482
6339
609
0
20
0
0
0
188
8880.33333333333
887
1002
0
0
0
993
1000
5834
38
1684.45833333333
0
324
659
282.75
112
2417
21969
2454.3
0
591.24358974359
396
986
0
0
6354.375
0
4922.66666666667
361
521
2187.6
2734.98630136986
0
1932.33333333333
1044
0
1016
924
311
0
6176.50617283951
0
4959
0
685
203
0
2855
0
0
2748.48125
360
1030
0
172
0
0
3635
6
674
0
321
81
0
0
1738
0
1415.5
142
4298
63
949
642.5
3647
1392
2818.15
768.75
1384.5
0
0
0
1999
0
1527
635
309
238
1999
3633.14285714286
0
4058.86440677966
0
464
0
0
296
469
0
1903.21724137931
1314
60
0
2151.80357142857
3469.5
2049.00909090909
2890.49418604651
1015
676
0
0
3861
4821
1053
711
0
2001
0
707
4219.85714285714
0
44
148
0
210
180
0
61
0
0
0
276
1105
0
0
7
94
0
2527
0
0
0
0
1720
104
9
221
894
0
283
0
1139.5
0
0
0
0
848
0
2050.5
410
141
0
681.52427184466
2
0
1539
0
892
1773.32
0
0
0
0
526.333333333333
0
2290.95698924731
917
0
0
0
4422
0
455
1099
0
0
2998
2004
0
0
0
92
0
293
2044
7817.25
989
0
0
667
0
0
0
574
413.75
216
1975
617
548
7097
0
1852
8259
0
442
995
658
0
2496.4
400
1113.70967741935
0
0
655
318
4347.5
0
0
413.75
0
823
0
153
5660
0
118
0
0
526.333333333333
0
0
204
2501
0
1614
0
246
1278.5
54
87
0
3627
0
130
0
1872.74436090226
12388.861878453
26
0
913.5
0
978
4063
47
1013.28042328042
0
142
0
708
2881
7562
3004
0
0
2322.5
1462.94117647059
1013
2022
4445.75
10838
0
1943
0
92
3859.10869565217
4958
0
0
1017.17361111111
0
1317
1548
0
0
147
0
0
793
2232.62068965517
445
1874
805
413
0
0
711
175
1205
0
0
244
1062
183
0
105.5
0
400
39
0
872
0
0
0
398
0
924
0
393
1140.625
339
5608
0
0
0
1343.42857142857
9683
1800
24
1312
359
0
4754
987
1128.12355212355
0
8681.5
0
0
118
0
0
680
0
0
243
33
2
0
153
0
354
136
0
0
501
0
105
0
1734.5
2647
4
1057
2580.5
4020
0
0
0
1909
944
19765
1049.71641791045
812
0
6236
1
1510
0
160
7169.66666666667
415
1718
1646
0
69
1994
0
2012
0
0
1651.48559670782
320
911
0
1948
3942
2755
0
0
1716
1480.5
206
2003
1590
0
604.333333333333
6821
0
3496.16666666667
0
804
291
0
0
893
950
0
1280
2616
554
946
1024
0
0
90
0
1516
0
350
193.571428571429
0
74
25
841
352
3613
187
284.714285714286
3868.64285714286
0
0
744
3399
0
3966
682
0
164
299
996
0
1312
652
0
0
0
0
580.5
1821
1116
0
0
203
0
0
1272
721
0
0
819
31881
12939
0
234
250.5
0
850
4474
1142
0
2947
0
12695.25
0
0
0
958
5190
0
2027
0
0
946
570
1913.25
2387
1391.52307692308
0
2001
0
894
3693
16
315
1317
0
1044
417
604.333333333333
2015
0
0
0
1657
189
633
0
0
0
47
10801
2001
0
48
1978.5
0
6416
0
3021
131
3117
2028
13783
2391
9683
1912
1689.95049504951
2691
6168
0
5623.5
0
1
907
0
0
723.2
1218
0
40
77281.375
0
1951.94782608696
596.666666666667
0
0
5084
0
0
487
0
593.909090909091
0
0
0
1
301
0
231
0
10165
0
0
131
1371
1090
1317
1219
0
3647.5
874
1836.39744552968
5218
0
992
3
0
713.3
0
0
0
192
645
0
0
1570.45238095238
0
1052
72
0
99
781
2235.5
2991.5
0
5310.75
238
0
0
1561
1228
0
697
1860
6538
0
0
0
0
829.5
234
0
0
1144
0
827
915.44
0
1540
837
0
981
0
167
1796
562
974
828.5
1440.33333333333
1995
963
0
1761.66666666667
0
0
1551
594
0
1846.5
0
178
0
0
0
0
2050
47
0
1551
0
0
0
7
1913
855
0
611
995
0
0
0
0
0
0
5548
0
0
558
0
1269
3800.48039215686
3818
4530
0
2015
697
0
1983
10576
407
106.75
3135
0
473
0
0
2679.75
299
144
0
0
594
186
614
211
0
0
0
372
0
146
0
224
0
588
85
275
90
1264
4468.38095238095
1458.5
0
0
78
0
0
1594
30
1996
1352
0
0
44
1980.83333333333
0
7
401
89
87.5
75
17
1002
0
0
220
1120
0
2169
2682
1156.98648648649
2786
1872
0
0
1817.5
337
1049
638
988
0
53
0
0
2086
1519.72727272727
0
847.708333333333
492
0
22875
0
0
1000
0
1809
0
620
38
0
0
1267
890.354634831461
0
2241.5
482
203
0
0
542
1937
0
0
0
0
546
664.5
0
1438
0
0
0
3744.75757575758
0
866
405
0
1943.4375
2192
0
311
217
455
574
0
440
0
1744.83823529412
0
0
56
1715
768
19824.6666666667
0
403
445
7396
973.5
1999
1410
0
0
45
450
1828.03225806452
4538.45064377682
315
0
6776.5
42
0
3812.5
757
0
0
0
0
95
1088
2541.27868852459
314
318
116
400.5
0
0
213
50
1794.91049913941
39
2291
0
0
478
234.25
4362.45161290323
2546.5
939
1461.5
1048.83333333333
702
2938.90963855422
533
0
0
2553.33333333333
0
1552.05405405405
0
0
0
0
4012
2142.47
3942
842
0
2301
3910
0
0
81
6305.30769230769
902
1769
880
0
0
14807
42542
0
4267.33333333333
0
28
0
439
0
15
424
184
0
533
0
146
12
92
374
664
365
229
0
386
0
0
2861
3616
120
3539
735.5
1192
0
0
0
0
1582
0
0
1898.85714285714
662
0
79
464
0
430
0
2013
2001
0
0
1
0
2675.33333333333
102
147
1348
916
1246
483
0
0
1578
2605.5
353
0
2482
41
0
0
1309.64601769912
1096
477.5
6584
284
32
0
120
0
110
517
0
1569
1804.79104477612
289
0
175
0
250
312
1986
46
0
223
0
883
5
5100.30322580645
2298
0
2385
1088
0
4999.33333333333
0
0
0
1336.64285714286
0
11119.6666666667
643
0
5846.8
0
0
169
1961
0
0
6542
418
0
699
347
0
400
384
0
242
44
2416
0
193
3058
0
98
1303
7003.33333333333
0
0
6095.28333333333
346
0
0
0
9683
5445
0
832
0
194
0
0
819
5
988
0
4978
842
0
0
84
1188
359
4010
1590.5
542
9
5718.5
0
1669.9471890971
1004
0
0
724
1564
182
294.5
0
392
1044.5
1142
0
1559
11024.3333333333
252
0
0
2003
0
2366
99
681
847
903.5
1454.21022727273
2155
0
104
1845.92771084337
3177
12491
63
14
204
575
0
442
110
1934
1091
874
1059.27941176471
0
0
686
0
0
1349
174
0
0
0
0
0
856.142857142857
0
0
0
4685.54545454546
0
0
641.5
6467
216
119
805
1543
428
0
0
3022
0
1230.33333333333
303.666666666667
3
2568
92
0
553
1044
0
0
0
193
2428.5
66
0
61
753
1322
130
1865.25
880
2028
8768.93939393939
333
0
289
2681
0
205
1752
0
0
3061.74444444444
0
0
23
18095
2105
0
9
0
0
0
568
0
1842.94444444444
0
0
0
998
679
0
0
618
813.4
0
0
0
271
0
5480
355
1694.82142857143
0
2206.81818181818
340
2731.5
3790
0
1267
109
0
4533
105
0
576
0
521
0
2538
949
1586
0
1191.4
0
0
64
0
0
0
1565
3005.125
801.9
662.510204081633
302.666666666667
0
0
0
86
884
349
0
0
0
11918
0
0
43
6670
805
0
127
277
2310
180
0
2797.5
228
347.5
0
0
162
0
0
817
1435
0
0
71
1665
0
0
485
0
0
0
5645
517
61
426
0
13
129
0
0
3928
1201.09090909091
286
899.5
459
0
0
1903.5
312
247
0
440
1019
1342
117
527
1182.03571428571
1126.46923076923
0
0
216
1016
1307
184
0
0
439
3415
0
1942
0
2001
1957
0
1619
431.769230769231
2075
93
0
0
27
652
0
864
113
1205
0
1152
224
315
0
1975
1347
361
1141.29565217391
0
0
426.7
8709
930
0
3043.58823529412
340
110
317
407
0
407
0
2028
0
354.5
0
1089
738
1389.66666666667
737
0
1870.5
3771
521
253
1237
0
48
984
0
1279.79104477612
1065
0
8435
0
0
101
1013
5279.77272727273
298
4381.88235294118
0
247
0
947.666666666667
0
127
1514
768.5
1100
312.5
0
684
62
0
323
2817
849
1433.5
1788
0
0
2816
0
0
575
0
1728.5
505
488
0
0
6136.5
788
1175.30769230769
0
0
0
0
754
0
258
0
0
0
708.5
0
0
0
469
0
199
19039.6666666667
1.5
0
230
0
2405.64356435644
0
99
0
1213
1997
2317.66666666667
0
218
0
0
0
0
0
4529.66666666667
0
244
244
490
0
1218
610
433
0
3178
0
524.5
0
9044
5616
1977
685
200
0
0
1172.5
0
0
0
165
1133.86770833333
0
0
1968
4
35
0
1806.5
904.375
92
123
0
71
1650
0
0
4974.89887640449
0
0
234
0
3327
0
0
94
491
0
2001
134
479
0
327
0
577
0
3942
157
369
0
4863
1148
0
165
290
0
32
0
391
0
0
724.636363636364
632
1089.5
0
0
0
917
94
2307
1065.5
0
0
594
878
0
764
2593
0
0
0
1714
0
377
0
0
1346
0
1765.74942528736
0
0
0
19038.5
0
0
9208
0
0
0
19104
0
2100.5
1968
0
2977
0
0
39
0
0
1704
0
1114
1212
2081
0
0
1780
182
5104.5
2026
0
0
1879
595
113
1998
922
144
0
0
425
5439
12714.1904761905
0
205
659
0
0
0
0
1842
0
3706.97959183673
7042
0
766
2056
1832
797
123
4631
0
0
1611
72
935.531914893617
871.5
1918
9
1963
570
0
805
0
1318.35064935065
263
32286
945
99
1044
1128
0
1992
0
892.5
160
0
588
357
118
321
0
3374.61290322581
0
234
1
0
0
0
0
15762.85
201
0
0
0
1854
0
294
514
0
0
0
378
0
374
0
0
1941.67647058824
7571
557
0
0
0
365
0
705.333333333333
0
92
3352
0
0
4738
787.272727272727
1573
0
8303.16666666667
1484
341
1
833
0
4863
0
0
0
0
355.5
0
1458
2703
1260.5
0
0
0
3009
1092
130
0
1859.66666666667
0
0
2172
312
0
331
522
0
1326.5
196
0
1030
0
0
0
564
2175
2309
0
0
3749
0
1665.91666666667
389
2000
1178
0
829
878.75
0
6203
942
2072
0
2000
475.440251572327
652.5
0
793
429
0
0
292.5
288
0
3877
0
833
0
198
614
0
81
663
535
3540
0
805
430
0
0
912
1543
878
11582
40
441
59997
829
641
0
0
0
275
667
21409
0
0
111
0
93
0
0
0
1129
0
2412
5001
524
1005
640
1008
5661
0
0
2185.95192307692
0
7761
1989
0
5529
0
12725
416
0
267
2203.81818181818
484
0
0
393
0
2352
0
951
53
796
0
0
1985
1661.75384615385
0
748
501
0
0
1388.5
47265
6311.89473684211
0
2285.95652173913
0
92
0
0
1643
2800.52083333333
191
9269
0
1576
0
14
2015
159
0
0
121
628.538226299694
4837.27586206897
4842.4
0
1258
381
230
0
0
3106.15384615385
0
0
0
145
1702
0
2144
0
238
0
3002.33333333333
0
0
1516
95
0
0
2
0
3944
0
0
1461
2092
0
735.243902439024
1896
2364
864.625
0
0
0
5360
0
232
879.666666666667
0
162
280
455
760.096153846154
0
688
1919.5
246
12762
68
1032.14285714286
1963
420
1153.83333333333
1868
0
0
0
0
183
370
855
0
225992.5
2270.13492063492
11775
35
4313
1349
0
2947
0
0
0
944
3233
1641.05357142857
0
2546
681
0
0
2895.0197044335
987
4314.06756756757
644.5
1100
1195
325
0
0
3781.85869565217
0
0
0
0
211.333333333333
126
0
5001
0
0
0
104
0
7325.5
1933
0
1988
0
335
2206
2045
3040
1653
219
90
2549.74104683196
6746
0
1204
966
735.571428571429
0
0
4018
0
766.410256410256
0
11622
1901
561
121
446
0
0
0
1700
7712
312
0
1561.63461538462
0
4456
0
0
0
193
4932
0
0
0
0
0
323
0
0
1081.5
918
4
0
3384.42857142857
1167.21739130435
0
3689.33333333333
334
2191
1948
11021.75
0
213
0
0
357
399
3600
0
0
0
0
0
0
0
900.5
0
0
1122.37106918239
452
0
985
0
0
775
92
437
0
0
505
0
0
0
0
0
789.886010362694
0
0
0
102
803
234
1787.9
186
0
3102
0
11774
0
0
0
1689.22562674095
996
503
1281
0
0
134
2050
0
1956
791
215
1613.45652173913
0
1064.5
459
267
66
0
0
4430.28571428571
0
329
703.911290322581
842
0
670
328
2354.93548387097
5534
759.5
271.333333333333
2006
1212
0
208
142
0
0
0
1002
0
0
0
0
0
928
0
6481
0
0
142
0
3064.81818181818
109
0
1912
945.5
128
888
0
1382
0
36
54
1055.44594594595
6664.33333333333
1046
0
0
3491
434
0
0
1141
0
0
4776
1793
1996
230
0
397.5
0
0
225
1917
903
11726
895.764705882353
53
0
298
0
0
0
0
0
0
2316
154
0
47
3234
2007
1062
0
1999
654
0
0
0
0
0
299
0
1
61
506
0
0
309
0
197
0
178
0
0
1735
0
656
4013
0
12390
9403
0
0
0
1392
2985
1497
0
0
1988
1732
127
0
1654
595
0
0
0
1718.27272727273
6217
0
0
388
0
0
0
0
773
2148
77
0
0
0
5478
3848
1056.4
0
1932
0
21
1671
1323.5
4669.12396694215
331
0
43
920
0
0
1938
768
4997
316
0
0
0
0
19910
88
216
3208.8
0
791
0
14415
626.275510204082
460
4018
0
1507
44
1328
3961.5
900
392
309
261
0
0
0
8289
1286
1472.5
0
0
0
47
0
0
47
0
1305
0
0
1212
0
0
372
7
2069
1852
2001
900
11582
0
2508
7711.5
632
472
270
488
0
56
0
9062
318
1659
353
0
103
222
238
737
0
1509.14285714286
549.666666666667
11317
182
461
771
1676
2592
0
0
10526.0963855422
899
267
1709
0
951
485
0
15
1799
0
0
738
157
0
0
0
2441
155
1525
84
0
0
755.111111111111
814
1677
102
406
0
1749
285.333333333333
946
0
0
6.5
0
0
123
755
201
561
0
5636.50318471338
120
1990
315
1985
1533
197
697.136363636364
1878
0
0
0
50
2935
0
1564
250
0
760
0
293
0
0
709.333333333333
1237
0
0
12880.7272727273
362
296
25
0
2128.02604166667
356
95
0
2156
5244.53676470588
0
692
0
1006.5
861
1371
0
0
309
60
7
64
435
0
1083
0
64
1188
22
838
0
0
0
0
1507
221
380
0
1750
1757
0
229
3173
0
0
633
0
1265
3090
1532.5
0
0
1203.03174603175
0
1383
0
793
4248
983
2833
123
0
1391
263
0
118
0
0
2087
0
1378.0404040404
1279
80
0
3
0
311
2018
0
8710.5
0
976.714285714286
208
4969
0
724
0
0
536
0
1298
0
0
411
0
0
0
5830
0
0
0
0
1154
0
21925.5
25
373.2
1135.38983050847
0
0
0
1308.66666666667
468
409
99
675
0
0
285
0
0
0
0
651
0
0
0
12
1612
2162.98039215686
705
1327
652
131
0
1941
445
729
0
0
2093
335
0
299
0
0
872.202898550725
995
909
233
0
1006
0
103
1840
0
2003
1628
0
0
1519
175
0
1158.92307692308
187
0
897
0
0
0
1105
0
0
0
1
6556
431
0
0
103
0
956
1029
295
0
0
465
1462
1009
0
0
0
0
0
0
17660.0714285714
0
335
913
786
0
0
0
313
1133
805
1687
3830
499
295
0
1451.66666666667
2307
45
0
1664
0
0
327
362
616
0
0
0
408
1
0
6318
505
0
1456
2982.77016129032
0
0
100
0
316
1934
0
1021
996
0
0
4360.43902439024
216
382
0
0
8071
0
0
357
121
557.75
829
114
3999
0
0
0
7167
564
1527
0
566.545454545455
0
793
798
0
0
0
8435
0
0
0
0
1474
0
0
0
575
216
259
1084
166
1937
538
1410
0
0
0
476
1138.81065088757
913
0
1992
4835
0
0
0
2879.5078125
26
0
25240.3076923077
546.5
562
2015
1038
0
120
0
1037
0
4643
0
557
0
0
1996
38287
565
0
0
2684
0
1550
0
124
0
0
0
274
0
0
0
647
1572
10431
0
1554
0
0
2696.625
916
348
304
676
2088
2228.27397260274
0
0
1326
1775
0
0
369
641.5
0
9
0
0
0
523
803
0
0
7
558
0
0
44110
0
751
422
3969
1630
0
0
193
0
190
489
11518
319
916
0
0
316
308
213
377
1442
102
0
0
0
0
0
0
0
189
762
0
2283
638.5
0
1633
0
0
0
0
2568
2247
255
0
1683
2508
1976
0
0
78
0
0
0
0
120
94
0
337
0
0
149
0
794
293
805
0
0
1119.9
520
299
11456.3493975904
0
0
0
0
31791
1195.90322580645
0
0
118
166
2656.42857142857
196
471
121
0
5459.64444444444
3696
590
2123
2312
971
0
1441.77777777778
0
79
0
1101
0
6565
1298.5
0
0
1218.5
340
0
0
725
1260
0
2086
0
633
741
223
900
0
0
1734
1577.82520325203
0
2011
816.461538461538
63
30
11913.88
3698
123
0
507
994
0
0
92
636
0
0
435.5
6742
214
0
1959
0
1541
0
2255.90566037736
726.5
0
0
0
0
4146.7
2025
2142
2508.24503311258
1857
394
0
151
0
0
0
2231
4320
0
0
818
0
1667.5
163
762
564
0
2022
3245
167
5046.08695652174
138
1527
0
103
0
0
0
0
259
823
0
0
4060
0
370
9
890
305
968.5
37
0
882
23
2506
2340.43650793651
11004
0
0
0
52
0
22579
8
6907
552
0
42
1425
494
2444.5
350
19765
1597
1861.4380952381
0
0
104
4797
0
0
0
0
0
0
0
0
702.166666666667
16
1980
0
919
113
10085
0
204
0
0
5988
474
3282
1399.89261744966
33
0
933.833333333333
1965
576
0
0
2001
392
0
1029
230
0
0
95
1759.72894736842
2000
852
0
431
4817
3016.5
55
1293
0
1968
0
651
0
898
1264
9411
0
0
1148
0
1403
52
520
0
3148
0
1430
0
1079
160
0
1047.6
1588
0
0
134
0
0
448
0
208
0
229
0
3396
0
2077
0
2901
155.5
0
205
370
989.5
0
0
0
208
1285
0
4387
594
0
517
2074
0
0
882
4827
2007
0
1043
72
3012
10779
495
382
1045
473
0
33
0
451
4256
0
0
0
1712
0
0
2982
96
0
3877
0
125
2401
653
591
179
0
994
166
846
3793
0
0
0
176
54
0
0
845
1656.21127348643
0
1670
13916
622
0
187
11
907
0
22
0
0
0
22875
193
536
91
255
1597
602
0
0
2471
0
755
0
8
2494.73821989529
1879
1148
165
957
2120
506
0
0
342
1974
0
0
0
0
1938
223
1841.6976744186
329.5
3556
0
990.510638297872
0
1990
0
2219.6
0
0
369
2504.88461538462
3022
0
0
6.5
0
7281
3186
12995
238
266
0
0
2149
239.5
0
0
0
0
750
591
1314.84
362
777
0
2916
0
120
111
0
0
0
0
1436.51102204409
12
4018
0
439
0
2068
0
1279
451
0
0
0
0
182
0
0
0
0
2015
791
0
192
1009
598
1090
0
0
246
0
783
0
1105
0
0
609
1033.91358024691
10782.4285714286
491
0
98
2352
13109
0
1338
0
182
57
0
239
0
0
0
984
1129
0
0
1225.82278481013
0
0
1349
0
1956
0
1310
2201
941
0
864
0
975.593023255814
0
1408
3399.6
0
0
3051.83333333333
0
187
1266
1
567
831
0
1230.09090909091
531
2461.4
565
0
3066
1246
0
0
324
2324
136
1992
426
3248
87
40
3725
0
1308
88
1039
0
1104
0
997.5
0
11426.3333333333
0
1658
1303.21621621622
1061.09756097561
0
0
870
0
1194
748
0
975
944
0
0
1765
0
539
1471.66666666667
850
0
21072
2843
32
0
407
0
533
2851
0
0
1610
631
0
0
244
569
169
0
176
1451
370
1904
1181.54761904762
0
323
1630
70
0
1293.65384615385
99
1863
0
0
469
711
0
1237
0
1433
0
0
0
121
6567.33333333333
5275.66666666667
0
0
1809
2945
0
0
1194
1212
853
0
1553
60
0
14
0
2198
0
0
92
0
887
624
70
4488
1243
4429
0
0
0
369
0
214
1994
216
0
0
0
1596
373
238
0
615
69
4041.66666666667
0
0
0
0
315
509
107.5
2137
2006
0
5707
1994
0
1430
13109
669
27638
1243
0
5174
5071
256
0
5522
397
0
177
0
0
0
0
756
193
0
225.5
0
0
188
0
0
283
0
1279
0
0
0
392
0
0
1641.44444444444
0
329
377
2089
0
421
9048
685
0
0
0
0
2547
0
597
0
32286
0
0
0
0
5071
0
1798
0
652
62
0
0
1919
0
182
0
0
0
4815
589
0
1403
0
1515
807
782
0
2427
339
10131
614
0
1012
0
308
1555.31578947368
0
528
0
828
0
452
0
1542
0
4085
0
0
1197
413
0
0
0
0
0
1864
230
8
0
1618
2018
0
453
3415
0
304
3471.5
386
387.333333333333
0
874
0
1530
3038.41379310345
0
706
762
0
1965
119.5
0
843
0
471
0
0
903
480.75
0
0
1957
1993
1002
1635
0
364
1876
835
3963.13513513514
0
0
2064
0
0
0
0
324
80
767
136
0
924
321
2203
548
0
0
0
925
1304
2062
5201
12501
783
193
299
346
0
6416
598
359
1025
8124
0
0
4863
1067
1879.5
0
1004
2117.35416666667
0
0
498
1025
447
3371
0
0
0
1223
2751.5
341
0
142
0
0
163
3449
0
0
0
1445
1854
0
0
1273
4497.5
1800
287
2438
2206
461
748
21
367
6044
475
0
355
0
285
230
0
5917
0
1510
0
0
0
806
13916
0
608
2004
0
451
1380
0
0
0
0
4001.68041237113
1792
1087
0
461
1927
2004
0
208
1610
861
411
0
1121
7
2319
3696
0
0
43
0
1219
0
403
1565
0
488
5917
5500.8
0
0
0
0
2070
511
292
1080
0
0
4683
77
0
1188
833
1999
207
0
238.25
0
1557
258
727
0
1118.375
2272
562
665
711
549.666666666667
0
0
1841
0
660
75
0
0
0
0
702
229
1143.92592592593
296
673
66
0
253
2367.37037037037
0
1280
345
805
675
0
188
663
0
163
0
0
783.461538461538
0
223
0
42
0
319
0
1540.43396226415
30
565
0
0
0
593
0
41187.5
2804
1934
0
601
0
1180
344
0
0
843
0
0
504
0
2357
0
643
0
0
467
554
18812
677
110
111
0
0
4526
1676
941
335
0
0
479
0
0
0
0
81
454
636
147
1675
0
0
640
0
0
0
8860
0
90
0
0
469
0
1340
0
0
0
0
462
157
155
128
221
0
0
0
0
2104
413
546
0
99
0
0
4048.24193548387
452
596.75
1361
299
0
0
33
0
0
2567.58479532164
1457.734375
0
1766
1262
1021
86
0
786
1498
293
0
2098
721
1763
1135
64
0
0
0
20
0
722
0
0
408
153
0
269.333333333333
0
688
0
0
1885
1050.51948051948
0
0
2498
0
0
135
0
0
746
0
0
0
407
1840
294
246
1273
0
0
0
0
1326
607
0
1991
487
1325
0
1087
0
0
1552
0
495
315
1146
4175
0
1308
89
1227
1966
0
1125.77777777778
2217.47169811321
0
608.5
0
0
2241.55172413793
0
983
2054
373
0
0
0
936.894308943089
7067
0
132
7371
0
0
0
0
689
0
0
188
641
0
666
705
0
996.933333333333
1542
0
0
931
0
0
0
1320.75
1095
1370
0
712
324
0
849
0
0
0
226
1286
1175
0
0
1837
2006
1487
0
1996
321
154
1799
676
13268.8333333333
1716
10
0
3240
1349
993
0
0
930
1976
0
3415
6
0
0
0
1686
0
0
175
0
0
2247
0
464
0
408
1371.2
341
44
0
1723
3413
274
72
1879.25
2340
625
2609
0
0
0
0
246
0
636
0
758.75
0
572
0
730
312
755
843.923076923077
92
0
260
0
267
147
0
1442
35
900
1356
0
0
0
234
0
25
0
2946
0
109
781
0
0
439
1427
0
755
4234
0
402
355
1619
3881
0
0
0
23
99
0
4196
0
123
658
459
7
0
90
0
108
130
2134
0
564
0
758
492
924.5
0
0
0
0
1191
0
1343
0
0
74
3133.88461538462
84
312
493
1963
0
352
746
1082
0
38
1651
631.75
2423
317
464
7967
0
3317
0
0
5480
854
0
262
2331.5
1968
328
1018
177
0
0
0
375
2470.65753424658
0
0
347
191
1975
1416.5
937
554
829
1782
0
0
0
5139
365
0
3
708
910
229
813
6490
896.021778584392
1186
2091
0
1576
1979
0
227
3012
902
3890
0
0
522
5900
0
18
5370
462
695
0
1720
242
3022
312
0
0
0
2003
2451.73090909091
0
100
0
2722
829.060606060606
5534
0
0
1938
0
52
1995
14937.2727272727
286
3530
0
0
29
0
0
3008
993
411
1180
0
1830
1935
394
454
995
1994
0
398
0
0
0
0
2153
0
2708.71428571429
2311
0
2286
0
0
0
0
1039.25
504
11
90
947
751
532
717.272727272727
0
132
1900
0
549
0
0
846
1129
0
966
0
0
99
2389
0
230
204
0
0
1339
70
0
0
46
1063
364
0
0
0
3438
0
1023.25
2045
1941
0
352
1438
0
451
2198
1061
2013
0
0
591
0
0
327
437
0
675
1466.3137254902
2001
0
22
0
1500.16666666667
0
0
0
1332.75
1726
2636.35714285714
363
0
0
92
0
723.833333333333
1931
1111
0
0
0
0
1935
0
68
0
1293.5
0
6
0
37
0
726
328
1590
1893.22142857143
134
1880
1353.10752688172
1888
92
0
0
230
0
932
0
786
0
0
471
1388.5
1606
949
0
0
0
562
4870
121
1568
0
565
2413.19718309859
6650
1147.5
425
2058
274
496
0
132
2619.61111111111
2006
0
0
0
437
94
518
0
5986.4
1884
143
0
0
658
0
473
94
253
0
0
1794
270
7585
1430.70588235294
0
364
107
0
0
185
99
1095
0
69
0
0
2486
604
0
1342
371
0
107
0
1263
667.888888888889
0
33
1458
2365
2284
415
157
0
264
7815
315
0
11553.5
1322
1273
0
266.333333333333
1997
3429
0
2801
0
77
486
1865
0
1476.26277372263
1129
0
617
229
25768
0
0
2491.57142857143
0
1450
0
659.666666666667
13575.52
7967
0
0
708
0
96
272
724
3
708
1819
674
247
990
2789.35820895522
2047
9449
461
0
1171
327
0
193
2048
24497
820
0
614
0
0
0
0
0
0
0
1993
0
0
0
119
0
0
428
0
114
65
0
2268
0
0
334
0
375.333333333333
0
1539
0
0
1875
394
1988
0
0
178
0
157
0
0
131
2246
495
839.784267912773
1283
2231
805
0
2910.29787234043
0
0
0
1129
838.916666666667
0
1771
0
89
545
0
2082.5
0
28
404.333333333333
0
0
0
0
245
1424
0
1255
2436
883
0
138
9722.33333333333
2315.31818181818
79
154
877.5
0
2068
0
0
0
0
0
0
558
211
4123
0
123
752
0
8638
0
0
0
2463
0
0
513
293
914
8
2624
1108
3
2
0
0
585
2707
1035.33333333333
443
0
0
42
1279
0
3179
2036
197
0
973
0
1414
0
239
299
144.5
1813.46666666667
22089
0
3193.81818181818
0
0
358
206
1898
953
0
3991.31707317073
0
0
847
513
0
0
99
0
1746.41836734694
0
1766
0
4432.7
2523
2341
179
370
0
635
0
1105
0
336
883.04
0
0
294
3957
2137.48387096774
651
319
7465
1231
557
2220.05263157895
165
612
2943
2268
510
2053
0
3749
2000
0
0
0
3614
0
587
105
4815.71428571429
0
26
274
47
2001
1903
0
127
0
266
966
725.4
1781
1427
0
0
890
0
0
0
1188
468
1597
2262
312
0
0
1916
0
0
555
0
453
0
0
1279
150
0
0
878
188
14415
0
650
305
572
905
387
234
3637
894
432
0
0
4374.5
2035.83673469388
0
2065
0
234
2301
464
388
1263
3201.875
0
0
415
0
0
540.145962732919
0
0
221
0
3005
0
0
4525.11538461538
0
0
1188.94797687861
525
652
341
4738
0
3052
0
1410
967
2004
4
0
5229
0
0
95
1494
9366.6875
870
92
785
0
1470
108
113
2042
4754
382
0
0
0
0
10073
0
0
0
0
1084
0
0
410
403
0
2003
505
0
20854
1964
81
1388
4670
0
3374
240
142
2741
289
0
0
0
418
61
725
0
216
0
687
389
122
0
0
6437
1915
0
0
1362
236
0
0
0
2268
1167
0
435
1137
0
337
66
110
493
0
258
5920
0
0
1974
0
16577
1100
0
0
0
0
1245
645.820895522388
3412
0
0
0
0
0
1256
2663
0
0
0
0
327
0
689
478
0
89
810
1925.58333333333
0
289
0
0
0
0
165
909
663
1143
555
426
159
4368.7
1306
0
0
908.6
0
1379.63636363636
0
0
1315
247
0
0
382
0
0
0
1643
0
4607
12840
0
0
0
632
39
791
1829.7277486911
853
505
0
834
8664
689
456
1784.97297297297
122
0
1052.79411764706
0
0
3012
377
0
94
0
0
0
0
845
0
0
5385.19230769231
2323
22875
1695.8
1062
286
0
55
291
0
0
877
0
0
0
630
97
358
2624
0
1299
0
0
1993
2004
0
0
93
0
1374.20802919708
64
0
0
0
0
0
317
0
353
0
712.5
0
2031.12195121951
0
318
0
2067.30769230769
126
0
1039
33
0
0
1129
720
0
18095
86
0
1232
455
271
0
40
2244
0
0
304
434
0
0
47
0
211
5
0
5402
0
25
0
1100
0
0
380
0
2452.71428571429
998
2178
0
0
0
0
0
525
303
3877.02919708029
70
0
722
89
0
7761
422
2108
6446.5
176203
0
7197
0
353
218
1106
1695
766
0
2024
9070
961
226
433
4567
345
283
9683
0
520
0
0
0
4687
0
0
37
0
0
2275
679
230
1414.33333333333
1991
308
1798
859
66
333
418
126
686
360
762.863636363636
162
1366.97489239598
1375
0
550
0
0
0
0
0
433
270
0
2303
0
235
1911
0
361
0
1281.5
0
2001
4798
0
1318.5
1839
0
2043.57142857143
0
0
229
65
2313.51818181818
0
1148
1191
678
282
188
463
0
3449.26923076923
917
1852
0
0
1651
522
0
529
4450.83333333333
0
0
234
0
363
130
4753.66666666667
46
0
0
1308
417
0
1845.5
0
1983
0
1651
1305
0
495
5003
530
3523
0
914
0
0
2013
0
435
0
46
179
2017.6862745098
0
0
1450
0
0
0
0
2445
2840.77922077922
1266
1145
0
10131
0
1988
0
874
0
2187.83835616438
940.285714285714
937
270
1469
0
3660
0
0
0
12
1957
334
3022
1263
814
0
513
541
444
522
45
1751
0
0
0
528
0
0
590
0
253
0
24602.5
0
3435
0
0
0
0
0
0
10274
0
0
8581
0
0
82
0
352
388
466
0
0
3637
0
0
0
0
0
1955
0
739
0
1641
742
0
0
0
421
239
1
0
0
0
0
0
315
194
0
778
0
854.425
196
0
983
1128
795
212
0
2057.64
0
0
0
110
15711
81
867
0
352
8210.91688311688
0
4948.11578947368
1789.85
2001
1547
0
1997
0
0
0
0
1912.61538461538
1164
2994.26315789474
632
0
927.75
0
0
944
0
381.333333333333
0
143
0
2604
516
0
0
589
1569
0
0
104
550
1726
2148
0
0
944
183
0
0
105
0
0
833
4
1392
0
390.5
847.833333333333
0
0
123
0
1859
1757
21
14
1144
0
0
527
1867
186
886.397849462366
0
0
0
0
314
158
357.5
1337
243
592
536
731
1430
0
0
802
1380
0
0
518
0
409
585
0
0
1351.06402695872
1009.8
1535
0
246
0
5316.3904109589
611
0
57
0
0
329
0
631
0
438
842
0
493
86
2273.15384615385
1519
0
101
0
5917
5726
3925.06741573034
1032
344
0
228
692
0
1985
0
0
0
0
7633
72
0
1482
474.45
1155.52083333333
0
299
726
0
1017
0
379
4319.55294117647
443
34
3012
1835.9375
0
676.116279069767
0
0
1885
0
119
0
93
1464
229
0
0
0
576
0
0
303
549
805
432
0
0
0
3376
0
0
0
0
1032
0
420
955
467
1573.66666666667
641
99
0
1392
2221
625.436781609195
636
590
1770
0
0
691
1069
441.5
0
1300
5728
1310
0
1394.67567567568
655
0
0
0
573
581
985
238
605
300
1968
0
1992
6
0
933
0
261
0
53
638
1626
0
0
0
1021
148
0
255
0
655.285714285714
0
155
0
0
1958
984.428571428571
753
1237
238
1541
6
57.75
0
0
0
21803.6666666667
550
59
0
0
935.4
26805
0
887.166666666667
1834.25
2724
93
13
0
320
0
10152.6666666667
0
59
521
0
0
1465.6
0
9648
983.384615384615
1153
0
589.666666666667
0
237.5
0
0
1207
776.25
303.333333333333
1252.72
3006.11111111111
0
0
0
2020
0
32
717
466
150
1087.875
18280
989.5
0
0
0
5573
0
1474
0
0
0
0
0
0
0
42
1505.5
0
3279
2086.33333333333
447.571428571429
1765.71875
491.818181818182
233
0
0
1590
530
968.666666666667
988
0
0
0
150
150
2757
519
1146
197
0
496
0
1961
0
0
466
1568
0
1877.03703703704
0
5004.5
1129
8286.25
399
1376.08823529412
0
0
0
2016
0
0
0
851
503.333333333333
2577.5
0
1293.5
784
624
0
0
0
624
0
962
0
0
451
0
0
6144
0
25768
25048.5
1028.75
237
393
0
468
603
1364.1
795.333333333333
1227
0
0
344.5
12
0
0
0
2130.77777777778
0
331
0
0
0
31791
25
0
0
0
0
0
0
962
0
144
352
4815
112
0
1422
1608
0
0
0
0
0
0
1219.5
0
0
0
1944
1936
1429.93103448276
1101
0
0
0
1724.5
0
1132
0
0
1308.51612903226
0
1129
577
0
26018
0
0
310
2154
944
2018
6230
0
920
0
0
0
0
3747.78571428571
0
81
0
0
0
1264
642.75
58
957
570
530
342
0
0
2870
0
0
1717
0
70
0
0
0
323
734
2314
0
0
0
0
1129
1284
0
466
2951
0
2309
303
0
0
0
283
0
1172
0
976.694444444444
0
0
0
0
14774
0
0
0
0
1891
1371
162
0
0
0
0
0
0
0
440.5
1182
353
0
134
2474
297
153
0
407
0
101
0
0
58434
8551
0
0
0
530
0
254
312
0
2505.5652173913
0
0
0
269
1958.33333333333
1858.30054644809
0
1709
0
2004
1631
5
0
235
0
0
0
0
0
295
0
1008
641
262
16
0
387
0
2394
357.5
0
1542
0
858
0
466
6794
0
614
504
100
0
295
0
0
0
0
0
0
0
112
0
0
1153.4
0
0
683
243
150.666666666667
0
1840.67953216374
0
449
275.428571428571
17641
0
0
54
6400
1367
0
530
0
0
0
1011
1603
0
0
0
0
558
0
0
0
0
0
1459.75
0
0
0
0
0
572
1427
310.296296296296
271
0
16
2575.94444444444
1257
0
3445.45070422535
742
3096.66666666667
487
693.307692307692
0
13343.5
0
0
0
710
0
0
0
0
0
0
1480
0
0
0
581.5
0
828.275862068965
941.333333333333
0
157.666666666667
0
0
126
0
0
1998.71428571429
0
0
1427
1876.83333333333
261
364.301886792453
1427
0
4435
0
678.2
345
821
0
0
0
0
0
7.14285714285714
0
0
0
0
0
0
0
0
0
0
0
0
1855.16666666667
1545
282.333333333333
0
0
485
0
232
0
0
188
0
1427
2013.66666666667
0
962
0
0
0
0
0
0
494
0
0
0
70.3333333333333
0
329.538461538462
1347.61538461538
468
309
0
0
357
40839
0
150
0
0
0
0
253.333333333333
0
0
0
0
0
0
0
0
0
161.666666666667
51
0
759
250.666666666667
1803
0
0
0
0
0
0
0
0
0
0
0
0
608
848
0
12786
1241
0
0
0
0
0
0
0
2789.70967741935
66.4285714285714
1726
504
0
0
0
0
1110
0
0
0
0
0
0
0
4314
317
0
0
0
2944
826.571428571429
904
0
0
0
0
726
0
0
0
0
0
0
0
0
1026
276.8
1255
5886.5
0
0
0
2613
0
0
0
0
0
607
0
890
0
0
0
2806
26.5
0
0
1163.75
5009.33333333333
0
440.333333333333
0
0
224
168.666666666667
653
0
0
985
0
0
0
16
1579
0
1
0
455.8
0
0
0
0
2016
3279
0
0
0
0
0
0
0
0
1436
0
0
0
0
0
0
0
0
0
0
912
0
0
0
156
15978
2471
1120.95348837209
1427
0
332
0
0
0
0
336
0
0
194
0
0
0
0
0
1687
1153
4815
31
6101
0
0
5678
0
0
627
962
0
564
0
0
0
971.666666666667
0
41
0
0
1828.33333333333
0
0
0
0
702
0
0
0
0
0
0
0
0
0
0
0
8055.83333333333
0
3842
1800
0
0
0
0
1052
0
0
0
1394
0
0
0
0
0
0
2884
0
1427
231
0
0
0
0
2193.75
0
1172
0
0
97
0
0
374.333333333333
1511
0
253
0
2689
428
0
0
0
0
0
0
0
0
0
0
0
0
657
25746
0
1302
450
0
0
0
0
0
0
0
0
0
0
885
0
1023
761
0
0
0
0
0
0
0
182
442
0
0
0
0
0
0
0
0
0
0
0
0
0
0
0
0
0
970.5
0
130
13221
0
2553
71234.7234042553
0
1272
0
0
0
0
0
0
0
0
0
1567
0
0
156
2804.4
822
0
1
37
0
0
49
0
0
2011
0
1034
0
0
0
0
0
0
0
0
137
603
0
0
0
3271
0
0
0
25746
0
0
0
0
0
0
63
0
0
0
0
0
0
0
0
0
0
0
0
0
0
142
0
0
0
0
0
0
199
1570
0
0
0
0
1724
0
0
0
0
0
0
0
611.5
1294
0
0
0
0
0
0
0
0
0
722
0
0
0
0
118.5
0
0
0
0
0
0
0
0
27080.95
658
0
617
0
1401
718
0
0
336
0
0
541
394
0
0
0
0
0
0
0
632
4031
0
283
0
0
483.5
0
0
0
0
0
0
0
0
0
0
0
6729
0
0
1181
899.333333333333
0
0
0
0
0
0
0
0
2813
0
0
0
0
545
0
0
0
890
12
1930
0
248
0
0
0
0
0
809
0
2760.88888888889
0
0
0
0
154
1729
0
0
0
0
0
0
0
0
288
0
8684
12390
0
136
0
0
0
0
0
0
0
0
0
0
1
0
0
0
0
0
0
372
68
0
0
0
0
575
689
0
0
0
0
0
0
0
0
726
0
0
0
0
0
0
759
0
3202
0
0
0
0
0
0
0
0
0
0
0
0
0
0
295
0
0
974
0
0
0
966
0
0
0
0
0
1044
0
0
0
5863
0
0
2613
0
213
0
752
0
1012.26229508197
699
0
922
1223.75
0
2555
0
0
0
0
0
0
0
0
1197
223
0
9153.61111111111
0
0
0
0
0
1140
0
0
0
1152
0
0
17379.6323529412
0
0
0
0
0
2304
0
1427
16
0
0
0
2686
0
0
0
0
0
0
0
0
0
0
0
0
0
0
0
0
0
0
0
0
285
100
0
0
0
0
0
1427
0
100
0
0
0
0
0
0
1050
0
0
0
31066
1426
0
866
0
0
0
0
372.666666666667
0
0
0
0
0
0
0
0
890
0
0
0
0
0
0
456
4435
3229.11688311688
0
0
2726
0
0
0
0
317
667
0
0
0
439
0
0
1084.5
0
0
0
450
0
196
0
0
0
273
0
0
0
0
0
0
0
0
0
2352
25746
0
0
0
1701
852
0
0
0
9214
0
0
0
0
0
1948
0
0
0
0
0
0
0
0
0
0
0
0
0
3535
495
0
440
0
0
3522
0
0
0
0
0
0
0
0
0
0
0
25746
26
0
0
0
890
0
0
0
7491
955
0
0
0
3009
0
0
0
0
0
17
0
12390
0
0
0
0
0
2153
0
0
0
0
421
0
0
0
0
0
616
4967
0
994
0
306
0
0
0
0
0
0
8225
0
0
0
0
0
0
0
0
0
0
0
0
0
0
0
890
0
75563
0
0
0
760
0
0
0
0
0
0
0
0
0
1285
0
0
6648
0
2001
485
0
0
0
17855
0
4889
0
974
0
407
0
0
0
1480
0
0
0
1399.75
838
0
0
0
0
0
0
0
288
0
0
3432
0
0
0
0
0
962
0
0
0
1278
0
0
0
0
77844.6949152542
0
63892
0
0
0
0
0
0
2997
0
0
0
0
0
0
0
0
0
0
0
0
0
0
0
0
0
0
0
0
1851
22089
483
0
0
0
0
0
1719
0
0
1607
0
317
0
0
0
1035
0
0
0
0
0
0
597
0
841
2042
0
312
0
0
0
0
497
0
0
0
0
0
0
0
0
402
0
0
3375
2219
0
0
0
0
1992
0
0
0
223
0
499
0
0
0
0
0
0
1093
0
0
0
1175
0
200
0
1427
885
0
150
0
0
0
0
891
0
0
309
850
2030
41
1265.42574257426
1620
0
0
0
5
0
0
0
1003.54545454545
0
0
0
0
836
0
0
0
0
0
0
0
154
0
0
0
0
0
5256
0
1188.14285714286
0
237
1930
0
0
870
0
0
0
0
31416
168
0
0
4
0
104
0
763.636363636364
0
0
0
0
372.5
0
0
601
0
1387
0
0
0
0
0
35599
0
0
0
0
0
0
0
0
0
0
0
107.333333333333
0
0
0
1209
0
0
0
0
0
0
1319
0
0
0
0
0
0
72
0
0
0
0
0
0
914
1427
877
0
0
0
190
0
1427
0
0
0
0
0
1868
0
0
0
0
0
0
2709.09259259259
0
369
0
0
0
0
0
0
2482
0
0
0
0
3724
0
0
1432
0
12390
0
0
0
0
0
0
0
0
0
0
0
0
0
0
0
0
0
0
0
0
268.5
698
7488
0
0
0
0
0
0
0
0
241
0
0
0
0
0
0
0
0
0
0
44803.3636363636
0
904
0
474
0
0
0
0
0
1516
0
296
0
0
7730
0
0
78
0
0
0
0
0
0
0
2070
0
0
0
117
0
289
0
1432
621
248
1331
0
0
0
0
0
0
0
0
0
0
0
0
0
72
0
0
0
6670
1
0
0
0
0
0
2448
14897
0
0
0
0
0
0
0
0
0
0
735
0
0
944
0
12
0
0
0
0
322
0
0
1998
0
0
0
0
0
782
0
488
0
0
0
0
2001
0
0
0
0
0
0
0
0
0
0
0
0
0
2131.5
0
211
0
0
0
0
0
0
0
478
0
0
0
0
1070
0
0
0
890
0
0
0
0
0
0
0
0
0
0
0
0
0
1191
0
0
303
0
317
0
0
0
0
0
0
920
733
888
0
0
0
0
0
3897.27777777778
63
413
0
0
0
0
0
0
827.666666666667
139
0
0
0
0
3183.05
0
0
0
0
943
2304.93243243243
0
0
0
2107
5863
0
4191
0
0
0
0
0
511
0
2004
902
1590
0
0
0
0
1493
0
220.666666666667
0
0
0
0
0
49
485
0
0
0
0
1719
0
156
0
0
0
1194
0
0
150
1237
0
0
545
0
1863
0
877
0
0
0
0
0
1094
0
317
0
0
1427
0
7188
0
0
0
0
0
0
0
3808
1604
0
0
0
0
0
0
0
0
0
0
0
0
0
1153
0
0
0
0
228.5
0
0
0
2
0
0
0
0
0
0
0
302
0
0
242
2884
0
0
4554
0
0
0
0
0
0
0
566
0
0
0
0
407
0
578
0
0
248
0
0
0
0
0
0
0
0
0
0
0
0
0
1427
0
0
0
0
0
402
0
0
0
0
0
0
0
0
0
0
0
0
0
0
0
0
0
0
826.5
0
0
0
0
0
0
875
0
1077
0
0
0
1227
0
0
0
0
261
0
0
3159
0
0
0
0
0
926
0
0
0
0
0
0
1302
0
0
0
0
0
1985
0
0
0
1654
81239
0
0
0
0
0
0
0
0
0
1075
0
0
0
0
0
0
0
0
0
0
0
0
0
0
0
0
0
1719
0
0
326
0
0
0
3012.40909090909
0
0
0
0
0
0
1312
0
0
0
0
0
0
0
0
0
941.49710982659
0
1726
0
515
0
0
0
0
0
0
0
0
0
0
0
0
0
890
0
154
0
340
1808
0
0
132
241
0
0
0
0
0
6539
0
24
0
0
0
28770
0
24
404
0
0
4387
0
0
0
0
0
266
337
0
0
0
0
2171
0
0
0
0
0
0
0
0
0
0
0
0
0
0
0
0
0
0
0
600
0
0
0
0
0
0
0
0
0
0
0
0
716
0
0
0
0
0
1347
0
0
0
890
837
0
0
0
3356.5
1357
0
0
0
0
0
0
0
0
0
0
0
1304
0
0
0
0
0
3555
0
0
0
2273
0
0
0
943
0
0
0
877
6
0
0
0
0
0
0
0
0
0
0
0
0
0
0
0
12390
0
0
0
0
0
1403.18181818182
0
0
0
0
0
0
0
0
0
485
0
0
0
0
873
0
0
890
0
0
430.75
0
3030.66666666667
0
0
248
0
0
0
0
1350
0
0
0
0
0
0
261
1172
404
0
0
10873
0
0
0
0
1424
0
0
0
35
0
0
0
0
0
0
0
0
0
654.642857142857
0
0
0
0
0
0
0
0
0
0
0
600
1675.42857142857
0
0
0
1494.25
250
0
0
0
0
28
0
0
335
0
10926.2
0
0
78
0
934
0
0
0
12957
0
0
643.1875
0
0
976
0
2053
3835
0
0
0
0
0
0
1197
0
0
0
0
0
0
1840
0
1427
1259
0
0
0
0
0
0
0
652
0
0
416
437
0
0
703
0
0
0
9
0
0
0
0
0
1999
0
0
0
0
0
0
0
0
1991
0
0
0
0
2031
0
0
1071
0
0
0
0
30679.1666666667
0
0
0
0
0
0
0
0
0
0
0
123
0
0
0
0
0
0
0
0
0
184
0
117
876
0
0
0
0
0
0
0
0
1070
0
0
0
0
0
216
0
960
0
0
0
2990
0
0
1912
682
0
0
0
43
0
0
0
0
0
0
0
44
0
0
82
0
0
0
707
2304
450
0
0
0
890
223
0
0
502
0
0
0
0
0
0
0
0
0
0
0
0
70
0
0
0
0
0
294
0
0
0
0
0
0
0
0
0
0
774
0
0
455
0
154
0
0
0
1436
0
0
0
0
0
0
0
0
5
0
1218
0
0
1440
0
0
0
0
0
0
0
0
0
0
0
0
0
0
0
0
0
0
0
560
0
0
4663
0
0
0
4900
0
0
0
0
0
31
306
0
615
0
0
0
0
0
1316
1315
0
0
0
0
0
3040
0
0
45
0
0
0
0
4881
0
1035
962
0
0
0
0
0
0
0
5009.52941176471
4435
0
0
0
0
0
0
0
332.333333333333
0
0
987
119
0
0
0
0
0
0
0
0
0
1086.5
2075
0
205
0
0
1357
1216.9358974359
900
2441
0
0
2333
0
0
0
0
3046.35135135135
0
0
0
0
0
0
0
0
0
0
0
0
0
0
0
0
0
0
0
0
0
0
0
0
2521
0
0
0
0
0
0
0
0
0
1382
0
0
0
0
0
102
707
2020
0
0
0
2615
0
0
0
0
2385
0
2014
0
0
0
921
0
0
0
0
1427
0
0
0
0
0
0
0
877
0
59097.3333333333
0
0
0
0
0
0
4345
0
0
1
0
0
0
0
0
1089
0
0
0
0
0
244.2
0
0
0
0
0
0
996.666666666667
0
0
0
0
0
0
0
0
0
0
0
909
0
0
0
0
0
0
50977.2857142857
0
664
0
0
597
3815
0
0
0
363
0
0
0
157
0
0
0
0
0
0
0
41
0
0
0
0
0
0
1006.921875
0
0
527.5
0
0
0
0
84
0
0
790
0
0
0
0
0
0
0
0
0
0
0
0
0
743
0
2836
385
0
0
0
0
735
296
545
0
0
102
0
0
0
0
0
0
0
1202
0
934
0
0
0
0
357
758
296
0
0
816.5
0
0
0
0
0
0
0
0
1117
0
0
492
0
0
0
1565
0
0
890
2091
0
0
0
2071
0
0
0
0
0
0
0
0
1989
15722.5
0
2054.73214285714
1204
0
0
1204
890
0
0
0
0
0
1483.5
0
0
0
0
0
0
0
890
303
890
0
0
0
570
0
0
545
0
417
0
0
0
0
0
0
0
890
241
0
890
0
0
0
0
7106
0
0
0
0
0
0
0
0
0
0
0
122
0
0
633
0
0
0
1959.66666666667
2240.2380952381
929
1960.66666666667
0
0
0
1065.5
0
0
0
985
70
0
0
0
0
816
0
0
0
0
0
0
0
0
0
0
0
0
12390
12390
2589
0
0
370
370
0
0
0
0
0
0
0
2352
8644
0
0
58991
0
0
0
0
226
0
583
328
430
0
0
0
1941
807
0
0
0
0
0
0
2304
0
0
0
736
0
0
0
0
0
865
0
0
0
0
1725
0
0
1353.08823529412
0
0
0
0
0
365
0
197
0
0
0
0
0
0
0
6220.5
0
1778
0
0
0
0
0
115
1158
0
0
0
0
3251.33333333333
229
0
0
0
0
890
9924
890
0
974
0
4140.66666666667
890
0
0
0
0
0
0
0
0
0
0
0
0
0
0
890
0
0
0
0
1320
0
273
0
390
0
0
0
0
0
0
0
0
0
0
0
0
0
0
0
0
409
0
1254.34615384615
698
0
0
0
0
12
0
0
0
0
0
0
0
2352
2352
2732
0
0
0
317
0
0
0
0
0
150
0
334
0
1991
0
0
0
0
0
13
0
0
0
0
0
545
0
0
0
0
0
1198
0
0
0
0
0
0
0
0
1321
0
0
1081.66666666667
70
0
890
0
581
0
586
0
1082.46341463415
455
0
322
0
0
0
0
0
1951
0
0
0
0
0
7609
0
132
896.55
0
0
0
376.333333333333
0
850
615
4791
0
1312
0
469.5
1296.5
358
0
0
0
1427
0
0
4889
329
310
1389.5
0
0
3336
0
450506
0
0
495
205
0
0
2001
0
0
0
0
0
0
695
0
1119
0
0
0
0
0
0
0
5252
0
0
0
0
0
1747
0
0
0
0
718.714285714286
0
860
395
0
0
0
0
0
0
0
0
0
0
0
0
243
0
0
0
636
0
0
2264
0
0
570
0
54
0
0
411
411
0
455
2941
105
0
0
0
0
985
450506
240
244
0
0
0
243
0
