0
2887
1
0
12295.3157894737
0
4921.27272727273
9374.14285714286
10229.3333333333
6193
6677.02564102564
2804
3491
0
12022.9393939394
963
3753
0
1214
11403
12997.8
2613
33.6363636363636
8655.80952380952
99
20792
12107.9411764706
21385.1111111111
1551.66666666667
6463.88235294118
5
0.0434782608695652
25
0
4383.2380952381
10490.5
4201.66666666667
24276.3970588235
0
8338
173.785714285714
0
448.333333333333
35278.2307692308
0
11642.0754716981
0
2270.5
8450.625
3
18443
5959.13333333333
0
12295.1428571429
35669.6666666667
112
1502
11391.7125
5
7271.95
8987.44444444445
16042
4931.4262295082
30676.8571428571
957
162.8
5321.23214285714
41518.5
86234.5
1956.28571428571
1951
6119.325
0
7336.8
10689.125
1772.5
40443
9982.96666666667
1929
24396
0
7487
12605.5
3922.8
16962
2878.2
0
10464.6134751773
5819.05128205128
13907
0
5277.02631578947
10
0
344
0
11297
8259
6
0
20
3404.20512820513
320
8232.5
0
9559.03571428571
8727.5
587.25
8.5
8338
629.25
16602.1359223301
4027
12181.3333333333
293.666666666667
3172.8
3213
13980.875
0
4
11276.9555555556
10139.8
142
0
0
1211
19253.3333333333
309.666666666667
19808.2142857143
16895.7894736842
0
1765
10689.1666666667
0
1052
251.5
0
179.5
2636.25
6942
375
580.277777777778
0
0
12523.7142857143
1520.26666666667
296
18118.1428571429
40.5
171
0
20896.5
70.75
9078.42857142857
93390
11871.3666666667
2397
24235.6
14370.8235294118
0
60645
62741.1666666667
4517.33333333333
24
7370
16576
2215
1730
204
3429.2
0
0
4750
10
0
4037
573
1906.92857142857
0
0
7352.71764705882
198.666666666667
29459
3097
52.2933333333333
8706.6
2073.14285714286
17009.2222222222
3520
9346
564.444444444444
0
22757.0769230769
711.666666666667
2171
57.3636363636364
5922.5
10978.2857142857
5206.75
5342.53409090909
4.4
2354.5
10043.6666666667
16254.8333333333
7021.3275862069
5805
9967.14285714286
263.5
6.78571428571429
997
4766.5
14447.7692307692
0
0
310
0
1116
4696
11363.5142857143
0
2163
164
654
0
0
10064.375
17565.9333333333
3262
158
24640.2
1051.33333333333
65
1146
9215
8722.5
619
4768.4
0
174
18796.5636363636
0
0
0
4985.33333333333
3413
6751.31914893617
1368
0
7161.86486486487
36804.5
9780.5
0
12926.7931034483
2121.09090909091
5510.22222222222
2862
1086.25
142
6142
3.5
951
278.75
0
0
1120
15196
4980.55555555556
2391.5
1814.66666666667
0
0
1299
9223
9
7014
1870
1418
0
1234
6217.43243243243
25720
17
0
2
360
0
496
559.428571428571
10560.3181818182
4250.85714285714
372.333333333333
60645
11387.4
4776.5
2103
5243
8077
0
19087.7272727273
53
8775.61904761905
65
1272.5
9588
10612.0769230769
0
42816
0
503
468.666666666667
0
0
46182.4166666667
5621.5
1722.63636363636
6587.60606060606
152719.5
8264.25
14330.6666666667
6579
5143
2929
24733
0
7674.25
0
876
2293.8
55
6718.55555555556
5340.03076923077
76561.25
54814
515
9616
0
0
10689.1666666667
17.1428571428571
41097
2303.25
859
3123
4712.73333333333
0
0
0
0
5830.875
9288.22222222222
1034
824.7
483.5
878.2
392
4073.5
415.825396825397
155.6
0
5891.33333333333
6358.71428571429
5069.43333333333
3278
126.333333333333
9606.69230769231
3837
2460
34546.2
0
142165.692307692
331.5
0
47545
2133
6900.28205128205
2456
7584.46428571429
68
8782.83050847458
246
7844.89597315436
7876.5
0
1282.8
2479
6299.5
9097.8
0
0
1804.33333333333
0
0
794
17.6666666666667
12406.3333333333
0
0
3562.54545454545
2973.05882352941
1
32590
464
10351.2727272727
23760.25
5985.70588235294
24
65424
5566
10323
8000.32142857143
3401
76.9565217391304
4
1
6582
19481.2
11161.3333333333
7
0
4942.66666666667
8805
31542
3115
5287.57142857143
12600.3466666667
4
11326.4
3181.7
0
14917.8333333333
22
6199
2355.44444444444
8790.5
11660.3913043478
72.5
0
7.5
7841
33582
28997.2222222222
8962.75
48134
1541
0
193342.333333333
612.333333333333
13178
0
1200.2
11434.004950495
72
466
3067.9375
8095
110883
2011
97
3828
11771
11986
0
3
267.5
522.5
34356.2
2504
116
0
148.333333333333
19
0
0
9725
4982
11107
15722.6
6141.64705882353
53192
2834.57894736842
2726
3223.54545454545
2689
2779
4
2924
0
0
0
0
74
2295.51515151515
3335.75
5711
4034.75
8134.66666666667
2800.36363636364
0
4790
2871
0
3132.33333333333
0
12
280.7875
17
58
4727.875
49
0
5
17815.3333333333
8969.5
2293
579
0
0
15365
0
1146
10365.2222222222
2433
0
10300.5714285714
24839.3333333333
8910.5
5390
8252.10101010101
0
305
0
18234.976744186
21294
0
3347.5
1053
7989.68421052632
7849.51877133106
39453.5
739
0
0
0.333333333333333
0
5416.66666666667
0
1246.83333333333
14
0
142
4
2569.5
29
13376.3333333333
4088
207.25
12814.4
1038.75
4477
0
0
44337
13925.5
5
2273
15764.5
1562.4
0
23.3333333333333
12070.5
0
34646
11513
0
0
2761.5
10751.2857142857
55850.5
2182
29162.8
0
7066
12945
0
968.5
2536
0
0
0
0
7830.61224489796
13513.5
10698.3333333333
0
2259
3044.33333333333
0
534.837837837838
0
14561.75
0
4348
12933.5714285714
14070.5
852.5
1627
9542.4371257485
970
0
2208
0
1406
535
3859.52941176471
7658.14285714286
0
0
8128
12593.6
0
0
867
4457.75
0
7986.86622073579
0
2088.5
0
33663.5
41
0
96
2415.5
9563.9375
20839.4285714286
591.5
12
27907
2091
3688
3546.5
130.617021276596
18948
9022.66666666667
7153.06896551724
36
0
701
0
0
0
793.75
1004
515
1776
0
0
43.8
500
36034
0
0
6677.33333333333
13482
88
0
4166
0
0
17135.3333333333
0
17928.2857142857
3421.5
20082.8
23993
0
0
49.3461538461538
1.5
2.5
6605.66666666667
218
552.666666666667
13092.4736842105
447
14651.5
0
331163
9304.5
11
18076.3333333333
44
21
0
584
0
764.147058823529
4510.13333333333
11002
21105.75
5885
0
26675
349
0
2.66666666666667
73
0
18474
19470.8181818182
4791
49.5454545454545
4975.5
2046
0
46881
1857
0
0
0
0
5083.27586206897
3
10439.5
0
1
1883.5
10123
12926
15059
1216.8
8707.91176470588
0
7051
2110
266
10
0
11472.3333333333
6698.25
1344
3961.09259259259
40062.5
509
0
150465.076923077
0
13452.05
0
3189.28571428571
3898
0
0
7913.45
18392
0
402.666666666667
23.875
5446.33333333333
15612
1527
1191.9
2524.33333333333
15248.5714285714
478.904761904762
14257.1
227.214285714286
0
0
0
0
1071
78223
771
0
6491.09677419355
277
4557.66666666667
4
2041.69090909091
0
94
66
11376.880952381
16337.4545454545
12483.65
0
0
0
0
14354.75
823
4
512
0
2705
5
0
1152.66666666667
4372
2167
3216.53571428571
8386
13261.4
0
8546
30.2
9535
0
3532
54
0
22878.6666666667
42.5
7095.42857142857
2342
0
3122
333
4638
55.7
17.1428571428571
1975.09523809524
69131
133367
5969.21739130435
1905
5160
0
497
57
1094
9644
1251
3255.66666666667
0
6941
17
2702.3137254902
16843
1257
85
0
7586
8
21
8089.8
0
8380.66666666667
0
8116.33571428571
67915
436
5974.20689655172
0
52
1344
2039.6
0
3924
8607.23076923077
24039
0
7440.25
0
426
0
2125
7814
0
1493
16
22872
0
6095
0
759.629268292683
16497.3125
7
9565.25
0
62600
3592
1061
27
66958
19
8092
1263
0
568.5
38
202.5
0
4666.44736842105
0
0
0
12286.3333333333
123
5315
0
2083
955.5
1536
0
228
0
330
3254.4
0
1090
0
0
17358
896
241
31407.5
9675.35294117647
0
0
721
21014.5
20712.5
15505
5150
13587
6882.09090909091
765
577.4
0
145
0
10377
0
0
0
52
33103.4
710
0
1437
0
1815.33333333333
2945
27726.6363636364
2089
0
0
0
9966.33333333333
3120
0
0
276
90.5
8532.75
1463
0
3915
38154.5
3559
23990
274
0
0
52
14
5248.5
47.3333333333333
627.5
6
12
0
3671
0
10333.1764705882
0
2114.5
14355
17012.1
76.5
0
2
1558
14166
6986
321
0
0
0
0
1885
30675
9665.09090909091
1328
8269.66666666667
1823.42857142857
3509
14381.7727272727
0
0
0
13779.6666666667
1450
582.5
3220.73913043478
0
216
806
0
7422.9347826087
0
898.4
12268.52
192.333333333333
3063.73684210526
1016
179.826086956522
0
2781
110.333333333333
16433
308.935483870968
0
164.333333333333
1404.82191780822
1367
25858.5
4552.14285714286
448.4
0
28543
11128
4803
0
900
0
10918
20218.6666666667
23.5
0
9989
0
4
15904
3207
1409.66666666667
5237.84210526316
1491.375
0
1
3.2
0
112
21739.5
66795.1666666667
11864.5
1539
35
0
7428.95
233
5515.83333333333
68
33238
12497
19073
10944.6666666667
1594
3833
0
0
3038.125
0
9286
0
5347
68241.8
16118.6666666667
0
0
0
3807.5
1856
4258
0
0
23693.5
57906
7618.20408163265
2861.66666666667
19
0
0
21861.5
4.66666666666667
0
1516
5678
21
188
3787.66666666667
1360
57692.5
1577.25
225
21
8009
3563
0
5439.25
72992
21
1728
255
1020
0
33269.2
0
979.333333333333
115336.954545455
10780
0
3
771.5
21188.6
88
8605.51785714286
2273.375
4963.55888650964
104
25009
843
447
52
1786.5
0
1366
0
11715
9635
0
154
0
249
2326.5
30761
18682.9166666667
10
0
0
0
0
2799
1682
5578.94893617021
1284
1755
2326.5
42424.3157894737
0
0
8759
7952.4
8443
2077
1747
4525.5
53
0
2
9406
1
15437
29918.6666666667
14316.75
1061
130
13990.8888888889
0
270
0
8340
0
0
6502
29950.3333333333
9018
0
1697
2437
0
261
0
0
21371
13948.75
317.25
3784
13611
81
0
7210.57142857143
22554.1052631579
0
2970
0
205
10133.2
3146.25
65320
0
538
1297
0
0
0
456
8614.22549019608
289
1
4733.52631578947
547
126
0
1315
0
4111
1.5
2337.5
407
27
446
0
1340
5067
0
0
18719.5
746
18
0
0
4
8051.4
2645.5
0
0
502.5
45
0
0
30327
2247
10376.8333333333
7288
3436
244
0
2227
118
0
3814.875
4068.25
0
5
1521
0
0
6885.5
2293.66666666667
0
723
0
7711.89908256881
350
20664.3846153846
13191.75
0
8928.17307692308
1542.57142857143
18746.1578947368
898.214285714286
1972
7386.33333333333
0
0
16755.6666666667
0
225.4
26
0
12083.75
18338.9166666667
0
1099
0
159
0
0
2045
5665.66666666667
0
5420.75
0
4585
4196.53488372093
4588.22222222222
0
0
22451.5
5943
4848.11842105263
0
3946
0
0
2027
0
1612.66666666667
0
23042
39.6
2929
9117.02791878173
721
1564
0
5519
0
50694
0
1032
4463.85714285714
2535
399
0
0
364
0
12179.6
0
167.25
642
4983
0
8
0
1385
0
0
0
0
0
19793
0
871
0
44.5
986.333333333333
6631.14285714286
2928.375
3270.5
158
587
2031
12
2541
711
0
2.33333333333333
287.571428571429
0
0
2916
0
29257.5
0
12198
2056.8
7011.48695652174
321
467
346
7893.64150943396
13034
0
0
0
10057.6666666667
8257.7
0
15509
9286.5
1
0
65
7898.5
3294
0
11680.6666666667
7456.28571428571
14188.5
4960
0
9482.5
6165
1475
0
3
0
0
1721
4382
332
176
13644
53
7914.31034482759
0
55125.6666666667
12377
163.384615384615
104
24903.3333333333
0
2219
0
6773
4876.33333333333
6269
5376
16175
121
170
0
6899.66666666667
12119.5
246
0
5357.8
179935
0
994
17366.25
504.1
4481.40625
29661.5
1138
11
0
832
22706.5
8979
1936
0
0
8154
84949.5
0
0
251
1048.66666666667
471
9271.54187544739
652
0
5772
0
19225
2907
501.333333333333
0
14178.25
37194
237
108717.5
167
13077
2117
113
0
50178.6666666667
0
375.4
46795
64
59
0
1163.33333333333
418
0
18
21692
0
0
2
517
0
7008
13809.25
0
9448.88888888889
1
86
22155.5
0
547
0
0
1740.75
8446.5
0
9406
0
73521
24
12665.3333333333
133367
0
37.6666666666667
4534
0
6243.72222222222
5169
7800
8164.80510440835
0
1805
0
17
3838.5
2401.5
1028
758
7814
0
10844.75
4378.5
0
409
1987.06060606061
0
5231
14223
33238
0
0
1936.22222222222
9923.33333333333
1
17890
10616
0
811.5
0
21691
0
19412.7142857143
16251.5
115
0
9490.57894736842
856
1845
0
1798
0
18018
27901
4513
293.333333333333
37.6666666666667
56.25
7444.5
26688.8888888889
4372.33333333333
5095.25
2602
3660.14285714286
4840.33333333333
0
751
0
4245
445
4198.33333333333
944.3
120
10947.0658682635
12872.6666666667
14008.4285714286
4103
5965
2420
22
2696
4
2223.42857142857
6636
4663.28571428571
1648
8658.625
28147
0
0
6245.06349206349
11563.2
1245
1651
6656.5
0
18001.1612903226
53
16
9
0
6124.82608695652
0
2895.5
5213
10029.3333333333
2290.94736842105
2443.94557823129
536
1325.75
9016.61111111111
469
31756
0
115
6269.25
875
1035
0
2210.5
1094
17444
0
8094.6
0
3380
8919.22857142857
152
0
2933
142
10410
101071
4204.75
9133
0
8556.97826086957
59
21279.4
1278
9559
36849.625
0
447
0
0
0
5694.57142857143
10544
0
7481.5
2155
2208
0
0
4672
3386.17045454545
531
5332.62637362637
3440.4
118
12524
3062.5
0
0
0
0
0
0
23650
202.636363636364
4908
0
2537
0
172
15642.1666666667
2532
3927
127
14120
1840
0
10389.6666666667
0
0
1756
0
383
3271.8
302
273
21
0
162
8123
0
1
0.75
52.3333333333333
434
0
29988
4134.79310344828
0
0
51
14121
0
0
0
1
11088.3333333333
253
61
0
1693.5
0
7
2220
31
2764
607.5
0
2998.66666666667
161
0
7999
0
0
2057.5
0
1656
7
0
0
567.5
2405
620
0
77691.8
0
2194.5
42256
4513
2.5
0
8
596
0
27107
1687.6
0
0
3.66666666666667
0
0
0
0
135
2237.14285714286
1591.5
4472
118
1595
0
2199
777
10071
632.5
2188
0
146.222222222222
0
8
12917
0
1
73293.5
12459
1869
1466.71428571429
202
596
13490
477.666666666667
0
723
10
0
0
2482.48484848485
10041.8671328671
1542
7366
0
0
0
344
0
1289.5
0
0
6184.28571428571
538.5
0
6295
0
0
220
30292
320.333333333333
0
2085.125
7921
11106.5
1468.5
88165.25
184
6819.38888888889
581
7497.66666666667
2077
15177.2307692308
5955
251
0
61
52
10836
6583
0
0
5256
378.75
36142.5
8661.31288343558
832
0
130233
0
11803
0
14
0
139
117.5
449.5
7903.4
0
490.666666666667
0
5386.96296296296
1965
3141
5
0
7340
141827
0
4
0
12475
28175
3122
37341
754.807692307692
0
41042.5
194602
1104
22115.6666666667
0
1956
0
14886.1666666667
20731
0
16
21548
19
0
0
88
0
8504.4
0
13490.6666666667
5993
1604.5
1
15044.2625
0
0
318
6
1034
2967.5
0
1340
72
2
1500
0
520
0
4967.66666666667
0
58
0
2960
888
0
103
13969
0
0
9942
0
633
0
0
0
7959.0487804878
0
39117
7364
17
57.1666666666667
29040
0
850
7007
36953.5
9938
0
39889
10339
0
6095.66666666667
16987.5
0
0
12211.8333333333
0
3861
0
10961.2941176471
0
3562
3050
1268
0
781.25
6351
0
12985.3333333333
0
1450.28571428571
6948
3555
0
0
1084
804
798
4957
10263.0217391304
1858
89
0
7142
41
57700
19
0
0
588
0
0
0
0
255
0
540.5
0
1402.5
490
3549
14098.5
7436
670
2077
0
40
3656
3878
11447.9518072289
88250
138.5
357
15735
2.5
0
18652.5
1724
4373
0
11456
16410.3571428571
185
565
2189.96341463415
11290
2040.75
293.294117647059
0
6165
2209
380
28543
0
286
9527
15239.75
1166
567.666666666667
0
1383
0
3962
0
0
0
1097
0
7504.08737864078
0
30761
680
111397
397
0
1047
143
0
1917
24880.4285714286
568
0
1981.83333333333
0
5310.70989761092
0
6701.6
4
6224.8
6964.66666666667
1383.14285714286
0
7921.98275862069
15594
0
2685.5
0
0
0
482
5470.16666666667
895
13562
1387
825
0
0
0
0
10645.8636363636
3304
0
0
87215
97
0
7482
0
0
13704
0
0
0
0
5729
4312.55
2394
0
2726
36107.5
77103
0
6039
398.875
0
15327.875
6930.11320754717
708
0
57797.5
0
31896
201
1780
0
1
0
16
230.666666666667
5090.33333333333
8168
78
0
118
0
51
10247.7874015748
6258.66666666667
639.583333333333
1136
124
0
14174.6666666667
0
31172
0
983
0
320
6.66666666666667
3065
869
111912
0
8949.70142180095
0
14667
0
9192.5
0
6770
0
0
0
0
644
5622
59768.5
2976
7250
15020
38454
17526.5
13039.25
65
1611.5
0
0
140
991.808823529412
4263
16536
7041.41428571429
54105.75
12587
36
1792
25137
4429.375
58
0
0
0
19.5
7538.31132075472
34691
227
16491.5
118
397
5120.5
0
0
69
0
0
921.5
0
2707
2870
0
979
9847.1375
0
2
3878
1
0
7395.76712328767
15718.8571428571
181
0
391
2100
2528.33333333333
545
0
1822.25
0
0
59
303.25
65736
632
0
2926.71428571429
0
15665
777
17189
0
11921.8
0
0
14778
17
0
11359
84
3610
1322
611.666666666667
0
570
0
312
859
0
2289
781
8930.5
2369
19065
0
0
0
635
13667.5
78
0
11
4782.25
0
1188
378
11046.7384615385
815
3659
381.428571428571
0
8856
4968.5
0
0
130
9386
373
136.5
0
8032
465
0
1808.5
4997.25
297
0
875
3833.33333333333
24533
1479
0
2191.5
0
0
0
33658.5
0
5271.4
477
12537.3333333333
0
12233
0
13358
0
16614.5
1171
0
6694
0
81
0
2503
0
0
5251
0
2994
0
19097
31
0
9638.66666666667
1971
1115
7310.6
33
5722.33333333333
0
5501
0
5975.5
9858.55714285714
24592.5
25
1153.33333333333
848.75
6224
0
2698
10957.3333333333
3500.75
3159
2584.72839506173
0
6111.84615384615
7972
0
0
32
0
13895
21
5639
1223.66666666667
21824.5
5616
4464
0
42
0
1
301
6
0
0
0
15.75
8288.94117647059
73521
0
20803
1704.77777777778
0
0
268
1350
0
176
72.6666666666667
63217.8
3003.33333333333
27803
9085.73684210526
0
212
15701.2
7760
1034.5
3310
34030
27
0
0
0
1026
1446
3401
47
0
2326
0
2101.33333333333
3930.66666666667
6690
843
0
188
0
0
0
0
2174
0
0
25206
24510.8333333333
27
3554.5
7646.5
1673
458
5750.5
0
1481.88888888889
0
0
1924
19442
11
0
306.75
0
4554
0.5
0
30
1115
0
32819
7726.57142857143
8283
1166
0
2
15
0
0
399
1913
31756
28897.5
0
0
6370
0
7702
0
12779.8775510204
0
0
0
102
10460
0
4905
0
5
2958
1360
118
0
11041
19
790
0
162
0
601
0
3376.5
0
1183.16666666667
1
0
6756
0
27182
295.266666666667
2906.25
0
44767
1307
3
0
3494.8
8530.5
34
0
0
11214
0
10335.0909090909
5709.16666666667
7328
8613
0
0
0
4081.66666666667
0
0
0
20
49
3285
435
4061
2555
0
0
12715.7727272727
17
0
10802
9403.13178294574
2609.5
19230
6773.25
0
599
2626
0
300
837
0
0
0
180
4654
285
10005
0
13972.3333333333
0
13786
6003.24
9210
0
2804
0
66358.6666666667
281
6818
0
7021.7
5851
0
0
2134
0
0
6979.80681818182
4195.37037037037
29222
24377
283
52
16029
0
0
2913
7
0
19071
9972.34482758621
2806
1004
1448
5256
19793
0
3582
57985
28.3333333333333
0
1007
0
0
8996
0
709
5572.5
51432
434
0
0
0
13
12.5
1555.5
703
0
4077
5581.5
0
24274.8
77
577
1
0
1311
0
4562
0
0
114
16046
0
0
7538.66666666667
0
0
14954
0
8842
3636.33333333333
0
962
0
3941.66666666667
0
25520
0
0
1026
8188.56712328767
9730
0
1581.5
8649.5
3329.93181818182
135
7520
139
0
236.894736842105
297
2442
21010
169
1482.5
6182
0
6860.44230769231
135.5
0
225
11391.3333333333
0
0
5923
0
0
2028.75
2580
0
0
0
7115
0
3869.5
2107
0
1647
13.6666666666667
0
616
4699
50270
2343.77777777778
32081.2307692308
0.333333333333333
0
9
49785.3333333333
350
17
8944.51063829787
9055.51508226691
1115
0
124
4832
5182
12296
0
0
1945.44
0
0
0
3474
436
14084.25
821.833333333333
0
0
98
1937
0
0
25877.875
814
0
0
0
2396.6
680.5
30
0
754.5
0
23182
6
0
7582.46428571429
2470.33333333333
25583
153
0
0
3855
0
15989.75
0
29161
0
859
10873
1057
0
0
318
986.5
0
0
807
0
0
4334
0
0
237
8400
91662.5
375
2091
666
50
0
0
13366.5757575758
1543
0
13116.5
7099.28636363636
7
11046.8333333333
378
9
5943.33333333333
3629.8783269962
2038
7250
0
2745
2764.30769230769
0
2726
0
15547
0
0
9245.7027027027
5170
0
0
59917
1987.75
4038.25
0
119
14.8
0
2836
4936
11552.3076923077
7069
0
0
21845
3321
4813
0
0
15837
0
0
1911
124.5
0
479
9138
0
8295
40
461
808.076923076923
18733
303
545
183.166666666667
17461
1100
34
2823.66666666667
356.285714285714
0
0
7581
649.5
17
10016
22317.5
3845.2
1220
14911
309
18318.25
393
16684.3333333333
5841
4828
3845.5
17900.6
0
0
326
1557
2540
2307.2
5625
7625
150.5
950
104
0
8044.25
31
12552
0
1132
0
1
0
23078.5
299.5
3
998
0
6571
0
0
10
1403.5
0
0
1197.8125
995
921
0
0
0
0
319.5
0
228
4
0
0
0
27585
5939
0
5118.02252252252
32303
0
0
0
7907.16666666667
325
0
0
0
19969
0
2371
22186
0
1
4041
8805
14
5
8635.5
10672.5
2216
0
29750.5
0
105
0
894
4570
0
0
0
0
1332
0
0
46009
0
0
0
0
0
177
449.5
2873
0
110880
28
12
3381
1894
15548
0
113097
26000.6923076923
0
0
152
76071
0
0
1009.33333333333
7842
2355
17255
358.666666666667
1884.5
0
720.5
0
1051
0
30
0
0
0
10210
0
14450
0
89
0
0
292
14898.6666666667
2623
4895.35185185185
66
16511
0
6
13
342.75
2079
63262
0
1907
0
0
0
4662
29904.5
0
0
783.5
224
6534.5
0
0
32911
30
294.333333333333
237.6
1122
303
0
12217.5
122
2875.66666666667
0
687
625.5
21624
9959.46078431373
0
0
8469.33333333333
0
0
2977
4711.5
2332
14977.6666666667
0
27
0
0
0
13565.487804878
27
0
1
114399.5
0
712.5
3280.5
289
25114.75
22
61079
0
0
53427
99.75
358
99143
8022
0
3428
6239
237
0
0
0
749
1
0
0
2
2922
9254
828
2737
163
4536
0
16932.1111111111
0
7957
0
0
2928
6663.75
0
0
75.6666666666667
0
0
3483.69014084507
24
0
9120
12922.5
1918
0
28
43688
2
0
0
2077
0
3892.88888888889
481
451
13597
5000
10955
10387.2105263158
0
0
0
0
0
12224.6666666667
0
449.5
0
0
575
11315
7
10
0
10071
42256
2731.5
231
0
0
803
0
14516.5
623.5
0
98
0
11799
0
0
756
0
0
0
0
0
1339
4425
7
0
11067.5
795
272
160
10728.5714285714
130
0
0
0
1100
307.25
5462
6416
0
0
8022
11
8140.67948717949
0
6235.55555555556
18263
14
0
0
1254.5
4055.83333333333
0
344
11344
2676
0
2145
685
0
22
18400.5
541
11562.6923076923
565
7321
1
0
0
0
0
0
12
6212.375
0
6975.23076923077
150
1053
0
5729.93495934959
881.5
0
5.5
15177
6309
0
415
2225
4985
1681
552
0
0
0
0
139
1332
1319
13.6666666666667
150
12031
6212.75
211
7441.96103896104
172
261.666666666667
2579
23843.8571428571
4750
0
131.833333333333
0
543.666666666667
10
4789
0
154
36
9016
0
0
0
5368
14
39103
0
544
2138
12899
1078.5
101
687
9911.67857142857
7924.25
0
0
17798.4
3616.66666666667
0
3
22597.5
1020
3627.5
0
23299.5
0
9.5
0
0
37
1469
0
0
907
136
50
2528
12.5
14210
86
0
0
0
0
0
0
0
12811.6666666667
26
15270
147
0
4804
0
6313
21360.25
0
391.5
4437
2
1273
118
0
63
2174
0
35
0
38929
26151.2
23
2523
0
7309
0
0
836
2391
38990
5335
387
0
145
0
22010
0
2766
0
0
889
0
0
231
384
0
18970
130
18308
11273
1203
0
2649
0
815
0
7790
83205
0
206.5
0
1562.77777777778
206.5
771
0
9160
0
7807
13
0
799.866666666667
158.5
27889.25
55506
2752
611460.5
14736
0
0
923.153846153846
5053.6
0
0
16716
956
0
0
0
152
7862
1133.85714285714
0
0
5274
6193
1778.26315789474
417
0
11420
3544.75
2076.2380952381
4780.5
9666
7
0
18263
8654.60313901345
0
9210.85507246377
4407
0
24041
1570.77777777778
340.166666666667
0
36.25
1986.66666666667
18254.4
0
0
0
0
588
5681
228
0
858
15024.75
4270
0
0
15
4197.66666666667
3250
12688.0289017341
0
0
47
0
12313
0
0
1885.88888888889
0
135
8781
5159.70731707317
53
1055
0
866
43387
0
0
15089.3944954128
146
0
2
17129
6302
2943
3033.13138686131
27015
184
0
717
10080.7142857143
0
0
17302.1379310345
10934
9525
26891.3333333333
7058.25
4215
0
0
20
0
7129.4
199
0
17870
14107
2116.66666666667
0
2135
0
0
68
8
0
11503
32473.724137931
263
0
8158
1403
137
18001
129
31155
0
44664
0
17.6666666666667
15144
0
0
6438
0
9760
212.75
0
3959.25
899
13130
3369
48
33238
0
9422.80816326531
2298
100568.5
1658.5
0
5341
0
0
719
8521.16783216783
0
0
9304
0
0
8461.13333333333
0
0
0
23990
208
2268.5
0
23
425
300
9192.4375
5657
411
2454
4124
162.5
0
37751
1170.5
42006.3333333333
4985
12404.5
0
17870
0
202.5
3277.33333333333
12
3962.07407407407
8425.67283950617
0
3277.5
10
0
845.666666666667
1.66666666666667
0
10
0
0
383
3
1
47345
0
311
12
4
651
0
2719
812.016129032258
0
0
2681.2
0
36769.5
26.25
235104
0
656.5
7467
322
2057
0
1647
0
0
3470
0
2962
2430.5
0
0
3021
3998
0
2130
421
708.5
45
6400
0
3520
9928.95
56594
7851
10860
8097.18072289157
0
1336
0
18229
289
0
0
8
0
26450.2857142857
30024
0
0
0
17129
484
0
9558
31155
3314
0
2
12825
12351
499
0
92
0
31064.3333333333
4684.35897435897
3.5
3095
1551
3012
3634
0
0
8517.33333333333
21
9648.5
16652
455
103
2377.4
0
774
4195.13888888889
23873
0
5432.71428571429
0
440
0
6612.77777777778
15627.3333333333
305
0
0
4730.23287671233
0
43310
434.5
0
191
0
0
0
0
0
0
0
41601
2306.66666666667
2998
8741.5
456
0
547
0
0
0
3028.98630136986
3734
123
270
0
12181
0
44
0
0
22499
4262.51851851852
0
803
3575
0
13
0
2129
110.333333333333
176
0
0
11994.8
2
0
5023.5
1598.2
0
4975
0
18
2696
3113
0
3109
61
1271
5
8213
0
0
0
0
1007
787
0
1865
0
1039
30
9591
0
10811.5
0
0
524
19
4340
7022
10301
0
0
0
0
6165
2
2694.33333333333
13092.9523809524
11273
8
0
0
0
31155
17
9231
1435
0
51432
606.5
0
0
0
690
40526.2
7363
4131
397.4
6834.16666666667
10178.3472222222
14963
7491.1875
0
0
3295.75
786.666666666667
7294
1809
3121.5
574
25
0
2299
50919
0
0
0
0
4617.63541666667
1577
0
24
0
689
1332.5
47545
27
0
0
0
0
0
12567.0159574468
0
998
147
820
60653
0
0
204
1776
0
179764
1018.4
60
0
308
0
0
69
0
3728.5
22
97
0
0
903.666666666667
39
0
194
334
0
3589
11
0
0
418
0
953
3656
0
3
13561.3333333333
12395.1666666667
18857.5
1192
2074
69
0
0
0
1347
15534
869
286.5
32
1
71
5
7
35
0
6736
0
0
20688
0
8644.02272727273
8559.06751054852
0
2074.95544554455
1644
4511
0
0
1023.66666666667
15050
520
0
1347.8
2282
11625
0
0
2448
5699
10540.75
0
2269
6224
0
0
16906
430
1
0
1121
0
1109
1666
17
0
0
0
0
11705.4771505376
2593
6965
7336.42238267148
0
5337
71011.5
0
0
1459
5321.69230769231
108.5
7426
3696
0
0
17248
4312
4090
0
0
10770
0
12004.5
0
3765
0
920
0
0
10807
4905
24293
0
0
10849
4551
10558.6486486486
0
0
5070.33112582781
0
5031
3552
929
1537
0
581
0
10353.1176470588
0
2882
11008
0
274
723
0
179
0
0
0
0
7851
9999.5
133
12434
0
1279
0
18
16048.3333333333
1624
15713.1666666667
0
1775
1042
9710
0
1068
52.3333333333333
1128
242
1770.33333333333
0
0
2894
0
0
3.33333333333333
0
0
0
11581
669.5
0
16509
0
20792
0
0
0
0
455
352
0
0
0
14959.8333333333
7907.44444444444
0
198
1
0
0
1765
29
305.666666666667
0
0
13
1500
0
0
0
14177.1904761905
1120
0
0
709
0
0
8373
216
4804
1681.5
0
0
2213
102969.5
33238
0
0
0
6715.47637795276
3202
0
1858
55
2688.75
5401
22069.5
293.647058823529
0
0
0
0
14665
4644.66666666667
31
0
0
95
0
7850
741.75
0
6194.5
0
27979.5
3678
1398
0
12445
0
0
207
3768
27
0
0
2442
0
4176
0
4179
0
1492
0
0
3117
143
2517
14084.5
686.837837837838
0
13
42
3
764
0
0
0
5189
10020
5749
0
0
0
97
3461
0
0
11338
2137
1744
5
10876.5405405405
0
8786.75
0
0
190.5
19765
9688
0
0
0
0
2701.90909090909
808
0
962.5
998
0
624
16280.4444444444
1363.4
151
638
3127.35
7413
1720
361
9098
2088
3373.33333333333
22113.5
3056
0
8257
2711.8
9439.2
20913.5294117647
14
0
6165
8
15700.75
127
0
263
8868
0
4130
11
0
0
13773
0
10770
0
0
8225.5
0
0
0
0
0
0
28020
4431.01388888889
0
10204
69
1299
20
0
14067.72
53
308
0
3276
0
0
4
0
6622.5
24733
0
43193
883
543
0
1
0
0
3501
0
0
3108.5
0
121
0
434
5905.33333333333
0
98
0
0.2
0
79
8.5
431
0
0
1703
529
0
0
340.5
1493
2787
0
150
0
41
0
0
208
851
0
0
24
11054.1084337349
962
0
1474
0
0
381
541
0
1694.5
11273
1
39831
616
10233.25
1980
0
0
0
3809
13.2857142857143
1389.33333333333
2
13890
361.5
122
2558
517
4870
21.5
5566
9442.0824742268
781
3
0
18781
0
2713
436
686
0
45
3246.5
71528
0
0
16845
30034
31171
0
194
0
9468.16859504132
4
0
0
0
13066.6724137931
0
0
20896.5
0
2933.04761904762
0
440
26340.76
0
9975.64864864865
0
8833.5
0
7528
0
196
14530
5369
0
0
780
2431
2728
0
987
0
2250
0
0
0
29925
8260
170
217
0
4003
1120
219.333333333333
16.6666666666667
82148
14
7
0
0
1730
1642
6914.66666666667
7450.75
0
34727
0
0
0
0
0
19
18
0
5924.2972972973
53004
1.5
3969
0
0
0
0
3490
1535
0
4016
1305
0
0
4
392
0
46735
0
98
0
2498
0
0
126
1
2
13
13
152
39
56
5649.3
799
6442
0
650
8663.33333333333
33
0
2415.5
0
36235
370
0
462
0
1879
5836
0
1702
397
467
0
19921
0
23
0
0
2509
194
5475
0
0
26
0
0
0
0
0
19335.3333333333
3
0
350
14662
0
9665
0
0
1012
0
0
467
0
0
6
372.84347826087
0
0
119
0
0
831.75
1351
5143.90909090909
0
16362
0
0
4988.92553191489
0
0
3012
0
7149
1939
0
0
0
9391
0
789
263
555
694
0
0
2022
0
2423
0
14.5
0
0
0
610
284.5
440
4769
1830
780
0
0
139
35
1
1592.5
28543
0
49508
8
9658
0
43688
0
0
0
5569
5452
4
0
0
2
237.6
0
0
0
26209.4
2570
739
2070.2
0
0
0
0
0
1604
1073.33333333333
0
0
21604
0
5376
0
17896
1067
4147
0
900.75
4777
538
0
0
5
0
0
144225
39106.75
27413
132
0
92262
0
22963
1
56
858
0
0
7356.14285714286
8813.97407407407
0
28
12598
2159.33333333333
406
7242.25
2690.5
0
0
41584
236
0
0
869
8237
0
2
38
0
5765.70588235294
1457
1760
0
0
47
109
0
4776.35185185185
1100
0
7781
93294
0
13012.1176470588
8192.5
0
10016.0810810811
0
0
0
5510.25
2410
0
6811
11790.5
8096.33333333333
0
552
0
1442
19059
0
496
3
583
0
11032
0
2201
0
21825
0
0
0
0
0
0
2605
3370.75
5290.55555555556
30801.6
0
0
2223.5
3462
0
32
70
924
6928.32270168856
51.5555555555556
16
162
16364
0
0
3274
0
0
0
1903
0
0
4
0
0
7
1
0
8849.26086956522
9765.5
0
6568
785
1420
0
13206.54
0
0
3592.5
0
0
3111
0
8972
0
0
52198
1686
5086
104
7239.77033492823
0
74425
953
0
8236.62962962963
0
2938
0
780
0
5357
2822
780
6347.47191011236
50850.5
0
414
363
0
6165
1322
344
2
9833.59375
6762.02702702703
0
812
0
0
1
2
546
0
8047.85714285714
4
4.22222222222222
0
76119.5384615385
6348.95714285714
27
0
15274
41012
0
0
473
0
956
13
0
43467
44174
0
0
5
3291
9512
915
0
5902.4
14248
0
0
757
6
1364
9950.61101243339
13790
120859
2043
17
6916
219
0
20600
15961
0
484
0
0
5819
0
0
26530
0
7675
0
1670
16
4463.33333333333
0
0
0
8668.51953125
456
30144.5
0
0
0
9
21136
1049
0
0
0
0
0
304
5052.66666666667
2730
758
0
0
0
44
101
12927
5
4721.97916666667
0
9282
415
2505
2091
3057
297
191
0
7904.64102564103
908
329
0
0
21271.9375
0
9553.66666666667
58
11
985.2
12275.8493150685
0
895
78231
0
5029
1577
421
0
8101.85185185185
0
40208
0
20
0
0
6697
0
0
7796.8625
2503
5585
0
79
0
0
3357
0
741
0
4404
46
0
0
14930
0
73596
26
14691
403
333
6211
183
57
10988.55
10
11341
0
0
0
6097
0
2100
2027
773
633
1
6872.71428571429
0
16939.4237288136
0
4894
0
0
13
102
0
5773.03563218391
246
19
0
3881.53571428571
369
8372.61818181818
7647.45930232558
1938
310
0
0
466
73754
231
593
0
56
0
956
2246.71428571429
0
7
0
0
609
15
0
114
0
0
0
7340
2295
0
0
5
0
0
2518
0
0
0
0
372
60
12
9
144
0
7355
0
4832.5
0
0
0
0
12974
0
2793.38888888889
312
4965
0
9094.03883495146
0
0
5
0
9181
14481.1733333333
0
0
0
0
17158.6666666667
0
9342.32258064516
79
0
0
0
22685
0
41
186
0
0
0
17312.5
0
0
0
5
0
795
128.5
12957.25
15113
0
0
7720
0
0
0
0
2182.125
541
194
13739.5
2064.5
160
0
1298
12183
0
411
46985
154
0
7052.4
10205
7419.41935483871
0
0
4778
2
3273.5
0
0
20316.5
0
998
0
2673
2611.8
0
1167
0
0
97
0
0
861
408.666666666667
0
1.5
0
370
5866.5
3
226
0
520
0
3
0
7343.31578947368
6852.64640883978
159
0
579.5
0
187
14537
262
9646.0582010582
0
26
0
3
18841
4683
687
0
0
23203
6954.92156862745
364
3279
30208.5
13247
0
1496
0
5
9385.59782608696
14418
0
0
8528.76388888889
0
436
241
0
0
357
0
0
17571
7912.92413793103
912
685
836
1850.66666666667
0
0
15265
596
627
0
0
1884
1055
3249
0
12.25
0
25
136
0
47
0
0
0
238
0
305
0
649
14103.875
731
65258
0
0
0
15526.4285714286
14778
552
18
694
7
0
23479
1116
9319.6332046332
0
3660
0
0
3103
0
0
10924
0
0
2418
120
0
0
227
0
3740
1078
0
0
650
0
59
0
2199.5
37838.5
130
363
4347
16568.5333333333
0
0
0
0
395
290
7373.41791044776
52
0
24526
25
9497
0
14058
2499
40.6666666666667
5771
4223
0
79
1495
0
436
0
0
7909.96296296296
123
217
0
2412
4
11350
0
0
2078
36844
1104
2684
1715
0
923.333333333333
27383
0
13673.6666666667
0
2570
1299
0
0
6000
1042
0
6439
1266
5
8858
636
0
0
2375
0
616
0
80
3024.57142857143
0
1315
158
701
328
23469
199
1394.71428571429
31843.0714285714
0
0
4480
1503
0
13763
2944
0
1557
10333
1152
0
37700
1000
0
0
0
0
16614
1083
4268
0
0
3778
0
0
4301
1726
0
0
386
35590
3184
0
21
1671.5
0
13627
9813.66666666667
12679
0
29928
0
5260.75
0
0
0
6770
5560.5
0
147
0
0
1200
739
2348.75
2120
167.976923076923
0
697
0
208
27803
40
52
436
0
1957
651
923.333333333333
12521
0
0
0
1956
639
10
0
0
0
6
8756
1580
0
3572
5975.5
0
16364
0
400
6
3364
9167
924
34947
37
12266
10317.198019802
1033
3660.66666666667
0
6703
0
0
10435
0
0
57.6
248
0
0
16767.25
0
2457.6
565.333333333333
0
0
1052
0
0
2180
0
1474.54545454545
0
0
0
51
19842
0
254
0
853.125
0
0
24
3680
16725
436
6560
0
19121.5
0
6407.9196093163
174
0
436.5
0
0
87.8
0
0
0
27
1
0
0
9022.44047619048
0
6674
547
0
27
1513
474
41
0
1.5
395
0
0
112
1034
0
145
62850
17517
0
0
0
0
747
3
0
0
76
0
1619
5965.08
0
270
164
0
5634
0
8
19668
11533
1581
6350.75
1638.33333333333
588
1631
0
19478.6
0
0
5663
7196
0
19166.5
0
5
0
0
0
0
1366
159
0
2482
0
0
0
5
44
4707.5
0
11273
836
0
0
0
0
0
0
24703
0
0
292
0
17
5442.31862745098
4035
2817
0
19983
702
0
290
101242.666666667
527
7.5
4877
0
128
0
0
15709.75
1814
11
0
0
0
1202
1858
4357
0
0
0
65
0
774
0
29
0
7568
1458
1947
5
2320
2880.19047619048
754.5
0
0
18
0
0
2
531
324
7732
0
0
102
2713
0
5
61
0
298
18
31
1030
0
0
261
1593
0
638
2217.5
9798.63513513514
2710
924
0
0
1999
169
862
405
117
0
0
0
0
3049
4644.90909090909
0
6194.875
14490
0
216
0
0
43006
0
952
0
952
5
0
0
15612
9394.62640449438
0
6979.5
1200
18
0
0
19851
8326.5
0
0
0
0
40
1043
0
7716
0
0
0
13551.7575757576
0
6.66666666666667
2784
0
5422.125
75790
0
7966
127
13621
286
0
766
0
9095.63235294118
0
0
1
1321
304.5
21851.6666666667
0
2653
518
118036
1047
9
2613
0
0
290
29
27912.2580645161
8561.00858369099
52
0
66597
2
0
284.5
75
0
0
0
0
233
9
6508.19672131148
12497
1981
227
380.5
0
0
28
0
7409.75989672978
603
3664
0
0
221
31899.25
1198.29032258065
16687
13056
8628.5
8306.11111111111
287
6458.63855421687
24068
0
0
33222
0
4662.13513513514
0
0
0
0
100004
13385.81
4
17739
0
2276
878
0
0
46
19010.3846153846
181
29655
83
0
0
77
9
0
3047
0
19
0
71
0
5
13381
4436
0
476
0
39
0
5
7
107
3200
4754
0
47797
0
0
234
8837
7
19990
6784.5
800
0
0
0
0
112
0
0
36278.2857142857
2872
0
1
3828
0
24
0
2156
128
0
0
105
0
127.666666666667
135
6
0
411
3691
3258
0
0
2990
15809.75
348
0
2354
0
0
0
12206.5442477876
9
7031.5
31582.5
4548
212
0
47
0
20
57006
0
6889
668.925373134328
3485
0
596
0
1789
5026
2518
0
0
24457
0
208
143
8625.53548387097
11001
0
456
23
0
35.6666666666667
0
0
0
2880.57142857143
0
2065.33333333333
2033
0
12658
0
0
70
364
0
0
34030
4
0
1554
1120
0
12
760
0
106
365
34176
0
1
7628
0
158
523
210
0
0
3812.8
9560
0
0
0
14778
2487
0
2919
0
738
0
0
7237
0
462
0
5330
6214
0
0
325
279
1641
18508
364.272727272727
658
130
8202.5
0
8052.69165247019
128
0
0
1963
147
134
194.5
0
2517
1169
5519
0
25622
29723.3333333333
7673.5
0
0
19817
0
3881
83
3468
703
1942
2705.65909090909
1582.5
0
310
6722.36144578313
5647
405
19
2
32805
755
0
8
1258
2056
892
3362
12545.0147058824
0
0
143
0
0
1535
3960
0
0
0
0
0
3959.28571428571
0
0
0
7350.78787878788
0
0
596
78
18
50
31
29741
159
0
0
1309
0
171
35.6666666666667
54
13587
5
0
1711
436
0
0
0
0
4528.5
2144
0
3
880.5
9988
9
14580.125
16
2869
10536.7272727273
260
0
19490
1471
0
27
3132
0
0
12087.2333333333
0
0
4
47545
2700
0
12
0
0
0
1260
0
3842.52777777778
0
0
0
1193
14398
0
0
2173
8818.8
0
0
0
6464
0
4450
7738
2888.46428571429
0
16421.6363636364
4027
13368.5
0
0
1799
8
0
10348
0
0
346
0
17378
0
6722
136
264
0
2494.2
0
0
482
0
0
0
789
4179.5625
1867.4
838.612244897959
2135.66666666667
0
0
0
61
13
803
0
0
0
83205
0
0
0
6636
31
0
0
5306
606
189
0
372.5
0
1.5
0
0
661
0
0
47
1326
0
0
217
363
0
0
53
0
0
0
209
4778
69808
516
0
858
577
0
0
8931
324.363636363636
1061
2332.5
975
0
0
10584
713
7086
0
404
608
555
7879
654
4379.03571428571
11168.6384615385
0
0
4178
11496
10770
4230
0
0
332
1783
0
164
0
60
186
0
13792
6579.15384615385
26965
52
0
0
7746
1454.5
0
19698
1
474
0
119
29
52
0
32
11848
1756
9121.32608695652
0
0
8337.5
2227
235.5
0
3642.79411764706
23
1
141
1247
0
176
0
1651
0
8666.5
0
15230.5
2489
2578.66666666667
42
0
1184.5
2241
1328
179
286
0
3572
2284
0
8672.35820895522
6430
0
9456
0
0
10044
595
1286.13636363636
42
16213.4117647059
0
8
0
3733.25
0
0
54785
862.5
6187
4328
0
20135
4
0
243
4828.5
3195
8526
665
0
0
193
0
0
812
0
1680.5
174
23973
0
0
250
1090
16475.3076923077
0
0
0
0
100
0
11746
0
0
0
7.5
0
0
0
1504
0
49
204325.333333333
0
0
12
0
13958.297029703
0
116
0
6818.33333333333
6913
1515.66666666667
0
5915
0
0
0
0
0
27542
0
1812
371
38
0
255
1105
1796
0
757
0
9723.75
0
52018
989
660
4565
134
0
0
5676.5
0
0
0
650
7669.07291666667
0
0
20
2
30
0
5123
3528.75
7397
484
0
28
111
0
0
6662.39325842697
0
0
21
0
820.666666666667
0
0
1
254
0
15341
5147
908
0
4395
0
1115
0
4
316
63
0
9942
6156
0
1145
6
0
10
0
5
0
0
3222.45454545455
12273
6423.5
0
4
0
1133
17129
3517
1510.5
0
0
1256
460
0
37
2
0
0
0
366
0
77
0
0
0
0
10074.8091954023
0
0
0
120877.5
0
0
26534
0
0
0
551
0
472.5
291
0
28752.5
0
0
15
0
0
40654
0
139
399
2368
0
0
13878
134
7244.79166666667
1565
0
0
4516
1586
4613
44
14490
716
0
0
2304
3171
8802
0
11273
1477
0
0
0
0
43
0
10263.612244898
16021
0
519
5094.5
5432
789
2
2557
0
0
2559
2145
4166.59574468085
2882.5
24662
0
39
812
0
31
0
11132.4935064935
21
235104
7553
27
1957
5308
0
7709
0
3222.5
1556
0
901
400
3638
902
0
7058.77419354839
0
21
5
0
0
0
0
17014.3
4656
0
0
0
48
0
221
7953
0
0
0
598
0
929
0
0
6237.08823529412
2769
535
0
0
0
53
0
25948.3333333333
0
5
2440
0
0
8800
5519.86363636364
6295
0
51347.1666666667
6559
603
0
3259
0
9942
0
0
0
0
750.5
0
6193
12424
752.078125
0
0
0
2538
5194
1994
0
128
0
0
16178
3161
0
774
603
0
70
0
0
5750
0
0
0
1237
38534
729
0
0
6074.43055555556
0
6746.5
106
368
686
0
1301
3924
0
26
139
136
0
14253
11017.786163522
2765
0
23
14075
0
0
885.5
79
0
26405
0
2410
0
2612
13908
0
4
2256
35
606
0
31
7925
0
0
1821
29741
185
2713
251
5172
4958
2182
1163
0
0
0
19
1516
7024
0
0
6661
0
88
0
0
0
8
0
7184
54725
15807
54831
79
698
47479
0
0
9670.42948717949
0
48437
9285
0
953
0
1334
2296
0
465
4901.5
15043
0
0
100
0
139
0
1803
2302
23
0
0
10997
8660
0
1755
78
0
0
6
7760
9427.73684210526
0
6506.84782608696
0
5
0
0
33
2680.23958333333
1440
6877.5
0
3890
0
1961
454
9235
0
0
2
10643.2629969419
4854.20689655172
13255.3
0
139
1001
3656
0
0
8618.03846153846
0
0
0
258
3079
0
5035.5
0
1004
0
16362.3333333333
0
0
616
4647
0
0
0
0
7665
0
0
2130
27115
0
5114.68292682927
1104
25721
1303.5
0
0
0
7880.5
0
9
68501.3333333333
0
13531
154738
147
12189
0
2232
40034
826
20202.5
2166
14349
795
902
4497.5
25421
0
0
0
0
287
37
3610
0
20896.5
11366.0952380952
12659
884
856
1535
0
11066
0
0
0
9901
3823
6752.92857142857
0
6730
6563
0
0
11516.9310344828
2293
5591.73423423423
601
6187
0
7025
0
0
9257.40760869565
0
0
0
0
114.666666666667
170
0
12782
0
0
0
810
0
3167
4182
0
53
0
32751
659
3487
4360
2023
13991
238
7866.7741046832
3856.5
0
2845
17034
15443.1428571429
0
0
14520
0
13153.5769230769
0
807
713
21
0
2716
0
0
0
9219
103
1094
0
7002.73076923077
0
5299
0
0
0
0
15655.3333333333
0
0
0
0
0
12
0
0
5527.48936170213
12828
0
0
5976.24489795918
1333.5652173913
0
12836
20023
48
1379
551.25
0
3532
0
0
1
93
717
0
0
0
0
0
0
0
465.9
0
0
8892.01257861635
8437
0
1753
0
0
15506
5
22
0
0
167
0
0
0
0
0
9472.15544041451
0
0
0
41
7187
21
2480
924
0
543
0
7518
0
0
0
8568.37047353761
4010
95
1445
0
0
3354
14658
0
806
3703
870
6256
0
2919
2876
1408
202
0
0
8165.85714285714
0
107
11795.1290322581
246
0
89
0
4918.67741935484
19256
699.5
12.3333333333333
9308
3218
0
4
7592
0
0
0
449.5
0
0
0
0
0
4202
0
1702
0
0
26
0
9535.54545454545
555
0
41944
88
778
18
0
871
0
0
0
5300.54054054054
19
310
0
0
3792
907
0
0
428
0
0
493.25
195
330
3656
0
10879.5
0
0
1
7649
1031
179935
10168.7941176471
0
0
101
0
0
0
0
0
0
15
36
0
27
77
6182
594
0
2916
4105.5
0
0
0
0
0
287
0
2
0
3433
0
0
686
0
3
0
23
0
0
6284
0
1032
815
0
31155
20694
0
0
0
8
964
30
0
0
1832
0
51
0
17215
293
0
0
0
1075.09090909091
21373.5
0
0
1478
0
0
0
0
723
3309
0
0
0
0
3409
1487
5301
0
391
0
5
27577
3301
11422.9338842975
9960
0
0
11778
0
0
1494
2715
1387
31
0
0
0
0
9886
15
541
6608.37333333333
0
2726
0
2172
12761.7653061224
183
14520
0
164
4
2806
7546
1375
49
1302
1879
0
0
0
5566
2314.5
7826.5
0
0
0
4
0
0
262
0
12.5
0
0
3218
0
0
1
5
1037
542
28
16699
2713
0
13611
40105
3342
238
1553
986
0
3
0
18371.5
20
1084
6817
0
2345
11869
1004
6190
0
3534
1633.33333333333
817.666666666667
4
2263
2041
63
36
0
0
13286.5421686747
895
68
324.5
0
1500
53
0
324
3064
0
0
1139
5
0
0
0
1421
46
386
712
0
0
2348.61111111111
37
2973.5
1
1722
0
2416
7471
1877
0
0
4
0
0
484
7347.5
355
1
0
12689.4140127389
1354
723
52
22605
1720
36
7993.22727272727
160
0
0
0
83
7504
0
657
11038
0
1194
0
583
0
0
2379.33333333333
286
0
0
10313.7272727273
1579
640
0
0
6268.94270833333
69
1403
0
56
8441.96323529412
0
2
0
106
10948
855
0
0
97
1656
5
496
812
0
18360
0
0
279
0
857
0
0
0
0
164
390
3549
0
1705
682
0
3
727
0
0
9
0
5393
81904
1203
0
0
10922.6984126984
0
1294
0
14936
9833
586
1469
14
0
4
72
0
1078
0
0
12666
0
9524.5303030303
14
1242
0
0
0
16461.5
467
0
2259
0
301.285714285714
58
34673
0
6659
0
0
40
0
107134
0
0
1754
0
0
0
26367
0
0
0
0
2643
0
1099.5
117
13003.2
3909.40677966102
0
0
0
6470.33333333333
33308
2655
1124
421
0
0
756
0
0
0
0
21
0
0
0
1
313
3966.25490196078
62
5455
91355
70
0
23172
606
1436
0
0
2814.5
13325
0
9
0
0
6364.01449275362
23916
5416
1037
70
5491
0
3915
869
0
320
27
0
0
1048
2019
0
8329.46153846154
2162
0
15168
0
0
0
47784
0
0
0
2746
7568
184
0
0
1777
0
320
9467
838
0
0
3985.66666666667
560.5
11243
0
0
0
0
0
0
21158.4285714286
0
468
396
5734
0
0
0
8
3149
31
11141
266
42
911
0
165
3517
23
0
79
0
0
19
4256
39
0
0
0
895
0
0
2801.5
8386
0
352
13454.1572580645
0
0
106
0
773
4914
0
4245
275
0
0
6225.34146341463
904
2571
0
0
8185.5
0
0
1634
49
387.5
1301
2506
76702
0
0
0
4846
13481
11643
0
19733.3636363636
0
133
508
0
0
0
9456
0
0
0
0
17
0
0
0
13411
1171
13
4
0
296
17538
2613
0
0
0
7065
4544.40828402367
2161
0
828
11973
0
0
0
9511.5546875
130
0
2829.61538461538
36.5
106
7435
445
0
1354
0
485
0
46388
0
0
0
0
14403
104
3427
0
0
12011
0
5959
0
129
0
0
0
15697
0
0
0
4
10976
4404
0
30511
0
0
8235.725
9116
133
82
997
7490
5217.87671232877
0
0
1939
26537
0
0
4
1250.5
0
0
0
0
0
1
7509
0
0
5
974
0
0
60645
0
565
3315
27470.5
1433.5
0
0
12195
0
803
344
78
421
91
0
0
539
6
36
3497
78
1
0
0
0
0
0
0
0
253
21
0
2542
1679
0
700
0
0
0
0
13587
24117
756
0
13264
13611
733
0
0
25
0
0
0
0
508
1379
0
169
0
0
17255
0
1323
2101
31
0
0
13670.2333333333
3
150
7110.36144578313
0
0
0
0
9665
4031.83870967742
0
0
780
10208
21791.2857142857
4255
616.5
400
0
3852.24444444444
177
1301
1707
43246
1256
0
4490.76388888889
0
451
0
4078
0
14248
4020.5
0
0
7503
4027
0
0
724
16001
0
37
0
1210
603
2308
16699
0
0
9722
8105.41463414634
0
4992
13785.8461538462
20
362
10340.64
1212
45
0
3463
3356
0
0
5
1772
0
0
632
410
3117
0
40
0
4790
0
3689.69811320755
219
0
0
0
0
24511
45282
17867
4477.55629139073
1573
650
0
2
0
0
0
2305
8257
0
0
2232
0
929.5
59
570
552
0
1556
22392
482
10517.4782608696
51
992
0
196
0
0
0
0
12
18844
0
0
16277
0
5641.75
30
559
3859
0
0
0
4373
0
13790
5830.23015873016
14
0
0
9
1045
0
90560
1529
8141
13829
0
8
6447
116
5266.16666666667
910.5
290
19183
3806.95238095238
0
0
1256
49
0
0
0
0
0
0
0
0
243.166666666667
324
14406
0
515
19
885
0
385
0
0
24
22
881
1772.20805369128
0
0
1401.16666666667
51
346
0
0
56
3116
0
346
3656
0
0
3
6384.1
37864
8349.45454545455
0
1590
401
606
121
13200
0
325
0
305
0
23185
978
599
0
0
6156
0
393
57
3
0
18994
0
191
0
2363
1165
0
9034
8035
0
0
8.5
0
0
3195
0
63
0
2524
0
1406
0
719
0
11665
0
0
1998
37
3239
0
0
0
63
1478
0
182138
1101
0
1475
5086
0
0
4373
52
7029
0
28175
547
1914
340
1018
1009
3717
3593
0
4476
0
772
899
0
0
0
2487
0
0
26816.6666666667
1193
0
26405
0
1927
14277
2491
33423
155
0
406
108
197.5
1191.5
0
0
0
3097
739
0
0
671.5
9586.04509394572
0
5693
7121
13450
0
45
182
56083
0
94
0
0
0
216
0
3881
33
2
842
4
0
0
33750
0
8184
0
0
7487.15183246073
1473
19531
10490
4920
5249
3433
0
0
28979
6430
0
0
0
0
1494
54
8023.17829457364
223.5
2076
0
5812.21276595745
0
723
0
1569.2
0
0
397
11921.5769230769
9029
0
0
5.5
0
17085
23912
7
633
2688
0
0
6503
2421
0
0
0
0
8492
1889
14990.66
7850
6
0
37303
0
47
81520
0
0
0
0
6912.27655310621
40
14520
0
66
0
4654
0
3562
60
0
0
0
0
4
0
0
0
0
454
2726
0
28690
29
6283
5382
0
0
18049
0
4263
0
47784
0
0
4724
8859.03703703704
3711.57142857143
720
0
897
139
12359
0
205.857142857143
0
4
130
0
1417
0
0
0
39
8
0
0
6259.3670886076
0
0
1205
0
2
0
7008
215
29938
0
19121
0
2693.1976744186
0
435
5892.1
0
0
1048
0
34
61256
0
41296
1841
0
310.939393939394
224
3453.88
3427
0
27413
756
0
0
783
12898
1078
1994
999
0
3297
4
8933
0
18
0
8898
0
9
0
3787
0
1604
0
591
5810.77027027027
2115.87804878049
0
0
244
0
31332
1755
0
1344
831
0
0
960
0
2571.5
5503.33333333333
4199
0
1031
4
212
0
3673
0
5119
133
0
0
30
9231
0
0
5
345
311
0
3097
27668
2641
217
11978.6904761905
0
1297
12399
4
0
5436.9358974359
27
14
0
0
199
1533
0
286
0
927
0
0
0
4775
12256.3333333333
0.666666666666667
0
0
1473
1402
0
0
9565
3218
7765
0
11581
2
0
0
0
11006
0
0
5
0
65
6115
39
249
26363
91
0
0
0
63
0
1738
6302
904
0
0
0
14
817
96
0
237
1953
3071
0
0
0
0
52
12
1024
2402
1339
0
15630
7898
0
191
12359
615
219
1962
0
0
33238
10826
0
2819
451
0
710
0
0
0
0
638
49
0
5479
0
0
621
0
0
8216
0
3562
0
0
0
628
0
0
4894.88888888889
0
344
4672
36774
0
37
771
11874
0
0
0
0
133
0
74
0
235104
0
0
0
0
33238
0
10247
0
1565
96
0
0
145
0
1711
0
0
0
76925
1746
0
6704
0
23199
0
639
0
3763
3166
23990
6
0
0
0
4220
1940.86842105263
0
5614
0
620
0
8437
0
4
0
4545
0
0
930
449
0
0
0
0
0
12
25
0
0
13701
1070
0
703
1783
0
12
8154
700
1467.33333333333
0
0
0
1226
7741.72413793103
0
1325
9668
0
6093
66.5
0
4285
0
2407
0
0
1031
1006.75
0
0
20055
7
10140
466
0
2653
5179
5116
5558.5
0
0
2101
0
0
0
0
100
118
3
1078
0
305
61
208
2454
0
0
0
14
1894
25308
122
60642
639
0
0
3761
0
5546
45
2
2576
4912.66666666667
0
0
9942
1850.33333333333
311
0
128
15566.2361111111
0
0
196
3247
2518
1128
0
0
0
39
0.5
275
0
128
0
0
27
4445
1
0
0
2940.8
2426
0
0
297
19296.6875
23330
12
23
659
996
1755
7
354
74174
405
0
4893
0
2030
320
0
130
0
1010
0
0
0
42966
7121
0
3573
39284
0
5536
1457
0
0
0
0
11511.8762886598
1300
1380
0
2263
9190
62
0
63
30
8400
3571
0
31
781
1588.5
177
0
0
121
0
10539
0
13
49508
0
0
130
14064.4
0
0
0
0
531
5514
2529
383
0
0
7653
15
0
279
443
588
5372
0
113.2
0
317
35
123
0
8682.375
33
37349
23160
537
1581
0
0
11784
0
1360
363
0
0
0
0
10906
4754
7841.48148148148
95
2823
2144
0
4296
11366.8888888889
0
531
1937
31
8069
0
1445
314
0
18966
0
0
5898.61538461538
0
4
0
5
0
458
0
6955.03773584906
0
4468
0
0
0
956
0
5357.25
784
4914
0
12489
0
388
56
0
0
8662
0
0
292
0
510
0
1962
0
0
126
5
39902.5
10
11
562
0
0
80355
584
21
13325
0
0
41
0
0
0
0
0
605
17135
4847
336
0
0
4071
0
0
0
2861
0
20
0
0
11654
0
74425
0
0
0
0
564
526
1325
2
9
0
0
0
0
537
15
34
0
7579
0
0
6086.96774193548
17927
37348
9
6
0
0
0
0
0
4420.16959064328
8545.91947115385
0
259
44
52.5
61
0
469
8428
20
0
2550
327
8453
96
2908
0
0
0
2
0
4553
0
0
5498
227
0
48.6666666666667
0
192
0
0
0
5521.16883116883
0
0
5618
0
0
3546
0
0
1068
0
0
0
373
4
45047
9055
23943
0
0
0
0
422
4731
0
1948
21
548
0
30675
0
0
982
0
115
52
873
36
0
1910
430
147
2
0
2528
10694.7358490566
0
1610
0
0
1949.86206896552
0
1167.5
15
339
0
0
0
12943.7804878049
1542
0
9479
562
0
0
0
0
211
0
0
304
1023
0
4704
2061
0
3742.26666666667
4
0
0
4898
0
0
0
2846.25
2667
34853
0
2552
267
0
0
0
0
0
13611
592
6236
0
0
1975.83333333333
2978
1
0
6054
4023
2207
27501
4514
638.5
39
24
0
7994
1535
13758
0
0
1225
6606
0
1783
19
0
0
0
24659
0
0
596
0
0
138047
0
2355
0
0
1890.9
1355
1397
0
40
3541
19
547
18844.9166666667
24
331
5931
0
0
0
0
1051
0
130
0
2938
0
2212
0
17195
1094
878
1263.23076923077
2051
0
626
0
492
82
0
2199
9
16699
2410
0
0
0
21
0
12
0
6700
0
18
370
0
0
332
302
0
296
28740
0
462
84
15996
148
0
0
0
0
27
0
392
0
484
22
2121
5
0
5489
0
0
415
2794
0
1237
0
246
4618
2488.5
0
0
0
0
252
0
6635
0
0
34
3673.19230769231
844
1094
1143
1322
0
17
2647
5398
0
5
13358
7046.5
7366
495
3828
552
0
49
0
0
4450
26117
0
14
4795.23287671233
1
100
1113
886
0
0
0
2831
3931.91359325606
0
0
139
8
194
673.5
4391
5
2182
3341
0
0
0
6875
294
0
0
3
7
2196
210
17555
10255.9727767695
22
400
0
1225
10343
0
22
1914
1708
1399
0
0
13275
80
0
2
1850
3
1329
0
1781
2280
1309
2362
0
0
0
80
7387.00363636364
0
19571
0
35333
2140.45454545455
2227
0
0
147
0
0
4378
5408.27272727273
1036
401
0
0
4
0
0
2355
797.5
167
8036
0
852
0
144.2
18
5792
27188
0
1647
0
0
0
0
413
0
10730.8571428571
14639
0
7238
0
0
0
0
2049.75
24585
1726
238
151
302
433
1756.36363636364
0
19
965
0
2489
0
0
23
8
0
89
0
0
27
106
0
12
391
0
0
215
0
0
0
1
262
274
0
0
0
18918
0
1194.75
3487
98
0
17
9969
0
1140
1259
451
6914
0
0
818
0
0
249
0
0
984
5852.38235294118
364
0
12
0
1885.66666666667
0
0
0
2608.75
8236
11741.525974026
96
0
0
232
0
729.833333333333
0
5537
0
0
0
0
1033
0
20
0
10086.75
0
274
0
0
0
2441
4765
59
13060.1285714286
3360
16393
6995.08960573477
5130
4666
0
0
3656
0
1518
0
469
0
0
12442
6
2681
10634
0
0
0
874
119829
10894
7055
0
10
11342.5633802817
8
7819.61111111111
144
18263
19
799
0
1484
6665.76388888889
212
0
0
0
14224
4
377
0
475.5
240
883
0
0
24
0
3601
1971
1268
0
0
61
75
9223
12510.3235294118
0
454
13
0
0
84
349
3207
0
0
0
0
9147
325
0
3487
34029
0
50
0
544
14538.3703703704
0
0
608
1366
35538
4807
3049
0
137
7922
15092
0
2335.5
3089
1305
0
61.3333333333333
807
12316
0
4
0
280
2304.5
15210
0
9595.90510948905
1
0
76
999
3604
0
0
3251.09523809524
0
1183
0
15130.6666666667
16345.92
552
0
0
33
0
89
6670
87
0
3
4138
29161
288
9716
5802.94029850746
2283
996
2263
0
669
160
0
0
756
13158
3333
0
0
0
0
0
0
0
0
0
2162
0
0
0
101
0
0
1774
0
12973
1
0
3631
0
0
524
0
148.5
0
963
0
0
810
573
53
0
0
2359
0
50
0
0
4
115
8371
10257.4470404984
169
2305
31
0
6802.78723404255
0
0
0
8
2254.91666666667
0
1853
0
28
9084
0
141.833333333333
0
1
4788.66666666667
0
0
0
0
687
3096
0
4295
6165
1269
0
1361
81482.6666666667
1587.95454545455
30
1989
364.5
0
4654
0
0
0
0
0
0
856
273
137
0
484
2919
0
121
0
0
0
43432
0
0
374
3139
86
0
6951
2
0
0
0
0
2481
17032
15509
576
0
0
234
3562
0
626
2046
485
0
76
0
8387
0
631
670
67
7852.03333333333
43
0
711.772727272727
0
0
19
2
692
9160
0
4235.96341463415
0
0
5045
4312
0
0
2905
0
8223.02040816327
0
382
0
127252.8
5336
6649
616
84
0
5495
0
288
0
1224
4959.32
0
0
1108
4104
4536.64516129032
305
558
300
8410
9757
1696.52631578947
1800
488
26675
3631
3293
8233
0
2682
4030
0
0
0
9125
0
997
59
743
0
217
4215
46
15341
116
0
26
0
152
7395
12.8
753
11916.5
0
0
7581
0
0
0
279
9
842
711
26
0
0
7960
0
0
3464
0
1743
0
0
3562
56
0
0
362
534
2172
0
1485
4
9
12208
3611
2402
17870
886
5156
0
0
8438.75
24948.5714285714
0
1811
0
21
364
55012
839
544
1409.875
0
0
15865
0
0
255.406832298137
0
0
12953
0
2412
0
0
6754.88461538462
0
0
3406.42774566474
498
1000
4513
8800
0
1752
0
2917
7
15832
1
0
4102
0
0
2514
4521
5655.125
242
5
301
0
30
19
3950
11906
23479
1032
0
0
0
0
1914
0
0
0
0
7814
0
0
1
13
0
80
829
0
43446
4425
9
5630
17173
0
2640
3839
119
2826
7069
0
0
0
1386
21
9529
0
541
0
491
1279
242
0
0
4795
164
0
0
9594
1495
0
0
0
3631
6763
0
182
5505
0
2
55
24
12534
0
3985
7841
0
0
2904
0
27245
6187
0
0
0
286
7315
7029.14925373134
1078
0
0
0
0
0
5027
2625
0
0
0
0
745
0
0
28977
0
5
34194
9863.33333333333
0
1950
0
0
0
0
160
1352
4949
439
3439
5030
420
7997.65
1176
0
0
1985.4
0
1286.27272727273
0
0
384
8
0
0
143
0
0
0
3069
0
4581.4
82667
0
0
0
31452
14
652
5327.31413612565
80
2
0
11346
12123
2382
332
2413.94594594595
596
0
6145.39705882353
0
0
1914
5485
0
17129
0
0
0
0
5207
0
0
10156.5
522.5
216
1101
901
2093
0
0
314
0
0
278
0
0
0
1691
110
36435
6951
0
3418
0
0
88
9605
0
0
30
0
8143.59854014599
340
0
0
0
0
0
6210.75
18
17916
0
26.5
0
2520.60975609756
0
656
0
12064.9230769231
0
0
22330
0
0
0
8
1589
0
47545
159
0
159.666666666667
1158
283
0
52
1695
0
0
2276
3297
0
0
5
0
48
0
0
5224
0
32
0
6187
0
0
18187
0
12294.8571428571
2578
2630
0
0
0
0
0
31108
836
6463.39416058394
0
0
11562.8260869565
4
0
48437
102
39
28047.5
211
0
91
0
348
1
5427
7702
11438
0
14914
10141
2355
469
9136
6621
7536
60
37
0
6910
0
0
0
12288
0
0
0
0
0
41005
77
0
1994
139
463
32
72
77
3408
3396
92
143
1309
801.318181818182
0
8361.65997130559
25
0
298
0
0
0
0
0
12689
148
0
127
0
31023
1554
0
1756
0
13742
0
16
447
0
1364
15993
0
5991
0
0
1950
12
11292.2
0
3493
252
31
256
4227
29685
0
5402.65384615385
1044
3187
0
0
13358
48230
0
58
3974
0
0
21
0
265
3
4117.33333333333
19
0
0
1910
2506
0
2245
0
1014
0
13358
694
0
115
2143.33333333333
816
799
0
74
0
0
6412
0
5815
0
53
155
4733.52941176471
0
0
1365
0
0
0
0
34893
4560.67532467533
601
1884
0
23990
0
53
0
1180
0
10352.9342465753
5199.57142857143
14311
57
54
0
4443
0
0
0
0
9120
131
1309
2906
5321
0
244
1110
7365
208
0
699
0
0
0
23032
0
0
1141
0
5412
0
2155
0
25328
0
0
0
0
0
0
1838
0
0
11762
0
0
2929
0
17
1726
19614
0
0
17870
0
0
0
0
0
1035
0
517
0
153
401
0
0
0
3151
206
0
0
0
0
0
0
52
75
0
26
0
1327.775
4740
0
1474
5308
259
41
0
9835.04
0
0
0
28
59170
5
4536
0
17
7759.65454545455
0
7696.95789473684
7697.3
2480
826.5
0
1726
0
0
0
0
4440.38461538462
2306.66666666667
9127.31578947369
3342
0
12374.25
0
0
831
0
168
0
81
0
1756
3476
0
0
971
15238
0
0
14
56913
24856
11479
0
0
741
2374
0
0
769
0
0
6568
208
8
0
3115
3916.25
0
0
3919
0
0
2
5
2
35273
0
0
654
920
28
6098
0
0
0
0
51
145
4264.5
253
3194
198
3881
98697
5141
0
0
813
78
0
0
2253
0
2655
41344
0
0
7365.01600673968
2587.4
305
0
12524
0
8138.1198630137
8456
0
14878
0
0
1
0
2
0
3704
649
0
29211
26
14047.6153846154
1181
0
30
0
130
12546
10906.8876404494
2836
8620
0
30
3809
0
737
0
0
0
0
184722
83
0
9237
8191.91666666667
7684.6875
0
443
2441
0
147
0
624
11654.3529411765
3009
0
1914
1522.875
0
4922.73643410853
0
0
3683
0
55
0
88
1100
18921
0
0
0
190
0
0
16465
21
31
0
0
0
0
144098
0
0
0
0
2836
0
750
3476
58011
2972.66666666667
3235
142
0
207
17308
10186.7011494253
1772
374
39122
0
0
39
0
456.5
0
2404
20303
7008
0
2567.22972972973
7455
0
0
0
988
1881
3
15144
1264
93
318
0
9210
2
0
46258
0
5562
0
5
127
8199
0
0
0
10954.4
489
0
4597
0
8361.71428571429
0
5749
0
0
46735
3382.14285714286
165.333333333333
418.666666666667
0
102
43677
9716.16666666667
0
0
0
13049
683.75
9685.46153846154
0
0
22970.1
284731.5
0
825.75
958.75
131.5
88
0
0
30
0
14.3333333333333
0
9812.14285714286
266.777777777778
0
0
8668
0
21010
11737.7692307692
133
0
2544.33333333333
0
0
0
0
412
5529
107.666666666667
3876.16
1568.55555555556
0
0
0
23326
0
10
222
5028
0
1732.5
15481
16837
0
0
0
546
0
3
0
0
0
0
0
0
0
0
7
0
13015
459.333333333333
72.1428571428571
10069.75
1075.81818181818
591
0
0
59
323
6787.66666666667
577
0
0
0
0
0
1492
82
133
0
0
182
0
23
0
0
5028
7055
0
1399.92592592593
0
71809
4350.8
22607.75
0
16083.7352941176
0
0
0
2806
0
0
0
264
654.666666666667
19776.5
0
751
71
23812
0
0
0
23812
0
20947
0
0
362
0
0
685
0
3604
4856.5
1074.25
0
81.25
0
149
799
21466.8
1094.33333333333
147
0
0
0.5
0
0
0
0
1116.66666666667
0
0
0
0
0
9665
7
0
0
0
0
0
0
949
0
0
0.5
76925
164
0
5343
337
0
0
0
0
0
0
3161.5
0
0
0
29
1
6750.48275862069
380
0
0
0
197
0
34
0
0
17503.1935483871
0
8
1428
0
3188
0
0
637
33604
1565
467
925
0
2173
0
0
0
0
6357.82857142857
0
15
0
0
0
978
29.5
2
2593
4173
323
0
0
0
10860
0
0
12915
0
5
0
0
0
834
12696
6048
0
0
0
0
8
27330
0
1588
38375
0
3
0.6
0
0
0
0
0
1263
0
8328.44444444445
0
0
0
0
191718
0
0
0
0
1385
730.5
3
0
0
0
0
0
0
0
280
826
1
0
3018
39
0
8
0
3129
0
47
0
0
0
15290
0
0
0
323
0
18
2015
0
3847.73913043478
0
0
0
3
29687.6666666667
8107.71038251366
0
6740
0
4040
4368
1
0
17.6666666666667
0
0
0
0
0
1
0
1121
7719
194
0
0
161.5
0
1098
161.5
0
4
0
181
0
5028
5113
0
4198
189
4184
0
915
0
0
0
0
0
0
0
0
0
0
8722.6
0
0
12530
9397
22
0
9199.13801169591
0
161.5
0.285714285714286
1
0
0
64
13259
1685
0
323
0
0
0
827
581
0
0
0
0
292
0
0
0
0
0
24534
0
0
0
0
0
480
302
72.2962962962963
48
0
8
6389.88888888889
7837
0
560.943661971831
165.5
3304
3336
3640
0
1269.5
0
0
0
5423
0
0
0
0
0
0
85.75
0
0
0
8335.5
0
136.931034482759
116
0
1.33333333333333
0
0
0
0
0
1467.28571428571
0
0
302
55.25
3
5.52830188679245
302
0
1
0
2
395
1
0
0
0
0
0
98.5714285714286
0
0
0
0
0
0
0
0
0
0
0
0
19.3333333333333
3
26
0
0
53
0
8139
0
0
1943
0
16
3
0
949
0
0
0
0
0
0
39
0
0
0
0
0
3263.84615384615
57.6923076923077
3
925.5
0
0
3
166940
0
207
0
0
0
0
3770
0
0
0
0
0
0
0
0
0
361.666666666667
4791
0
3649
7.66666666666667
0
0
0
0
0
0
0
0
0
0
0
0
0
9.5
3178
0
53004
429
0
0
0
0
0
0
0
3595.29032258065
171.571428571429
1
74005
0
0
0
0
241
0
0
0
0
0
0
0
1705
211
0
0
0
1308
12378.7142857143
49
0
0
0
0
0
0
0
0
0
0
0
0
0
3.5
496.8
209
6435.16666666667
0
0
0
171
0
0
0
0
0
0
0
814
0
0
0
634
0
0
0
3195
6657.33333333333
0
0.833333333333333
0
0
549
4.66666666666667
29.3333333333333
0
0
2476
0
0
0
0
2447
0
0
0
65
0
0
0
0
14
13015
0
0
0
0
0
0
0
0
371
0
0
0
0
0
0
0
0
0
0
768
0
0
0
0
57773
223
1737.60465116279
16
0
943
0
0
0
0
7347
0
0
1075
0
0
0
0
0
10136
133
76925
0
23249
0
0
77614
0
0
28160
949
0
6563
0
0
0
0.666666666666667
0
1491
0
0
69868.6666666667
0
0
0
0
785
0
0
0
0
0
0
0
0
0
0
0
43.1666666666667
0
10
1365
0
0
0
0
102
0
0
0
4513
0
0
0
0
0
0
16
0
302
20
0
0
0
0
5967.4
0
264
0
0
4263
0
0
827.333333333333
5014
0
217509
0
640
515
0
0
0
0
0
0
0
0
0
0
0
0
1079
490
0
163
8
0
0
0
0
0
0
0
0
0
0
1
0
1598
11
0
0
0
0
0
0
0
4
10906
0
0
0
0
0
0
0
0
0
0
0
0
0
0
0
0
0
2470.75
0
7
267.5
0
1360.5
674.085106382979
0
626.5
0
0
0
0
0
0
0
0
0
4743
0
0
3347
7951.2
1225
0
0
0
0
0
0
0
0
2374
0
0
0
0
0
0
0
0
0
0
16208
250
0
0
0
591
0
0
0
490
0
0
0
0
0
0
0
0
0
0
0
0
0
0
0
0
0
0
0
0
0
636
0
0
0
0
0
0
8951
60333
0
0
0
0
2
0
0
0
0
0
0
0
6021
67
0
0
0
0
0
0
0
0
0
101
0
0
0
0
3178.75
0
0
0
0
0
0
0
0
4638.95
1512.16666666667
0
593
0
52
1574
0
0
988
0
0
3
0
0
0
0
0
0
0
0
896
1480
0
1187
0
0
0
0
0
0
0
0
0
0
0
0
0
0
4742
0
0
15530
913.333333333333
0
0
0
0
0
0
0
0
6216
0
0
0
0
0
0
0
0
5422
7
4220
0
38
0
0
0
0
0
32.5
0
3044
0
0
0
0
36
1634
0
0
0
0
0
0
0
0
183
0
2393
31155
0
8
0
0
0
0
0
0
0
0
0
0
0
0
0
0
0
0
0
39.25
16.5
0
0
0
0
1881
48
0
0
0
0
0
0
0
0
1121
0
0
0
0
0
0
22193
0
1818
0
0
0
0
0
0
0
0
0
0
0
0
0
0
57
0
0
1324
0
0
0
17034
0
0
0
0
0
1957
0
0
0
9591
0
0
27368
0
20
0
61079
0
298.196721311475
132
0
307
14.25
0
93677
0
0
0
0
0
0
0
0
306
239
0
0.888888888888889
0
0
0
0
0
3264
0
0
0
761
0
0
10627.7647058824
0
0
0
0
0
4372
0
302
0
0
0
0
8845.83333333333
0
0
0
0
0
0
0
0
0
0
0
0
0
0
0
0
0
0
0
0
1150
24669
0
0
0
0
0
302
0
158
0
0
0
0
0
0
1320
0
0
0
1606
8313
0
8349.5
0
0
0
0
324.333333333333
0
0
0
0
0
0
0
0
5422
0
0
0
0
0
0
4
1
4733.96103896104
0
0
162
0
0
0
0
211
27
0
0
0
92
0
0
233.75
0
0
0
8
0
815
0
0
0
232
0
0
0
0
11
0
0
0
0
139
490
0
0
0
13
10533
0
0
0
0
0
0
0
0
0
0
0
0
0
0
0
0
0
0
0
0
0
0
0
16290
22
0
2
0
0
40322
0
0
0
0
0
0
0
0
0
0
0
490
0
0
0
0
5422
0
0
0
2152
4389
0
0
0
2538
0
0
0
0
0
0
0
31155
0
0
0
0
0
2464
0
0
0
0
85.6666666666667
0
0
0
0
0
39
18133
0
23.5
0
2285
0
0
0
0
0
0
19732
0
0
0
0
0
0
0
0
0
0
0
0
0
0
0
5422
0
7997
0
0
0
622
0
0
0
0
0
0
0
0
0
1478
0
0
2712
0
20718
53
0
0
0
8868
0
580
0
1324
0
3
0
0
0
14915
0
0
0
502.75
54
0
0
0
0
0
0
0
183
0
0
5386
0
0
0
0
0
949
0
0
0
238.666666666667
0
0
0
0
3082.89830508475
0
478
0
0
0
0
0
0
622
0
0
0
0
0
0
0
0
0
0
0
0
0
0
0
0
0
0
0
0
353
43
245
0
0
0
0
0
1726
0
0
4112
0
211
0
0
0
6184
0
0
0
0
0
0
3621
0
1427
38
0
623
0
0
0
0
120
0
0
0
0
0
0
0
0
9
0
0
553.5
3771
0
0
0
0
156
0
0
0
12180
0
5770
0
0
0
0
0
0
263
0
0
0
71
0
4057
0
16
1
0
0
0
0
0
0
295
0
0
9308
74
1543
0
436.336633663366
1152
0
0
0
0
0
0
0
1911.45454545455
0
0
0
0
9503
0
0
0
0
0
0
0
105
0
0
0
0
0
827.666666666667
0
786.428571428571
0
30
522
0
0
1272
0
0
0
0
421
89
0
0
230
0
1096
0
10720.0909090909
0
0
0
0
4913.5
0
0
1136
0
611
0
0
0
0
0
121
0
0
0
0
0
0
0
0
0
0
0
1.66666666666667
0
0
0
9709
0
0
0
0
0
0
11999
0
0
0
0
0
0
0
0
0
0
0
0
0
9
302
145
0
0
0
22407
0
302
0
0
0
0
0
5241
0
0
0
0
0
0
376.888888888889
0
4994
0
0
0
0
0
0
2354
0
0
0
0
28
0
0
2083
0
31155
0
0
0
0
0
0
0
0
0
0
0
0
0
0
0
0
0
0
0
0
102.5
1412
702
0
0
0
0
0
0
0
0
35416
0
0
0
0
0
0
0
0
0
0
2419.13636363636
0
49
0
744
0
0
0
0
0
3840
0
196
0
0
45236
0
0
0
0
0
0
0
0
0
0
331
0
0
0
14034
0
729
0
601
283
38
1614
0
0
0
0
0
0
0
0
0
0
0
0
0
0
0
0
0
6636
0
0
0
0
0
0
46
187
0
0
0
0
0
0
0
0
0
0
13
0
0
3282
0
7
0
0
0
0
19
0
0
36149
0
0
0
0
0
276
0
209567
0
0
0
0
1037
0
0
0
0
0
0
0
0
0
0
0
0
0
5099
0
6712
0
0
0
0
0
0
0
9121
0
0
0
0
109907
0
0
0
5422
0
0
0
0
0
0
0
0
0
0
0
0
0
1125
0
0
2103
0
211
0
0
0
0
0
0
3026
13336
12
0
0
0
0
0
5498.83333333333
2149
2177
0
0
0
0
0
0
8945
148
0
0
0
0
86.5
0
0
0
0
2
3660.02702702703
5
0
0
34536
9591
0
2417
0
0
0
0
0
413
0
353
365
59
0
0
0
0
184
0
2
0
0
0
0
0
0
0
0
0
0
0
1726
0
0
0
0
0
3031
0
0
0
286
0
0
0
0
22357
0
145
0
0
0
0
0
1008
0
211
0
0
302
0
78128
0
0
0
0
0
0
0
11
20
0
0
0
0
0
0
0
0
0
0
0
0
0
133
0
0
0
0
18.5
0
0
0
410
0
0
0
0
0
0
0
1477.5
0
0
48
16
0
0
11199
0
0
0
0
0
0
0
624
0
0
0
0
5431
0
625
0
0
38
0
0
0
0
0
0
0
0
0
0
0
0
0
302
0
0
0
0
0
3998
0
0
0
0
0
0
0
0
0
0
0
0
0
0
0
0
0
0
1083
0
0
0
0
0
0
5001
0
82
0
0
0
5140
0
0
0
0
3
0
0
51
0
0
0
0
0
14667
0
0
0
0
0
0
29332
0
0
0
0
0
4540
0
0
0
5
7541
0
0
0
0
0
0
0
0
0
2465
0
0
0
0
0
0
0
0
0
0
0
0
0
0
0
0
0
1726
0
0
300
0
0
0
8998.31818181818
0
0
0
0
0
0
7369
0
0
0
0
0
0
0
0
0
7296.54624277457
0
56885
0
6090
0
0
0
0
0
0
0
0
0
0
0
0
0
5422
0
1.25
0
312
38271
0
0
0
8111
0
0
0
0
0
9
0
0
0
0
0
13236
0
0
4897
0
0
10265
0
0
0
0
0
23
2983
0
0
0
0
64633
0
0
0
0
0
0
0
0
0
0
0
0
0
0
0
0
0
0
0
13
0
0
0
0
0
0
0
0
0
0
0
0
16496
0
0
0
0
0
1026
0
0
0
5422
3627
0
0
0
1472.57142857143
2201
0
0
0
0
0
0
0
0
0
0
0
1894
0
0
0
0
0
8750
0
0
0
16
0
0
0
4115
0
0
0
145
118
0
0
0
0
0
0
0
0
0
0
0
0
0
0
0
31155
0
0
0
0
0
264.454545454545
0
0
0
0
0
0
0
0
0
0
0
0
0
0
175
0
0
5422
0
0
244.25
0
6682.95238095238
0
0
38
0
0
0
0
5148
0
0
0
0
0
0
408
38
480
0
0
379
0
0
0
0
133
0
0
0
0
0
0
0
0
0
0
0
0
0
919.214285714286
0
0
0
0
0
0
0
0
0
0
0
13
1696.52380952381
0
0
0
805.25
3
0
0
0
0
0
0
0
385
0
998.8
0
0
16
0
2266
0
0
0
81782
0
0
261.0625
0
0
6
0
284
7781
0
0
0
0
0
0
306
0
0
0
0
0
0
359
0
302
24
0
0
0
0
0
0
0
5.5
0
0
51
674
0
0
66
0
0
0
1
0
0
0
0
0
2963
0
0
0
0
0
0
0
0
995
0
0
0
0
5225
0
0
21
0
0
0
0
48662
0
0
0
0
0
0
0
0
0
0
0
0
0
0
0
0
0
0
0
0
0
8
0
140
400
0
0
0
0
0
0
0
0
109907
0
0
0
0
0
380
0
2553
0
0
0
7136
0
0
4
289
0
0
0
1350
0
0
0
0
0
0
0
13
0
0
17993
0
0
0
18
4372
52
0
0
0
5422
19044
0
0
127
0
0
0
0
0
0
0
0
0
0
0
0
5
0
0
0
0
0
0
0
0
0
0
0
0
0
0
0
0
2633
0
0
8
0
2396
0
0
0
371
0
0
0
0
0
0
0
0
0
0
65
0
0
1876
0
0
0
0
0
0
0
0
0
0
0
0
0
0
0
0
0
0
0
30
0
0
5
0
0
0
159
0
0
0
0
0
0
2285
0
5247
0
0
0
0
0
626
6455
0
0
0
0
0
1575
0
0
0
0
0
0
0
965
0
2043
949
0
0
0
0
0
0
0
4423.52941176471
1
0
0
0
0
0
0
0
13
0
0
1116
36
0
0
0
0
0
0
0
0
0
2079
2541
0
1701
0
0
2201
213.987179487179
16699
4448
0
0
205380
0
0
0
0
5260.90540540541
0
0
0
0
0
0
0
0
0
0
0
0
0
0
0
0
0
0
0
0
0
0
0
0
587
0
0
0
0
0
0
0
0
0
722
0
0
0
0
0
1
18
23326
0
0
0
41142
0
0
0
0
18049
0
25007
0
0
0
73
0
0
0
0
16
0
0
0
0
0
0
0
145
0
2355.75
0
0
0
0
0
0
6636
0
0
0
0
0
0
0
0
21
0
0
0
0
0
981.6
0
0
0
0
0
0
35339.1666666667
0
0
0
0
0
0
0
0
0
0
0
9508
0
0
0
0
0
0
19906.2857142857
0
4723
0
0
688
16317
0
0
0
12752
0
0
0
135
0
0
0
0
0
0
0
18
0
0
0
0
0
0
594.78125
0
0
1240.5
0
0
0
0
104
0
0
1553
0
0
0
0
0
0
0
0
0
0
0
0
0
11295
0
1398
6576
0
0
0
0
13
123
0
0
0
288
0
0
0
0
0
0
0
66888
0
1
0
0
0
0
2526
1097
196
0
0
3472.5
0
0
0
0
0
0
0
0
8802
0
0
31979
0
0
0
816
0
0
5422
4
0
0
0
6212
0
0
0
0
0
0
0
0
9285
2297
0
1474.41071428571
20056
0
0
20056
5422
0
0
0
0
0
5100
0
0
0
0
0
0
0
5422
179
5422
0
0
0
10
0
0
0
0
1545
0
0
0
0
0
0
0
5422
1509
0
5422
0
0
0
0
38345
0
0
0
0
0
0
0
0
0
0
0
3688
0
0
1691
0
0
0
6703.33333333333
9355.7619047619
6683
2979.66666666667
0
0
0
122
0
0
0
2476
5
0
0
0
0
1196
0
0
0
0
0
0
0
0
0
0
0
0
31155
31155
1401
0
0
426
426
0
0
0
0
0
0
0
139
108
0
0
65509
0
0
0
0
15196
0
2884
147
232.5
0
0
0
16203
7490
0
0
0
0
0
0
4372
0
0
0
656
0
0
0
0
0
1652
0
0
0
0
7294
0
0
6437.76470588235
0
0
0
0
0
3667
0
11063
0
0
0
0
0
0
0
15580
0
3102
0
0
0
0
0
10713
2254
0
0
0
0
25572.1111111111
3593
0
0
0
0
5422
8800
5422
0
1324
0
1917.33333333333
5422
0
0
0
0
0
0
0
0
0
0
0
0
0
0
5422
0
0
0
0
14
0
1827
0
4016
0
0
0
0
0
0
0
0
0
0
0
0
0
0
0
0
31
0
14410.3461538462
365
0
0
0
0
170
0
0
0
0
0
0
0
139
139
8582
0
0
0
211
0
0
0
0
0
124
0
3674.5
0
13004
0
0
0
0
0
558
0
0
0
0
0
0
0
0
0
0
0
900
0
0
0
0
0
0
0
0
8514
0
0
851.166666666667
5
0
5422
0
244
0
298
0
404.743902439024
8
0
19
0
0
0
0
0
3886
0
0
0
0
0
3197
0
0
3095.95
0
0
0
1911.33333333333
0
648
237
1120
0
60
0
1188
2072
3252
0
0
0
302
0
0
580
3511
18
9823.3125
0
0
5
0
204
0
0
1996
633
0
0
23352
0
0
0
0
0
0
3031
0
1845
0
0
0
0
0
0
0
8744.83333333333
0
0
0
0
0
4
0
0
0
0
8152.71428571429
0
1109
1802
0
0
0
0
0
0
0
0
0
0
0
0
670
0
0
0
6313
0
0
376
0
0
10
0
371
0
0
167
167
0
147
3226
3
0
0
0
0
2476
204
2713
0
0
0
0
179
0
