4
1
0
0
0.166666666666667
0
2
0.122549019607843
1
2
0.338983050847458
0
3
1
1.01086956521739
0
0
0
0
0
0
1
0.0384615384615385
0.413793103448276
1
1
0.04
0
0
0.25
0
3.51851851851852
1
0
0
0
0
0.06
0
0
0.05
0
0
0
0
0
1
2
0
3.33333333333333
4
0
0
0
0
0
2
0.138461538461538
0
0.561270801815431
0
5
0
1.1875
0
0
0.025974025974026
1
0
2
0
1
0
2
0
1
0
0
0
1
0
0
0
1
1.11111111111111
3
0
0.0043525571273123
0
1
0
0
0
0
1
0
0
0
0
0
0
0.546875
0
0
2
0.05
0
0
0
0
4
0.038961038961039
1
0
0
1
0.357142857142857
1
0
0
0
0
0
0.666666666666667
0
0.117647058823529
1
0
1
1
0
0
1
0
0
0
0
0
0.214285714285714
1
2
0
0
3
0
0
3
0
0
0
0
0
0.072289156626506
2
3
0
0
1
2.04761904761905
0
0
0
0
0
0
0
1
0
0
0
0
2
0
1
0
0.941176470588235
0.823529411764706
0.0632911392405063
1
0
0.377049180327869
0.925925925925926
0
2
0.0303030303030303
0
0
0
3
0
0
0
0
0
0.0909090909090909
0.0714285714285714
0
0
1
0.0695652173913043
3
0
0
3
0
0
0
0
0.8125
0
0
1
0
0
0
0
0
0.909090909090909
0.317757009345794
0
2
0
0
0
1
2
0.137254901960784
0.8
0
1
0
0
1
2
0
0
0
0
0
0.116279069767442
2
0
0
0
0
1
0
0
0.125
2
2
3
0.166666666666667
0.0256410256410256
0
1.25
0
1
0
0
2
0
0
0
1.66666666666667
2
0.0731707317073171
0
0
0
0
0
0
0
0
0
1
0
0
0
1
2
0
0
4
0
1
0.214285714285714
0
0
0
1
0
0.214285714285714
0
0
0
0
1
1
1.90322580645161
0
0.4
1
1.95454545454545
0
0
0
1
0
1
0
0.166666666666667
0
0
0.0103092783505155
0
0
0.666666666666667
1
1
0
1
0
0
0
1
0
1
0.294117647058824
0.0963855421686747
0
1
0
1
0
0
2
0.25
0
2
1
0
0
0
0
1
0
0
0
2
2
1
0.375
1
1
0.136363636363636
0
0
3.01666666666667
0.4
0.157894736842105
0
0.304347826086957
1
0
0
0
0
0
0
0.333333333333333
1
1
0.0091324200913242
3
0.135021097046413
2
0.0144230769230769
1
0
2.5
1
2
0
0
0
0
2
0
0
1
0
0.538461538461538
1
2
0
0.164705882352941
0.72
0
0
2
0
0.166666666666667
1
0.8
0
1
0
1
0
0.344827586206897
1
0
0.375
1
1
2
2
0
0
2
0
0
0.225225225225225
0
1
2
0
1
2
2
0
0.142857142857143
0.37037037037037
0.2
0
1
0
0
0
1
1
0
0
0
0.8
0
0
3
3.00303951367781
0
0
0.024390243902439
0
0
0
0
1
1
1
2
0
0
1
1
0.4
0
0
0
0
0
0
3.25
1
0
2
1
0
0.166666666666667
0
0.176470588235294
1
0
0
0
1
0
0
0
1
0.075
0
0
0
0.413793103448276
1
2
0
0
0
1
1
3
0.108695652173913
0
0
0.153846153846154
0
0
2
1
0
0
0
0
0
0
1
1
0
0
3
0
0
0
0
0.178571428571429
0
0
0
0.383333333333333
1
1
0
1
0
0.0203703703703704
3
1
0
1
0.666666666666667
0
0.0153846153846154
1
2
2
0
0
0
2
0
0.266666666666667
0
1
1
0
1
1
0
1
0
0
1
0
0
1
1
0.230769230769231
0
0
0
0
0
0.333333333333333
0
0
0
0
2
0
0
0
1
1
3
0
0
3
0
0
1.02941176470588
0
3
1
0
0.157894736842105
0
0
0
1
1
3
0
1
1.01908396946565
0
1
0
0
1
0
0.0606060606060606
0
0
0
0
0
2
0
0
0
0
0.244186046511628
0
0
0
0
0
1
0
0
5
1
3
0
0
0
1
2
0.244444444444444
0
2.05882352941176
1
1
0
0
0
0
0
1.5
1
0
3
0
0
0.225806451612903
0
1
0
1
3
0
1
0
0
0
0
1
0
1
1
0
1
0
0
0.142857142857143
0
3
0.00769230769230769
0
0.142857142857143
0
1
1
0
0
0
0
0
1
3
0
0
0
0.795454545454545
2
1
1
0
0
1
0
0
0
0
0
0
1
0
0.0869565217391304
0
0
0
0
0
5
0
0
0
0.0333333333333333
0
3
0
0
1
0
0
0
2
0.25
2
0
0
2
2
0
0
0
1
0.342465753424658
0
0.333333333333333
0
0
1
0
0
1
2
0
0
0
0
0
1
0
1
0
0
1
3
0.0625
0.387096774193548
0.131578947368421
0.0943396226415094
0
2
0
0
3
0
0
0
0
1
0
2
0.0434782608695652
0
2
4
0
0
0
0
0
0
0
0
1
0
0
0
0
3
1
1
1
1
0
0
0.285714285714286
1
2
0.25
2
1
1
0
0
0
0
0
0
0
1
0
2
0.175
0.111111111111111
0.34375
0
0
0
2.66666666666667
0
0
0
0
1
2
0
0.0909090909090909
0
1
2
0.129032258064516
1
2
3
0
0
0
1
0
0
1
0
0.0162790697674419
0
4
0.0555555555555556
0
0
2
0
4
1
0
0
0
0
0
0
0
0
2
2
0
0
0
3
0
3
0.144981412639405
0.166666666666667
0
0
1.5
1
0
2.4
2
2
0
1
4
0
2
0
2.14285714285714
0
0.0425531914893617
2.30769230769231
0
0
1
2
0
0
0
1
0
1.5
3
1
3
2
0
1
0
0
0
0
2
0
0
0
0
0
3
1
0
0.5
0
0
0
0
0
0
0
0
3
2
0
0
0
0
0.333333333333333
0
0
2.14285714285714
0
1
0
3
0
0
0
0
0
2
0
0
0
2
0
0.333333333333333
0
0
0
2
1
0
1
0
0.8
1
0
0
0
0
1
0
1
2
1
0
0
0.2
0
0
0
0
0
0
2
0
0
0
0
0
0
0
2
0
0
0
0
0
0
0
0.333333333333333
0
0.193548387096774
3
2
0
2
0.223849372384937
3
0
0
0.2
0.04
0
0.68
0
1
0
1
0
0
0.333333333333333
0.0919540229885057
0
0
0
0.0363636363636364
0
1
0
0
0
0
0
0.571428571428571
2
0
0
0
0
0
0
0
0
0.0738636363636364
0.238095238095238
0
0
0
0
0
1
0
0
0
1
1
1
2
0.0588235294117647
1
4
0
4
0
0
0
0
3
0
0
0
0
6
0
1
0
0
2
0
0.0909090909090909
0
1
0
0
1.5
0.123076923076923
0
0
2
0
0
1
0
0
0
2
0
0
0
0
0.142857142857143
0
1
0
2
0
0.285714285714286
0
1
0
0
0
0
2
0
0
0
0
0
0
0
0
0
0.00917431192660551
0
0.225856697819315
1
0
0
1
0
0
0
1
2
1
0
0
3
0
0
2
0
0.0816326530612245
0
0
0
0
1
1
3
0.054140127388535
0
3
1
0.210526315789474
0
2
0
0
1
0
3
1.8
0
0
0
1
3
0
2
1
1
5
0
0
1
0
2
1
0
0
0
0
1
4
0
2
2
0
0
1
2
0
1
0
0
1
0
1.5
0
2
1
0
0
1
0
0
0
0
0
0
0
0
0.270531400966184
0
0
0
0
0
0
0
0
0
0
2
0
2
1
0
0
0
0
0
0.125
1
1
0
0
1
0
1.33333333333333
0
0
1
1
0
0
0
1
0.4
0
0
0
0
2
1
0
0.222222222222222
1
0
7
1
0
0
0
2.25
0
0
0
0
3
3
0
0
0.0579710144927536
0
1
0.48
0
1
0
0
0
0
0
2
0
0.363636363636364
0
0
2
2
0.333333333333333
0
0
2
2
0
1
0
1
0.192982456140351
0
0
1
3
0
0.116504854368932
0
0.75
0
0
0
1
3
0
0
0
0
0.0109289617486339
1
0
0
0
0
0
0
0
1
0
2
1
0
2
0.714285714285714
0
0
2
0
0
0
0
2
0
0
0
0
3
0
3
0
0
0
0
0.4
1
0
0
0
0
0
0
0
2
4
0.333333333333333
1
1
0
0
0
1.25
0
0
0.375
0.622093023255814
0.857142857142857
1
0
0
0
0.333333333333333
0
0
2
0.947368421052632
0
0
2
0
0
0
0
0
0
1
0
0
0
1
0
2
0
0
0
0
1
0
2
0
1
0
0
0.339805825242718
0
0
0
0.103448275862069
0
0
0
2
0
0
0
0
0
0
0
0
3
1
0
1
0
0
0
2
1
1
0.0588235294117647
0
0
0
0
0
0.666666666666667
0
0
1.2
2
0
0
1
0
0
0
0
0
0.00241139524450426
1
0
0
0
0
0
1
0
0.323529411764706
4
0
0
0
0
0
2
0
2.8
0
0
0
0
1
0
1
2
0
0.25
0
0
0
0
0
0
0
1
2
3
0
0
0
0
0
2
0
0
1
1
1
0
1
1
1
0
0
1
0
0
0
0
0
0.34520780322307
0
0
0
2
1
2
0
0
0
1
0
0
0
0
0.29
0
0
0
1
3
1
1
0
0
0
0
0
0
0
0
0
0
0.333333333333333
1
0
0.0625
0
1
1
1
0
0
0
0
1
1
1
3
1
0
3
0
0
2
0
1
0
0
0
1.125
0.1
0
0.261603375527426
1
0.36
3
0
0
2
0
2
0
0
1.45454545454545
3
2
0
0
0
0
0
0
0
0
0
0.144578313253012
0
0
1
1
0.13953488372093
2
1
0
4
0
0.0596330275229358
0
0.2
0
0
1
0
1
2
1
0
0
1
2
0
0
0.0222222222222222
0
1.33333333333333
0
3
0
3
0
0
0
1.25
0
3
1
0.5
1
0
0
0
0
2
1
0
0
1
0
0
0
1
0
0
0
0
0.0304347826086957
0
0.0174825174825175
0
0
2
0
0
0
4
0
0
0
0
0
0
1.33333333333333
0.0606060606060606
0
0
0.257142857142857
0
0
1
0
0
0
2
0
2
1
0
1
1
1
1
0
0
0
0
0
2
0
0.2
0
0
0
0.051948051948052
0
0
0
0
0
0
0
2
0.333333333333333
0
0
1
0.5
0
0
2
2
2
0
1
1
4
0
0
0
0
3
2
4
1
2
0
2
2
2
0
0
1
0
0
0
0.5
0
0
0
0
2
1
0
0
0
0
0
1
0
2
0.1
0
2
0
0
0
0
1
0
0
0
0
0
1
0
3
0
0
0
0
1
0
1
1
3
0
1
1
0
0
0
0
0.012448132780083
2
0
0
0
0
3
0
2
0
0
0
3.33333333333333
0
0
0
0
0
0
0.75
0
0.985915492957747
0
0
0.75
0
0
1
1
1
0
0
0
0
0
0
0
0
0
0
0
1
0
0
0.144144144144144
2
0
0
0
0
0
1
1
0
2
1
3
0
2
0
0.237885462555066
2
0
1
0
0
0
0
0
0
0.6
1.2
0
0
0.0666666666666667
0
0
2
0
0
0
1
1
0.384615384615385
0
0.5
0
0
2
0.333333333333333
0
2
0
0
0
0
0
3
0
0.982758620689655
0
1
0
0
0.666666666666667
0
0
2
0
0
0
0
0
0
1
3
0
1.5
1
1
0
0
0
0
0
1
0
0
0
0
2
0
0
0
1
0
0.333333333333333
0
0
0
1
1.33333333333333
0
0
0
0
1
0
2
2
1
3
0
2
0
0.00980392156862745
1
1
1
1
1
0
0.0149253731343284
0
0.2
0
0
0
1
0
1
0
1
0
0
0
0.35
0
2
0
0
0
1
0
0
0
0
0
1
1
0
0
0
0
0
3
0
1
0
2
0
0
0
1
0
0.00806451612903226
0
1
0
0
0
0
0
0
0
1
0
0
0
1
0.267326732673267
0
0.4
0.416666666666667
0
2
0
3
0
0
0
1
3.2
0
0
3
1
2
1
0
2
0
0
0
0
1
0
1
2.25
0.75
0
1
0
0
1
0.142857142857143
1
0
0.333333333333333
3
0.0653753026634383
0
2
0
1
0
0.0909090909090909
1
0
0.5
0
0
1
0
0
0
0.0526315789473684
1
0
0
2
2
0
1
0
0
1
0
2
0
0
0
1
0
0
1
0
0
0
0
0
0.230769230769231
0
2
0
0
0
1
0
0
1
1
0.00492610837438424
0
0
0
0
0
2
2
0
0
0
0
0
0
0
1
1
3
0
0
0
0
0.375
0
0
0
1
0.5
2
0
0
0
3
0
2
0
0
0
0.0690690690690691
0
0
0
0
0
0
1
0
2
3
0
1
0
1
0
1
0
3
0.2
0
0
0
0
1
0.24
1
0
0.527777777777778
0
0
0
1
0
1.04347826086957
2
1
0
0
0.8
0.00510204081632653
0
0
0
1
0
3
0
0
1
0
1
2
1
1
1
0
1
0.053030303030303
0
1
0
0
0
0
0
1
0
0
1
0
0
0
0
1
0
0
0
0
0
0
0.176470588235294
0
4
3
1
0
3
0
2
5
0
1
0
1.5
2
2
2
0
3
0
1
1
0
0
0
0
0
0
0
0
0
0
0
0
0
0
0.181818181818182
0
0
1
0.123711340206186
1
0
0.3
2
2
0
0
0
0
0
0
0
0
0
0
0
4
1
2
1
0
0
0
1
0
0
0
2
0
1
0
2
0
0
0
0
0.5
1
0
0
0
0
0
0
0
0
0
0
0
0
1
0
0
0.5
2
4
1.25
0
0
0.148148148148148
1
0.911111111111111
0
0
0
0
0.117647058823529
2
0
1
1
1
0
0
0
0
0
0.214285714285714
0
0
1
0
0
0
2
0
2
0
1
0
1.25
0
0
0
0
0.142857142857143
0
0
0
0
0
0
1
1
0
0
1
0
0
1.75
0
0
0
0
0
3
2
0.571428571428571
0
0
2.2
1
1
0
0
3
0
0
2
1
1
0
0.666666666666667
0
0
0
2
0
0
0
0.333333333333333
1.66666666666667
1
0
0
0
0
1
0
0
0.111111111111111
0
0
0
0
2
0
1
1
0
0
0
0
3
0
0
0
0
0.333333333333333
1
0
0
0
1
1.88888888888889
0
0
0
0
1
0
0
0
0
0
1
1
0
0
0
0
1
1
0
0
2
1
1
3
0
0
0
0
0
0
0
1
0
0
1
0
0
1
1
0
0
0
0
0
0
0
1
0
0
0
3
3
1
0
4
0
0
0
0
1
0
2.07142857142857
1.71428571428571
0
0
0
0
0
0
0
0
0
1
0
0
0
0
0
0
2
0
0
0
0.0681818181818182
0.00602409638554217
0
0
0
0
2
0
1
0
0
0
0
1
2
2
3
0
0
0
4
0
0
0
0.25
0
0
3
0
0
0
1
0
0
2
0
0
0
0.0564516129032258
0.0967741935483871
0
3
1
0
0
0
0
2
1
0
1
0.0416666666666667
0
2
0
1
2
1
0
0
0
0
0
0
0
2
2
1
1
0
0
0
0
0
1
0
1
0
2
1.5
1
0
0
0
0
0
0
0
0
0
2
0
0
0
0
0
0
2
0
0
0
3
0
0
3
0
1
0
0
0
0
4
0.217221135029354
0
0.2
0
0
0.990196078431373
0
1
0
0
0.0869565217391304
0
0
1
1.5
0
3
0
0.171875
0
0.666666666666667
0
0
0
1
2
0
0
0
0
0
0
0
0
2
0.25
0
0
2
0.4
0
1
1
0
0.327586206896552
0.105263157894737
0
0
0
1
0
1
0.00207900207900208
0.0107601909658465
0
0
0
0
0
2
0
0
0.147540983606557
0
0
0
0
0
3
1
0
0
0
0
1
0
0.217391304347826
0
0
2
0
0
0
0
0
0.5
0
0
0
1
0.0493827160493827
0
0
1
0
0
0
0
1
0
0
1
1
3
0
0
0
2
2
0
0
0
0
1
2
0
1
0
1
2
0
0
2
0
2
0
0.0707070707070707
0
0
2.5
0.015748031496063
0
0
1
0
1
0.0137420718816068
0.5
0
0
0.25
0.05
0
0
1
0
2
0
0.175
1
2
0
1
1.25
0
1
0
0.2
0
0
2.5
0.201680672268908
1
0
0
0
1
1
0
0
1.5
0
3
0
2
1
0
0
0
0
0
1
2.3125
0
0
0
0
0
0
0
2
0
2
1
0
0
0
0
0
1.2
0
0
0
1
2
3
0
0
0
0
0
0
1
0
1
0.0714285714285714
0
0
1
0
1
1
0
3
0.263157894736842
0
1
1
0
0
0
0
1
2
0
0.0630630630630631
2
2
0
0
1
0
0.142857142857143
0
0
1
0
2
1
0
0
0
0
0.75
0
0
0
0
0
0.243150684931507
0
0
4
0
0.714285714285714
0
0
0
0
0
1
0
0
0
3
0
0
2
0
0
0
3
0
0
0
0
0
0
0.169312169312169
1
0
2
0
0
0
0
0
2
0
1
2
0
0
0
1
0
0
0
0
0
0
0
1
0
0.1875
0
1
0
2
0
1
1
0
0
0
1
1
0
0
0
0
1
0
0
1
0
1
0
4
0
0
0
0
0.333333333333333
0
0
0.478260869565217
2
0
2
0
0
0
2
0
0
1
0
0
0
1
1
1
1
0
0
0
0
0
0
0
0.142857142857143
0
1
0
0
0
1
0.032258064516129
0
2
1.5
1
1.99310344827586
3
0
2
1
0
0
0
1
0
0
0
0
0
0
0
4
0
0
0
0
0
0.0135135135135135
0
0
0
0
0
0
0
0.25
0
0
1
0
1.5
0
0
0
0
0
3
1
0
0
0
1
0
2
2
0
0
0
1
0
0
0
0
1
0
0
0
0
0
0
0.136842105263158
0
0
0
0
0
0
0
1
0
0
1
0
0
0.142857142857143
0
0
0
0
8
0.0222222222222222
0
0
0
0
1
0.25
0
1
2
0
0
0
0
1
0
0
0
0
1
0
0
1
2
0
0
0
0
0
2
0
0
1
0
2
0
0
0
3
1
0
0
0
2
0
3
0
2
0
1
0
0
0
0
0
0
0
1
1
0.0029940119760479
0
0
0
0
0
4
0
0.696969696969697
1
0.5
0
0
1
2
1
1
0
0
0
0
0
1
0
0
0
1
0
0
4
2
0
0.6
0
0
1
0.00212992545260916
0
1
2
0
0
0
4
0
2
4
1
1
0
0
0
0
0
0
1
0
0
0
2
0.0186046511627907
0
2
0
0
1
0
0.166666666666667
1
0
0
0
0
1
2
0
0
3
0
0
0
0
0
1
0
1.16666666666667
0
2
2
0.0833333333333333
0
1
0
0
0
0
2
1
1
0
0
0
0
0
2
0
0
1
0
0
0.333333333333333
0
0
0
0
0
1
0
0
1
0
0
1
5
1.25
0
0
0
0
0
1
0
0
0
0
1.25
0.333333333333333
0
0
0
1
0
0.4
1
0
0
1
0
0.125
0
0
0
0.5
3
0
1
0
1
1.25
3
1
0
0
1
2
1
0
1
0
0
0
2
1
1
0
0
1
0
1
2
0
0
3
1
0
0
0
1.96039603960396
0
1
0
0
0
0
0
0
0
0
0
0
2
0
0
0
0
0.222222222222222
1
0
0
0
0
1
0
1
0
1
0.222222222222222
0
2
0
1
0.252873563218391
0
0
1
0
1
2
0
0
0
0
0.291666666666667
0
0.029126213592233
0
0
0
0
1.16666666666667
0
2
2
0
1
0
0
3
1
1
0
4
1
1
1
0
0
0
2
0
0.0553935860058309
0
0
0
0
1.5
0
0
0.333333333333333
0
1
0
0.276923076923077
2
0
1
1
0
0
1
0.102941176470588
0
0
0
0
0
2
0.12707182320442
1
0
1
0
0
1
0
0.222222222222222
1.02173913043478
0
0.111111111111111
0.16
1
0
0
1
1
0
2
0
1
0
0
0
3
0
0
2
1
0
0
0.119047619047619
1
0
0
0
0
0
0
0
0
0
0
0.538461538461538
1
2
0
1
1
0
0.142857142857143
0
0
3
0
1
0
2
0
0
0
0
2
0
1
0
0
1
0.105810928013877
1
3
0
0
0
0.210526315789474
1
2
0
0
0
0
1
4
1
0
3
0
0
0
1
0
0
0
4
0
2
2
0
0
0
0.75
2
0
0.333333333333333
0.00854700854700855
2
0
0
0
0.0212765957446809
0
0
0.666666666666667
0
0
0
0
0
0
0
0
0
0
1
0
0
0.426666666666667
0
0
0
0
0
0
1
0
0
2
0
0
0
2
0
4
0.5
0
0
2
0
1
1
2
1
2
0
0.0285714285714286
0
0
0
4
0.00510204081632653
0
1
0
0.0128205128205128
0
0
0
0
0
1
0
0
0
0
1
0
0
0
0
1
0
0
0
0
0
1
0
1
0
0
0
0
1
0.072
0
3
0.666666666666667
0
0
0
0
0
0
1
0.333333333333333
2
0
0
0
0
0.153061224489796
0
0
0.142857142857143
0
0
0
1
0
1
0
0
0.299065420560748
0
1
0
0
0
0
0
0
0
0
1
0
3
0
0
0
0
0
0
0
0
2
0.0604026845637584
1
1
2
1
0
0
1
0
0
0
0.0882352941176471
0
0
0
0
1
1
0
0
0
0
0
0
0
0
1
3
0
0
1
0.5
1
0
0
2
1.5
1
3
0
0
0
0
0
1
1
0
1
1
0.5
1
0
0
1
0
0
1
0.5
0
0
2
0
0
0
0
1
0
2
0.214285714285714
0
0
4
0
0
0
2
0
0
0
2.5
0
0
0
0
1
2.28571428571429
0
0
0
1
0.0206185567010309
0
0.266666666666667
1
0
0
0
2
0
0
3
0
0
0
0
0
4
0
0
0.182481751824818
0
0
2
0
3
0
1
0
0
0
0
0
0
0.00425733207190161
0
0
0
0
1
0
2
0
1
0
0
0.5
0.666666666666667
0
0.5
0
0
2
0
0
0
0
0
0
0.333333333333333
1
3
1
0
0
0
0
0
0
1
0
0
1
2
0
0
1
2
0
1
0
0
1
0
0
2
0
0
0
0
0
0
0
1
1
2
1
0
0
3
1.00704225352113
0.0228395061728395
1
0.0338983050847458
0
0
0
0
3
0
1
0
0.210526315789474
3
0
0
0
0
0
0
0
0
0
0
0
0
0
0
4
1
0
0
0
2
0
0
0
0
0.000920810313075506
2
0
0.00799289520426288
3
0
0
0
0
3
1
0
1
2
3
0
0
3
0.75
0
0
0
0
1
0
0
1
3
1
0
0
0
0
0
0
0
0
1
0
0
0.0900900900900901
1
0
3
0
3
0
3
4
0.010989010989011
0
0
2
0
0
0
0
1
0
0
1
0
1
0
0
1
1
0
0
0
0
0
0
0
0
0
1.5
0
0
0
1
0
2
0
0
0
2
0
1
1
0
0
0
0
1
0
0
1
0
0
0
0
0
0
1
0
0
0
0
0
0
2
2
0
1
0
0
0
0
0
1
0
0
0
2
1
0
0
0
0
1
0
0
0
0
0
0
0
0
1
0
0
0
3.98245614035088
1
0
1
0
2.09090909090909
1.25
0
0.0909090909090909
0
1
0
0
0
1
2
0
0
0
1
0
2
0
2
0
0
0
1
0
0
0
1
0
1
1
0
1
1.5
0
1
0
1
0
0
0
0
0
0
2
1
0.302631578947368
1
0
0.5
3
0
0
0
0
0
0
0
0
1
0
0
2
0
0.5
0
0
0
1
1.97435897435897
0
0
0
0
2
0
0
0
1
0
0
0.1
0
0
1
0
0
0
0.00200400801603206
0
2
1
1.01459854014599
0
1
1
1
1
1
1
1
0
1
0.833333333333333
0
0.111111111111111
1
0
2
0
0
0
0
0
1
1
0
0
1
0
1
1
1
1
1
2
0
0
0
0
0
0
4
0.018348623853211
0
0
1
0
2
0
0.0666666666666667
0
5
0
2
1
0
2
0
0
1
0
0
1
0.75
0
1
0
1
1
1
1
1
0
0.333333333333333
0
0
0.75
0
1
0
1.6
0
0
0.666666666666667
1
0
0
0
1.2
1
3
1
0
0
0
0
1
0
0
0
0
0
1
0
0
0.575221238938053
0
0
0
0
0
1
0
0
0
0
0
0
2
1.01666666666667
0
0
0
0
3
1.75
2
0
0
1
0
1
0
0
1
2
0
0
4
0
0
0
0
0
0
0
1
0
1
0
0
1
0
0
0
2
0
0.000306466441924609
2
0
0
0
0.0072992700729927
0
0
0
0
0.0666666666666667
1
0
0.0833333333333333
0
1.98
0
2
1
0
1
0
0
1
0
1
0
0
1
0
0
0
1
0
0
1
0
0
0
1
0
0
0
2
0
3
1
0
0
0
1
4
0
2
0
0
0
0
0
0
0
1
0.333333333333333
0
1
3
0
3.5
0
1
0
0
0
2
0
0
0
0
0
0
1
0
2
2
0
0
2
2
0
1
0
0
0
0
0
0
0
0.0681818181818182
0
0
0
1
0
2
0
3
0
1
0
0
0
0
0
0
0
1
1
0
0
1
0
0
1
0
0
1
0
0
0
0
0
0
0
0
0
0
0
0
1
0
0
3
0
2
0
0
0
0
0
1
0
0.297752808988764
0
0
0
0
0
1
0
0.1875
0
0
2
0
0.040650406504065
0
0
0
0
0
0
0
0
0
1
0
0
3
0
2
0
0
1.14285714285714
0
0
0
0
0
0
0
1.5
0
1
0
0
1
0
0
1
1
1
0
2
0
0
0
0
0
1.5
0
0
0
1
1
1
0.333333333333333
4
0
0
0
0
0
0
0
0
0
0
0
0
0
0
1
0.333333333333333
1
0
0
0
1
0
0
0
0
0
0.5
2
0
0
2
0
0
0
1
2
0
1
0
2
0
1
0
1
0
0
0
1
0.25990099009901
0
2
0
1
0
3
1
0
2
0
1
0
2
3
0
1
0
0
0
0.53125
2
1
0
0
1
0
0
0.185714285714286
0
1
0
1.5
0
0.0232558139534884
1
0
0
0
0
0
0
1
0
1
0
0
1
0
0
1
0
0
0
4
0
1
1
0
0
0
0.96969696969697
0
2
0
0
1
0
1
0.75
0.037037037037037
1
0
0
3
0
1
0
1
0
0.475675675675676
0
0
0
1
1
0
0
0
2
0
0
2
0
0
0
1
0
0
1
0.98
0
1
0
1.5
4
0
0
1
0
0
0
0
0
0
0
0
0
0
0
1
0
0.0598006644518272
0
2
0
0
0.00248447204968944
1
0
0
2
1
0
1
0
0.134328358208955
0
1
0
0
0
1
0
0
0
0.00666666666666667
0
1
1
0
0
0
0
1
0
2
0
0.636363636363636
5
0
0.421052631578947
0
0
2
0
0
1
0
1
0
0
2
0
0
0
1
3
0
0
0
0
0
0
0
1.5
1
2
0
0.319041614123581
2
1
0
0
0
1
1
2
0
0
0
0
0
5
0
4
0
1
0
0
1.66666666666667
1
2.33333333333333
0
0
0
0.251381215469613
0
0
0
1
0
1
2
2
0
0
0
0
0
2
0
0
0
0
0
0
0
4
0
0
0.114754098360656
0
0
1
0
0
0
0
0.153846153846154
0
0
0
0
0
0
0.0909090909090909
0
0
2
0
0
0.227272727272727
0
1
1.5
0
1
0
0
0
0.0545454545454545
0
2
2
1
0
1
1
0
1
0.0748031496062992
0
0
0
0
2
0
3
0
0
0
2
0
4
0
2
2
0
2
3
0
1
0
2
4
2
0
0
0
3
0
1
0
2
0
1
1
0
0.272727272727273
1
1
0
0
0
0
0
0
0
0.150917743031951
0
1
1
0.1875
1
0.0186335403726708
0.0866425992779783
0
1
0
0
0
0
3
2
1
0
2
0
0
2
0
0
2
1
0
0
0
0
2
1
1
0
0
0
5
0
0
1
0
1
2
0
1
0
0
0
0
1
0
0
1.33333333333333
2
0
5
4
0
0
0.310344827586207
0
1
1
0.00145560407569141
0
0
0
0
0
0.00813008130081301
0
1
1
1
1
0
0.0289855072463768
1
0
0
1
0
0
1
3
3
0
0
0
3
0
0
0
0
1
1
0.75
0
0
0
0
0
2
0
0
0.1
0
1
2
0
1
1
0
1
4
0
0
0
0
0.5
1
0.0454545454545455
1
2
2
0
0
0
0
0.25
0
0
0
0
1
3
0
0
0
0
0
0
0
0
0
0
4
0
3
3
1
0
0
2
2
0
0.0675105485232067
0.0240295748613678
0
0
3
0
0
0.333333333333333
2
0
0
0
0
3
0
1
0
0
2
0
0.0149253731343284
1
0
0
1
0
0
0
0
0.082089552238806
0
0
0
0.0144230769230769
0
0
0
0
0
0
0
0
0
3.93523316062176
1
1
1
0
0
2
1
1
0
1
1
0
0
0
0
0
0
0
0
1
0
0
0
0
0
0
0
0
0
0
1
0
1
0
1
1
1
1
1
1
0
2
0
0
1.00646551724138
1.33333333333333
0.333333333333333
0
0
1
0
2
0
0
0
5
0
0
0
4
0
0
2
0
0
0
0
1
0
0
0
4
0
2.5
0.227272727272727
0
0
0
0
0
1
0.1
3
0
3
2
1
0
0
2
2.8
0
0
1
0
0
0
0
0
0
0.0280112044817927
0
1
0
0
0
0
0
0
2
1
2
0
0
0
1
0
0
1
2
2
1
0
0
0
2
0
0
2
0
0
1
0
0
2
2
1
0
0
0
0
0
0
0
0
0
0
0.25
0
0
0
1
1.5
0
0
0
0
0
0
0
0
0
0
1
0
0
0
0
0
1
0
0
0
0
0
0
0
0
0
2
0
0
0
1
2
0
0
0
0
0
0
0
1
0
4
0
0
0
0
0
0
1
0
0
0
0
0.173913043478261
2
1
2
1
0
0
0
0
0
0
1
1
0
0
0
1
1
0
2
0
0
0
1
0
4
0
2
0
0
1
1
0
0
4
0
2
2
3
0
1
2
2.5
2
0
0
0
0
0
2
0.857142857142857
0
4
1
1
0
0.417218543046358
1
0
1
1
0
0
0
0
0
0
0
0
0
1
0
0
0
0.222222222222222
0
0
0
0
0
0
3
1
1
2
0.00049862877088008
0
0
0
0
0
1.4
0
1
1
3
0
0
0
0
3
0
0
0
2
0
1
1
0
0
0
0
1
2
0
1
0
0
1
1
1
2
0
1
0
0
0
0
0
1
0
3
3
0
0
0
0
0
0
2
0
0
0.037037037037037
1
0
0
0
0
0
0
0
5
0
0
0
0
0
0
0
0
0
0
2
0
0
0
1
0
4
0
0
0
0
0
0
0
1
0
0
0
0
0
0
0
0.2734375
0
1
0
0
0
0
0
0
1
0.285714285714286
0
0
1
0
0
0.4
0
0
0
0
2
0
1
0
0
1
1
1
0
0
0
0
1
0
0
3
2
2
0.115384615384615
0
0
1
0
0
0
0
0
0
1
0
2
1
0
0
1
0
0
1
0
0
0
1
1
0
2
0
0
0
0.990654205607477
0
3
0
0
2
1
2
1
0
0
2
0
1
1
0
0
0
0
0
1
0
0
0
0
1
0
1
0
2
0
0
0.00214592274678112
0
2
1
0
0
2
0
0
0
1
0
0
3
0
0
0
0
0
0
0.148936170212766
0
0
1
0
0.0746268656716418
1
0
0
0
0
0
3
1
0
0.420833333333333
0
0
0
1
0.333333333333333
1
0
2
2
2
0
0
3
0
0
1
1
0
0.179878048780488
0
1
0
0
2
1
0
0
0
0
0
1
0
0.0903225806451613
0
2
0
0
0
0
0
0
0.379278445883441
0
0
0
0
0
0.037037037037037
0.12962962962963
3
0
1
0.08
4
0.26431718061674
0
1
0
0
2
1.03508771929825
0
0
1
0
0
0.0151515151515152
0
1
1
0
3
0
0
0
0.217391304347826
0
0
0
0
2
0
0
1
3
0
1
3
0
1
1
0
1
0
0
0
0
0
0
0
0
0
0
0
0
3
0
0
0
2
0
0
1
1
0
2
0
0
1
0
0
1
0
0
1
0
0
0
4
0
1
0
3
0
0
0
0
2
0
0
0
0
0
0
1
2
0
0
0
0
0
1.00593471810089
1
0
0
0
0
0
2
0
0
0
0
0
0.341346153846154
0
0
0.5
0
4
4
0
1
0
2
0
2
1
0.00989119683481701
2
0
0
0
0
0
1
0
0
0.428571428571429
1
0
1
0
1
0
0
0
1
0
0
0
1
0
0
2
0
0
0
0
1
0
0
0
1
0
1
0
0
0
0
1
0.813333333333333
0
0
0
0
2
4
0
0
0
0
0
0
1
0
2
1
0
2
0
2
0
0
0
0
0.08
0
3
0
0
0.148148148148148
0
0
1
0
0
0
0
1
0
0
0
0
0
1
0
0
0
1
0
2
1
0
0
0
0.143333333333333
0
0
0
0.0181818181818182
2
0
4
2
1
0
0
0
4
0
0
0
0
0
0
1
0
0
2
0
4
2
0
0
0
0
0
0
0
0.166666666666667
0
2
1
2
0
0
1
0
0
1
0
4
1
2
0
0
0
0
1
0
2
0
0
0
1
0
0.2
0
1
2
2
0
3
2
0
1.10869565217391
0
0
0
3
0
1
0
0
0
0.032051282051282
1
0
0
2
0
0
0
0
0
2
0
0
0.102040816326531
0
0
0
0
0
1
0
0
0
0
2
0
0
0
2
0
0.0769230769230769
0
0
0
0
0
0
0
0
0
0
0
0
0
0
3
0
0
1
0
0
0
0
1
1
0
0
1
0
1.92307692307692
0.117647058823529
0
0
0
0
0
1
0
2
0
0
0
0
0
0
0
1
2
0
3
0
2
0
0
1
0
0
0
0
1
0
0
2
0
0
0
3
2
0
0
1
0
0
0
0
3
0
0
0
0
0
0
0
1.5
0.0909090909090909
0
0
4
0
1
0
0
0
0
0
0
0
0
0
1.94047619047619
0
0
0
0
0
2
0
1
2
0
0
0
0
0
0
0
0
0
0
0
0
0
1
2
0
0
0
0
0
0
0
0
0
0
0
2
0
0.00900900900900901
0
0
0
2
0
0
0.0862068965517241
0
0
1
0
0
0
0
3
0
1
0
0
0
2
2
0
2
3
0
0
4
2
2
2
0
0
0
0
2
0
0
0
0
0.5
1
0
0
1
1
0.230769230769231
1
5
1
0
0
0
0
0
0
0
0
1
2
0
1
2
1
1
0
0
6
0
0
1
1
0
0
1
1
0.0487804878048781
4
0
0
1
0
0
0
0
2
2
0
2
0
0
1
0
0
0.333333333333333
2
0
0
0
0.0357142857142857
2
0
0
0
0
2
0
0
1
0
0
2
0
2
0
1
0
1
0
0
0
1
0
1
2
0
0
0
1
0
1
1
0
0
2.5
0
0
0
0
1.00658857979502
1
0
0
0
1
0
0
1
0
1
1
0
0
0
0
0.0170940170940171
0
0
1
0
0
0
0
2
2
1
1
0
0
1
0
0
0
0
0
1
3
0
2
2
0
1
0
0
1
0
4
0
2
0.137931034482759
0
0
0
3
2
0
0
2
0
2
0
0
0
0
0
4
0
0
1
1
1
2
0
0
0
3
0.0188933873144399
1
0
0
0
1
0
1
0
0
1
0
0
0
0
0
0
1
0
0
2
0
0
0
0
1
0
0
0
2
0
0.612903225806452
1
4
0
1
1
0
0
0
0
0
0
0
1
0
1
0
0
0
1
0
0
1
1
0.178217821782178
0
0
0
3
0
0
0
0
0
0
0
0
0
0
1
0.5
0
0
0
1
0
2.98319327731092
0
0
0
2
0
3
0
2
0
0
0
0
0
0
0
0
0
0.73015873015873
0
1
0
0
0
3
0
1
0
0
0
0
1
0
0
0
0
0
0
2
0
0
2
0
0
0
1
0
0
1
0
1
0
1
0
2
0
0
0
0
0
0
2
0
0
1
1
0
3
0
0
0
0
0.5
0
1
1
0.0215827338129496
0
0
0
0
0
0
1
0
0
4
3
0
0
0
2
0
1.5
3
1
0
0
0
0
2
0
0
0
0
0.136363636363636
0
0.108108108108108
1
1
1
0
0
0
0
3
0
0
0
0
0
0
0
1
0
0
4
0
0
0
1
0
0
1
0
2
0.25
0
0
1
0
1
1
0
0
0
3.5
0
0
3
4
0
2
2
0
0
0
0
1
1
1
0
0
0
0
2
0
0
1
0
0
0
1
0
0
2
0
0
0
1
0
0
0
0
0
4
0
2
0
0
0
0
0
1
0
1
1
0
0
0
0
2
1
0
0
0.0120481927710843
0
3
2
0
0
0
1
0.25
1
0.0263157894736842
0
1
0
0
0
0.271186440677966
0
3
0
0
2
0
0
0
0
0
2
0
0.0612244897959184
1
0
0
1
1
0
1
0.108108108108108
0
0
1
4
1
0
0
1
0
0
0
0
0
1
0
1
1
0
0
0
1
1
0
0
1
1.05555555555556
0
1
0
0
2
0
1
2
0
1
1
2
3
0
0
0
1
3
0
0
0
0.0454545454545455
1
0
0.571428571428571
0
0
0
0
0
0
0.5
1
1
0
0.00240963855421687
2
1
1
2
1
4
1
1
2
0
0
0.373493975903614
0
0
2
0
0
1.49337748344371
0
0.323899371069182
0
0
0
3
0
1
0.141221374045802
1
0
0
1
0
1
0
0
0
0
0
0
0
0
0
1
0
0
2
3
0
0
0
0
0
0.0215439856373429
0
0
0
0
0
0
0
0
0
0
0
1
0
0
4
0
2
0
0
1
4
2
0
0
0
0
0
0
2
0
0
0
0
0
0
0
1
1
0
1.97222222222222
0
0
0
0.126984126984127
0.0882352941176471
1
0
0
0
1
0.333333333333333
1
0
0
0
1
2
0
1
0
0
0
0
0
0
0.181818181818182
1
0
0.00171919770773639
1
0
0
0
2
1
0
0
0
0
0
0
0
0
2
0
0
0
0
0
1
0
2.5
0.0666666666666667
0
1
1
0
0
1
0
0
0.00202634245187437
0
0
0
0
0
0
0
0
0
1
0
0.962686567164179
0
1.5
0
0
0
0
0
0
0
0
0.00291120815138282
1
1
0
1
0.0833333333333333
0
0
0.25
0
1
0
0
0
0
0
0
0
0
0
1
0
0
3
0
1
0
0
0
1
1
0
0
0
0
0
1
0
0
0
0
0
0
0.666666666666667
0
0
1
4
0
0
1
0
0
0
0.4
1
2
1
0
0
3
0
1
1
0
0
0.0212765957446809
0
2
1
3
0
1
0
0
0
0
1
0
0
0
2
0
1
0
0
0
0
1
0
0
1
2
0
0
1
0
1
0
0
2
0
2
0
0
0
0
0
3
0
0
2
0
0
0
0
0
0
0
0
0
0
0
0
1
1
0
0
1
0
1
0
0
1
0
0
0
0
0
0
1
0
4
0
1
0
0.375
0
1
0
0
0
2
0.0258064516129032
0
0
0
0
0
0
2
3
1
0
0
0
0
1
0
1
0
0.186274509803922
0
2
1
0
0
0
1
0
0
2
1
1
0
0
0
0
0
0
0
1
0
0
1
0
0
0
0
0
1
0
1
0
0
1
0
2
0
2
2
0
1
1
2
0
2
1
0
0
0
0
1
0
0
0
0
0
0
0
2
4
2
0
0
0
0.5
0
0
1
0
0
0
0
2
0.174242424242424
0
1
0
0
0
3
0
1
3
1
0
0
0
0
4
0
1
2
2
0
0
3
0.0192307692307692
1
0
0
2
0
0
0
1
0
0
0
0
0
2
0
0
0.25
1
0.610619469026549
2
1
0
1
1
0
1
3
1
0
0
0
0
0
0
0
0
0
0
5
0
0
0
2
0
0
0
0
0
0
0
0.0689655172413793
0
0
0
0
0
0
0
0
0
0
0
0
0
0
5
2
1
0
0
0
0
4
2
0
0
0
0
0
0
0
0
0
2
0
0
2
0
1
1
0
0
0
2
0
0
0
0
0
0.5
1
0
0
0
0
0
0
0
0
2
0
2
0
0
0
0
0
0
1
1
0
0
0
0
0
0
0
0
1
1
0
0
0
0
0
0
0
0
0
0
0
0
4
0
0
0
0
0
0
0
0
0
1.14285714285714
0
0
0
0
0
0
0
1
0
0
0
2
0
0
3
0
6
0
0
2
1
1
0.0289855072463768
1
1
2
0
0
1
0
0
0
1
0
2
0
0
0
0
0
0
0
2
2
0
0
1
0
0
4
0
0
1
0
0
0
0.142857142857143
0
3
0
3
0
2
1
0
0
0
1
1
0
0
0
2
0
1
1
0
0
0
0.0714285714285714
0
0
0
1
0
0
0
0
0.235294117647059
0
1
0
0
0
1
0
0
0
2
1
2
0
0
5
0
4
3
3
1
0
0
4
1
1
0
0
0
2
0
0
0
0
1
0
0.05
0
0
1
0
0
0
0
1
0
0
0
0.327868852459016
1
0
0
0
1
0
0
0
3
0.25
0
3
0
0
0
0
2.5
0
0
0
0
0
0
0
0
3
0
1
0
0
2
0
0
0
0
1
1
0
1
0
0
4
4
1
0
0
0
0
0.885167464114832
0
0
2
0
0
0
0
0.00368098159509202
0
0
0
0
0
1
2
1
0
0
2
0
0
1
0
0
0
1
0
2
0
0
0
0
1
0
0
1
0
1
0
0
2
0
0.5
0
1
0
1
0
1
0.087719298245614
0
0
0
0
3
1.0406976744186
0
0
0
0
0
1
0
0
0
0
0
0
0
0
0
0
2
1
0
0
0
0
0
1
1
0
1
0
0
0
0
1
0
0
0
0
0
0
0
0
0
2
0
0
0
0
0
0
0
0
0
0
0
0
2
0
0
1
0
0
1
1
0
0
0
0
0
3.5
0
1
1
1
0
0
0
0
1
1
0
2
0
0
0
0
0
0
2
0
0
0.0232558139534884
4
0
0
1
0
2
3
3
0
1
0
1
0
0.0434782608695652
0
0
0
0
0.0677966101694915
0
1
2
0
0
0
0.316326530612245
0
0
1
0
0
1
1
0
0
0
0
1
2
1
1
0
0
0
2
0
0
1
0
0
2
1.00987654320988
1
1
0
0
2
0.0625
0
1
0
0
0
0
0
0
0
0
0
0
0.4
0
0
0.5
1
0
4
0.710526315789474
0
1
0
0
1
0.384615384615385
0
1
0.167088607594937
0
0
0
0
0
0
0
0
1
0
0
0
0
0
0
0
0
0
0
0
0
0.211267605633803
0
1
0
1
0
0
0
2
0
0
0
0
0
1
0
0
2
1
0.5
0
2
0
1
3
1.00574712643678
1
0
0
0
0
0
0
2
3
1
0
0
0
0
0.111111111111111
0.5
1
0
0.19205298013245
1
0
0
0
0
0
0
0
0
0
0
0
0.333333333333333
0
0
0
0
0
2
0
2
0
0
1
0
1
0.29608938547486
0
1
0.555555555555556
3
0
0
0
2
0
0
2
1
0
0
4
0.218472468916519
0
0
0
0
3
0
0
0
0
0
0
0
0
0
0
2
0
0
1
0
0
2
3
0
1
0
3
0
0
1
0
0
0
0
1
0
0
1
0
2
0
0
0
0
1
0
0
1
0
0
0
0
0.5
2
0
1
0
0
0
0
2
1
0
0
1
1
0
0
1
0
0
0
0
1
0
0
0
0
0
0
1
1
0
2
0
2
0
0
0
2
0.75
1
0
1
0
0
0
0
0
1
0
0
2
0.75
0
0
0
0
2
0
1
0
1.5
0.00484890466707074
0
3
1
1
2
1
0
0
0
1
1
0
0
0
0.666666666666667
0
1
1
0
0
0
0
2
0
1
0
2
0.988505747126437
1
0
0
0
0
0
0
0
1
2
0
0
0
0
1
0
0.00129198966408269
0
0
0
0
0
1
0
2
0
0
2
0.0657276995305164
0
0
0
0
1
2
0
0
3
1
0
0
0
0
3
0
0
0
0
0
0.015625
0
0.5
0
0
0
2
0
0
0
0
0
0.137974683544304
0
0
1
1
0
2
0
2
0
0
0
1
0
0
3
0
0
0
0
0
0
0
0
0
4
1
0
0
0
1
3
0
1
0
0
0
0
0
0
0
0
2
0
0.192307692307692
0
0
1
0
0
0
0
0
1
0
1
1
0.0594594594594595
2
0
1
0
0
0
0
1
2
1
0
0
0
0
0
0
0
0
0.571428571428571
0
0
1
0
0
1
0
0.175
0
0.0555555555555556
1
1
0
4
1
0
2
3
1
1
0
1
0
0
0
0
0
0
0
0
3
0
0
0
1
0
1
0.0210526315789474
0
0
0
0
0
2
1
0
0
3
0
0.5
1
0
0
0
0
0
2
0
0
0
0
3
0
2
3
0
0
1
0
0
2
1
0
0
3
0
1
1
0
0
1
1
0
0
0.00869565217391304
2
2
0
0
1
0
0
1.5
0
2
0
0
0
0
0
0.5
0
1
0
0
0
0
0
1
0
0
0
0
0
0
0
2
1
0
0
0
0
0
0
3
0
1
0
0
0
0
0
1
0
2
0
0
0
1
0
2
0
0
1
0
1
0
1
2
0
3
0
0
2
0
0
1
0
2
3
0
4
0
0
0
3
0
0
0
0
0
0
0
1
3
0
0
0
0
0
0
3
0
0
0
0
0
3
0
2
0
0
0
2
1
0
0
1
2
1
0
0
0
0
0
0
0
2
0
2
0
2
0
0
0
2
4
0
2
1
0
1
1
0
0
0
0
2
1
1
0
0
1
3
0
0
1
2
1
0
0
0
0
0
0
0
0
0.169811320754717
0
0
0
0
0
1
1
0.5
1
0
0
1
0
1
0
0
0
2
0
1
2
4
0
2
0
0
2
0
0
3
0
0
0
0
2
0
0.5
1.21505376344086
0
1
0
0
0
3
0
2
0
0
1
0
0
0
2
0
0
0
0
5
0
0
0
2
0.0648148148148148
0
0
0
2
0
0
0
1
1
0
2
0
1
1
2
1
1
0
0
0
1
0
0
0
0
0.666666666666667
0
0
0
1
0
0
1
1
0
0
1
0
1
1
0
1
0
0
1
0
3
1
0
0
0
0
0
2
0
0
4
0
1
4
0
0
0
0
0
2
0
1
0.0952380952380952
0
1
0
0
0
1
0
0
2
0
0
0
0
0
0
0
0
1
0
0
0
0
0
0
0
0
1
0
0
2
0
0
2
0
0.120689655172414
1
1
1
1
1.90909090909091
0
0
0
0
3
0
0
0.4
3
4
0
0
1
0
0
1
2
0
0
0
1
0
0.6
1
0
1
0
0
0
0
0
0
0
2
0
0
3
0
0
0
0
0.0689655172413793
0
1
0
0
0
0
2
0
0
0
0.333333333333333
0
0
0
0
0
0
0
0
1
0
0
0
0
1
0
2
0
0
1.95744680851064
0
0
0
3
2
0
0
3
0
0
4
1
2
0
2
0
2
0
1
0
0.0113636363636364
0
0.333333333333333
0
0
1
1
0
0
0
0
0
0
1
0
0
1
3
0
0
0
4
1
0
2
0
0
0
1
0
0
2
0
1
0
0
0
0
0
2
0
0
0
1
1
0
0
0
0
0
0
2
0
0
1
0
0
0
0
0
1
0
0
0
0
0
0
0
0
0
0
0
0
1
0
0
1
0
0
0
0
1
0
0
1
0
0.125
1
0.166666666666667
0
3
0
1
4
0
3
0.130081300813008
0.0057929036929761
0
1
0
1.33333333333333
3
0
1
0
0
0
1
0
0
1
0
0
0
0
1
0
0
1
2
0
0
1
3
0
2
0
0
2
0.0571428571428571
0
0
1
0
0
0
0
0
0
0
0
0
4
0
0
0
0
0
0
0
0
0
0
0
1
1
0
0
1
0
0
1
2
0
0
2
0
0
2
0
0
0
0
0
0
0
2
0
0
0.0810810810810811
0
1
3
0
0
0
1
1
1
0
0
0
0
0
0
0
0
0
0
3
0
0
0
0
2
0
1
1
0
1
1
0
0
0
1
0
0
0
0
0
0
0
0
0
0
0
0
1
0
0
0
0
0
1
0
0
0
0
0.0434782608695652
1
3
0
2
2
1
0
0
0
3
1
0
0
0
2
0
0
0
0
2
0
1
1
1
0
2
3
0.0517241379310345
1
0
2
0
1
1
0
1
3
1
0
0
2
0
0
1
0
0
0
0.1
0
0
0
0
1
0
0.214285714285714
0
0
0
1
1
1
0
0
0
1
0
0
0
1
1
2
0
0
0
0
0
0
0
0
0
1
0
0
1
0
0
0
0
0
0
0
2
0
2
0
0
0
2
0
0
1
0
1
2
0
1
0
0
2
1
0
0
1
1
0
1
0
0
0
1
0
1
0
0.0952380952380952
0
1
0
0
0
2
0
0
0
0
1
0
0
0
0
1
0
2
0
0
3
2
0
1
0.0533980582524272
2
2
3
1
0
0
0
0
0.182634730538922
2
1
1
3
3
1
0
0
3
0
0
0
2
1
0
0
0
3
0
0
0
0
0
0
4
0
1
1
0
0
0
0
2
1
0
0
1
1
2
0
0
2
0
0
1
3
0
0
1
0
2
0.00062266500622665
0
1
0
0
0.181818181818182
0
0
0
0
0
0
1
0
0
2
0
0
0
0
0
0
0
1
0
0
0
1
0.166666666666667
0
0
0
0
2
0
0
0
0
0
0
0
0
0
1
0
1
0
3
0.3
1
1
0
0
0
0
0.529411764705882
0
4
0
0
0
3
0
1
0
2
0
0
0
1
2
1
0
0
1
0
1
0
0
1
0
0
1
5
0
1
0
0
0.428571428571429
0
0
0
2
0
0
0
0
0
0
0
3
1
0
0
0
1
0
0
1
0
0
0
0
0.25
1
1
1
1
1
0.0481927710843374
2
0
0
0
0
0
0
2
0
0
0
0
1
0
1
0
0
0
1
0
2
0
0
1
0
0.0217391304347826
1
0
0.00469483568075117
0
0
0
1
2
1
0
2
1
2
0
0
0
0
0
0
0
0
0
0
0
0
0
0
0.114583333333333
0
0
2
0
1
0
0
0
0.0761904761904762
0
0
0
0
0
0
0
0
0.0666666666666667
0
2
2
0
0
0
0
0
2
0
0
1
0
1
0
2
0
0
1
0
0
0
0
3
1
0
0
1
0
4
0.5
0
1
0
0
1
1.03191489361702
1
0
0
1
1
0
1
0
1
1
0
0
0
1
1
0
0
0
2
0
0
0
2
1.5
0
0
0.049079754601227
1
1
0
0
2
0
0
0.111111111111111
0
0
0
0.0166666666666667
0.3125
1
0
1
0
1
0
0
2
1
3
0
0
0
0
0.0476190476190476
0
0
1
0
5
1
0
1
1
4
0
0
0
0
1
0
0
0
2
0
0
2
0
0
2
0
0
0
0
0
0
0
0
0
0
0
0
0.75
0
1
1
4
0
0
0
0
0
1
2
0
0
0
0
0
0
0.00092793071450665
0
0
1
0
0.117647058823529
0
0
0
0
0
0
1
0
1
0
1
0
0
0
0.0833333333333333
0
0
0
0
0
1
0
1
1
1
0
0
0
0.206896551724138
0
0
1
0
2
0
0
0
0
1
0
1
3
0
0
1
1
0
1
0
5
0
1
0
0
2
0
0
4
1
0
1.96969696969697
0
1
0
2
0
0
0
0
0
0
1
0
0
0
0
0
4
0
1
3
0
3.5
0
0.027027027027027
0
2
0.173913043478261
0
0
0
1
1
2
2
0.479338842975207
0
1
0
2
0
0
3
0
0.0150375939849624
2
0
0
0.0769230769230769
0
0
1
0
1
1
0
0
0
1
0.166666666666667
0
1
0
1
0.0681818181818182
0
0
1
0
2
0.214285714285714
0
0
1
0
0
1
2
0
1
0
0
0
1
0
0
2
2
0
2
0
0
0
2
0
1
0
1
1
0
0
1.8
0
0
0
1
3
0
5
0
0
0
0
0
0
0
0
0
0
1
0
1
3
1
0.5
0
0
1
0
0
0
0
0
0
0
0
0
0
0
4
1
0
0.0909090909090909
0.0136986301369863
0
0
0
1
0
0
0
1
1
1
0
0
0
0
0.087719298245614
2
0
1
0
0
0
0
0
0
0
0.30241935483871
1
0
1
0
0
0
0
0.0416666666666667
1
0
1
0
0
0
2
1
0
0.116279069767442
0
0
0
1
1
1
0
0
0
0
0
0
1
0
3
0
0
0
0
0
0
0
0
0
1
2
0
1
0
1
1
0
0
3
0
1
0
0
1
0
0
0
0
0
0
3
0
0
0
0
3
0
2
1
0
3
0
0
0
0
0
2
0
0
0
2
3
0
0
0
0
0
0
0
0
0
2
0
0
0
0
0
0
4
1
0
0
0
0
1
0
0
0
2
0
0
0
0
0
1
2
0
1
1
0
0
1
0
4
1
1
0
0
1
2
1
0
0
0
1
0.282051282051282
1
2
0
0
0
0
0
0
0
1
0
1
0
0
0.5
1
1
0
0.0810810810810811
0
0
0
0
0
0
0
0.028169014084507
0
0
0
0
0
0
0
0.175675675675676
2
0
0.016260162601626
1
0
1
0
0
0
0
0
1
2
0
0
0
0.105263157894737
1
0
1
0
0
0
1
3
2
2
0
0
0
0
2
0
1
1
0
2
1
1
1
0
2
0
1
0
0.997872340425532
2
0
1
1
0
1
0
0
0
0
0
0
0.0892857142857143
0
0
0
0.0869565217391304
0
1
0
1
0
0
0
0
0
0
0
0
0.0714285714285714
1
0
0
0
2
0
0
0
0
1
1
0
0
1
0
1
2
0
0
2
0
0
1
0
0
0.1
0
1
1
0
0
0
1
0
0
0.183783783783784
0
0
0.0196078431372549
0
0
0
0
0
2
2
5
0
0
1
0
0
0
0
0
0
1.5
0
1
0
0
0
0
2
0
0
0
1
0
0
0
0
0
0
0
1
0
0
0
0
0
0
2
1
0
0
0
1
0
0
2
0.000913033553983109
2
6
2
1
3
0
0
0
0
0
0
1
0
0
0
0
0
0
0
0
0
1
0
2
0
0
0
2
0
0
0
2.00564971751412
0
0
0
1
0
0
0
0
0
0
1
0
0
0
1
0
1
0.866666666666667
0
1
1
5
0
2
0
0
1
2
3
0
3
0
0
1
0
2
2
0
0
0
0
1
0
0
0
0
0
0
1
0
1
1
1.07954545454545
1
1
0
0
0
0
0
1
0.173913043478261
0
0
1
0
0
0
0
1
0
0.000901713255184851
1
0
2
0
1
1
0
1
0
3
0
1
3
1
0
1
0
0
0
0
0
2
0
0
0
0
0
0
0
0
0
1
0.0232558139534884
1
1
0
0
0
2
0
0
0
1
0
0
0
0
0
0
2
0
0
0
0
0
0
0
0
0
0
1
0
0
0
1
0
0
0.5
0
0
0
2
0
0
0
0
1
0
0
0
1
0
1.01515151515152
0
0
3
2
0
0
0
1.03125
0
0
2
1
1
0
1
0
2
0.0399761336515513
0
0.178082191780822
0.02
3
0
2
1
0
1
0
0
0.125
0
0.0454545454545455
0
0
0
0
0
4
0
0
0
0
0
1
0
0
1
0
1
0
0
1
1
0
1
0
0
1
0
0
0
0
0
1
0
0
0
0
1
1.68965517241379
0
0
0
0
2
0
0
4
0
0
0
1
4
0
0
0
0
1
3
0
0
0
0
1
0
0
0
1
0
1
3
1.8
0
0
0
2
0
0
0
1
1.99604519774011
0.0303030303030303
1
0
2
0
0
0
0
0
0
2
0
0
0
0
0
0
0
0
2
0
1
1
2
0
0
0
0.215384615384615
3
0.0666666666666667
0
2
3
0
0
2
0
1
0
0
0
0
0
0.00359712230215827
0.0723684210526316
0
0
1
0
0
0
0
1.04385964912281
0
0
1
0
1
2.00641025641026
0
0
7
1
0
0
1
0
0
0
0
0
1
0
0
2
2
4
2
0
0
0
0
0
4
0
0
3
0
0
0
0
0
0
0
1
4
0
0.00477326968973747
0
3
0
0
1
1
0
0
0
0
0
1
0
0.14406779661017
0
0
0
1
0
1
0
0
0
0
4
0
0
1
0
0
0
0
0
4
0
2
0
0
0
2
0
0
0
0
0
0
0
0
0
3
1.8
0.55
0
0
0
0
1
0
0
0
0
0.1
1
0
1
2
0
0
0.1875
0
0
1
0
0
0
1
0
0
1
0
0
0
0
1
1
2
0
2
1
2
2.26605504587156
0
0
0
0
2.43089430894309
0
2
2
0
0
0
0
1
1
0
4
1
0
0
0
0
1
3
0
1
0
1
2
0
1.81818181818182
0
0
2
1
1
0
1
0.181818181818182
1
0.05
0
3
2.36363636363636
0
1.66666666666667
1
1
1
1.26666666666667
0
4
4
0
0
0
1.4018691588785
1
0
2.25668449197861
0
1.5
1.625
0
0
1
0.161290322580645
1
1
0.428571428571429
1
2.52100840336134
0.0125
1
1
2
1.57142857142857
0
0
0
0
1
3
0
0
0
0
0
1
1
0
2
0
1.5
2
0
0
1.5
0
0
1
0
0
1.2
1.21978021978022
1
1
1
0.0344827586206897
1
0
0
2
1.38793103448276
1.42857142857143
0
1
1.2
0
1
3
1
1.25
1.5
3
0
0
0
0
2
2
0
4
1
1.25909090909091
1.55434782608696
0
0
1.5
0
1
0
2
0
0
3
1.5
3
1
1
3
0
0
0.0444444444444444
1.46323529411765
1.5
0
0
0
2
1
1
1.0561797752809
0.00709219858156028
1
0
0
2
0
1.33333333333333
1
0
0
0
0
2
1
0
1
2
1
3
0.182692307692308
1.03125
3
1
0
0
0
1.25
1.5
0
0
1.16
4
1
2
1
2
0
1
1
0
0
1.12121212121212
0
1
0
1
1.5
0
0
3
0
0
1.33333333333333
0
3
0
0
1.79506172839506
2
2
0
0
1.5
0
0
0
0
2
0
2
0
0
0
1
1
0
0
0
0
2
1
1
0
1.66666666666667
0
2
0
1.55084745762712
2
0
0
1.52830188679245
0
0
0
1
1
1
0
0
0
1.33333333333333
0
0
1.15625
1
0
1
0
0.212121212121212
1
0
0
0
0
0.897338403041825
0
1
1.5
0
0
0
1
0
1
1
0
3
0.5
0
0
0
0
1
1
0
2.32352941176471
2
0
2.125
0
1
0
0
0
0
0
2.37931034482759
0
4
2
1
1
2
0
0
0
0
0
1
1
0
2.4
0
1
2
1
0
1
2
0.996826656088854
0
1.86075949367089
1.45323741007194
1
2
2
0
1
0
0
1.64130434782609
0
1
1.31818181818182
3
0
1
1
1
2
0
0
0
2
0
2
0.166666666666667
0
0.638888888888889
0
0
1
0
0
0.0099009900990099
0
0
0.25
0.296296296296296
0
0
5
0
1
0
0.377777777777778
0
3
0
0
0
0
0
1
0
0
0
0
1
0
0
0
1
0
0.361111111111111
0
0
0
0
1
0
0
0
0.454545454545455
3
0
4
0.0851063829787234
0
0
0
0
0
0
0.222222222222222
0
0
0
0
0
2
0
0
0
0
0
1
0
0
1
0
0
0
0
1
0.266666666666667
0
0
0
0
1
5
0
0
0
0
0
6
0.111111111111111
0
4
0
1
0
0
0
0
0
0
0
0
0
0
0.333333333333333
0.025
0
0
0
0
0
0
0
1
0
0
0
0
0.0294117647058824
0
0
7
0
0
4
0
0
0
0.333333333333333
2
0
0
0
1
0
0
1
1
0
0
0
0
1
0
0
0
0
0
0
0
0
0
0
0
0
0
0
0
0.0099009900990099
0.8
0.111111111111111
0
2
0
0
0
0
0
0
0
0
1
0
0
0
1
0
0
0
1
0.153846153846154
3
0
0
3
0
2
0
0
0
0
0
2
0
0
0
0.142857142857143
2
1.42857142857143
0
0
0
0
0
1
0
1
1
8
0
6
0
0
1
0
6
0
0
0
0.0638297872340425
0
0.181818181818182
0
4
0
0
0
0
0
1
1
1
1
2
0.0833333333333333
0
0
0
0.4
1
2
0
1
1
0
0
0
0
0
0
0
0
1
0
0
0
2
0
0
0
4
2
0
0
3
0
0
0
3
1.5
0
0.257425742574257
4
0
2
0
1
0
0
0
0
0
1
0
0
0
0
0
0
0
0
3
4
0
0
4
0
0
1
3
0
1.5
1
0.333333333333333
0
0.333333333333333
0
0
0
0
2
2
0
0
0
0
0
0
0
1
0
0
0
0
0
0
0
0
0
7
1.33333333333333
0
0
2
0
2.66666666666667
3
0
1
0
2
0
0
0
0
0
0
0
0
0
0.5
0
0
0
0.323529411764706
8
1
0
0
0
0
0
1
0
0
0
0
0
3
0
0
0
0
0
1
0
0
0
1
0
0
2
1.25
0
1
1
0
0
2
1
0
0
0
0
0
0
0
0
0
0
0
0
0
0
0
0
0
0
1
0
0
0
0
0
0
5
0
0
1
1
0
0
0
0
0
0
0.111111111111111
0
1
1.33333333333333
0
0
0.938492063492063
0
0
0
0
0
0
0
2
0
0
0
0
0
1
0
0.0294117647058824
0
0
4
1
0
1
0.5
0
0
1
1
8
1
0
0
3
0
4
0
0
0
0
0
0
1
0
1
0
0
2
0
0
0
0
0
1
0
0
0
1
1
1
0
0
0
0
0
0
1
2
0
0
1
0
0
0
0
0
0
0
2
0
1
0
0
1
0
0
0
0
1
0
1
3
1
0
0
0
0
0
2
0
4
0
0
0
2
0
0.333333333333333
0
0
0
0
0
0
2
0
0
1
0
3
1
1
0
0
0
0
1
0
2
0
0
0
3
0
0
0
0
1
1
6
2
0
0
8
1
0
0
0
0
1
0
0
0
0
1
0
0
0
0
1.66666666666667
0
0
0
0
1
0
0
0
1
0
0
0
0
0
0
0
0
0
4
0
2
4
0
0
0.5
0
0
0.454545454545455
0
2.7
0
0
0
0
1
7
0
0
2
0
0
0
1
0
2
0
1
0
0
0
0
0
1
0
0
0
0
0
0
0
0
0.5
0
0
0
1.1
0
0
0
0
0
0
0
0
0
0
0
0
2
0
1
0
0
0
0
0
0
0
0
0
1
0
0
0
1
0
0
0
0
0
0
0
0
0
1
2
2
0.851851851851852
0
0
2
0
0
0
0
3
0
0
0
0
5.33333333333333
0
2
0
1
0
1
0
0
1
0
0
0
0.453237410071942
2
1
0
0.333333333333333
0
0
1
0
0
0
0
0
0
0
0
2
1
0.00477707006369427
0
0
3
0
1
1
0
0
0
1
0
0
0
0
0
0
2
0
0
2
0
1
0
0
1
0.2
0
0
0
0
0
0
0
0
2
0
0
0
0
2
0
0
1
0
0
0
2
0
0
0
0
0
0
0
0
0
0
0
0
0
0
0
3
0
0
0
0
1
2
2
2
0
0
0
0.166666666666667
0
0
0
0
0
0
0
0
0
0
2
0
0
0
0
2
0
0.137404580152672
0
0
0
0
1
0
0
1
0
0
0
0
0
0
2
0
0
0
0
1
0
3
1
0
0
2.5
0
2
0
0
0
0
0
0
0
0
1
0
0
0
3
0
1
0
0
0
0
0
1
1
0
0.333333333333333
0
2
0
0
1
0
1
1
5
0
0
4
0
0
3
0
0
0
0
0
0
2
0
3
0
0
2
0
0
0
0
3
0
0
0
0
0
1
0
0
0.333333333333333
0
0
0
0
0
0
0
0
0
0
0
2
2
0
0
0
0
0
0
0
0
0
0
0
1
1
0
0
1
2
0
0
2.25
2
0
0
0
0
0
0
0
1
5
0
0
0
2
1
0
0
0
1
0
0
0
0
1
0
0
0
0
0
0
0
0
0
1
0
0
0
0
5
1
0
2
0
1
0
0
0
0
0
0
0
1
1
1
2
0
0
0
2
2
1
0
1
0
1.75
1
0
0
1
0
0
0
0
1
0
0
0
3
0
1
0
0
3.33333333333333
0
0
1
0
0
0
0
0
0.0879478827361563
0
0.666666666666667
0
0
1
0
0
0
1
1
0.5
0
0
0
0
0
0
0.5
0
0
0
0
0
0
0
0
0
0
0
1
0
0
0
2
1
1
1
0
0
0
0
0
1
2
1
0
0
0
0
0
0
0
0
0
0
0
0
0
1
0
0
1
0
0
0
0
0
2
0
1
0
0
4
0.5
0
0
0
0
0
0
0
0
0
0
0
0
0
0
0
2
1
0
1
0
0
0
1
0
2
0
0
0
5
1
0
4
0
0
0
0
2
2
0
2
2
0
0
0.282218597063622
2
0
0
0
8
0
0
0
4.70588235294118
0
0
2
0
0
2
0
0
0
0
0
0
0
0
0
0
0
0
1.5
0
0.741935483870968
0
1
0
1
0
0
0
0
1
0
0
0
0
0
1
0
1
0
0.00469483568075117
0
0
0
0
0.0147058823529412
0
0
0
0
1
1
0
1
0
0
1
0
0
0
1
0
0
0
0
0
0
0
0.333333333333333
0
0
0
0
0
5
2
0
0
0
0
1
0
0
0
0
0
1
0
0
1
0
0
1
0
0
1
0
0
0
0
0
2
0
0
0
0
0
0
0
0
0
0
0
0
0.115942028985507
0
0
0
0
0
1
0
0
0
0
0
1
0
1
0
0
0
1
0
0
0
0
0
0
0
0
0
0
0
0
0
0
0
2
0
0
2
0
0
0.5
3
1
0
1
0
0
1
0
0
0
0
0
0
0
3
0
0
0
0
1
0
0.00641025641025641
0
3
1
4
0
0
0
1
0
0
2
0
0
0
0
0
1
0
0
0
0
0
0
0
3
0
0
2
0
0
0
1
0
1
0
2
0
0
0
0
4
0
0
0
0
0
0
0
0
1
1
1
1
1
0
3
0
0
0
8
0
8
1
1
0
2
0
0
1
0
1
0
0
0
0
0
2
0
3
0
0
1
0
0
0
0
0
0
0
1
1
0
0
0
2
0
1
0
0
0
0
0
2
0
2
0
0
0
0
0
0
0
0
0
0
0
0
0
1
0
2
2
0
0
0
0
0
0
0
0
1
0
0
0
0
0
0
2
0
4
2
0
0
0
0
0
1
0
0
1
2
1
0
0
0
0
0
0
0
0
1
0
0
2
2
0
0.0790960451977401
0
0
0
0
0
0
0
0
0.666666666666667
0
0
0
0
1
0.171428571428571
0
0
0
0
0
0.149253731343284
0
0
0
0
0
0
0
0
0
1
8
3
2
0
3
2
0
0
0
0
0
0
3
0
0
0
0
0
0
0
1
0
0
1.5
0
0
3
1
0
0
0
0
0
0
4
5
0
0
2
0
0
0
1
0
0
0
0
0
0
0
1
0
0
0
0
0
0
0
0
0
1
0
0
0
0
0
0
0
0
0
0
0
0
0
0
1
1
0
0
0
0
2
0
0.666666666666667
1
2
0
3
0
0
1
0
0
4
0
0
0
3.5
0
0
0
0
2
0
1
0
1
0
3
7
0
0
0
1
0
0
1
0
0
0
1
0
0
0
2
0
0
0
0
0
0
0
0
0
1
0
0
0
0
0
1
0
0
0
0
0
0
0
0
1
0
0
2
1
0
0
0
1
0
1
0
0
0
0
0
0
0
0
0
1
0
0
0
0
0
0
0
0
0
0
1
0
0
0
0
0
0
0
0
0
0
0
1
7
0
0
2
0
3
0
0
0
0
1
0
0
8
0
0
0
0
0
0
0
1
2
1
2
0
0
0
0
0
0
0
0.5
0
0
0
0
0
0
0
0
0
0
0
1
0
1.04
0
0
0
0
0
1
0
0
0
0
2
1
0
0
0
0
0
0
0
0
0
0
0
0
0
2
0
0
0
0
2
0
0
0
0.333333333333333
0
0
3
0
0
0
0
1
0
0
2
0
3
1
1
1
2
0
0
0
2
0
0
0
0
2
0
1
1
0
5
0
0
0
0
0
3
0
0
0
2
0
0
1
0
0
0
0
0
1
0
0
3
0
0
0
1
0
4
0
0
0
0
0
0
0
1
0
1
0
2
1
4
0
3
0
0
0
0
0
0
0
0
0
0
0
0.504424778761062
1
3
0
0
0
0
0
0
0
2
0
0
0
0
0
2
0
1
0
0
0
0
0
0
0
0
0
0
1
0
0
0
0
0
0
0
0
0
2
0
0
0
0
0
1
0
0
0
0
0
1
0
0
0.0232558139534884
0
0.5
2
1
0
1
0
0
0
1
0
0
0
1
0
0
0
0
0
0
0.1
0
0.0769230769230769
0
0
0
0
0
2
0
0
1
0
0
0
0
0
0
0
3
0
0
2
0
2
0
0
2
0
0
0
0
1
0
0
0
0
0
0
0
0
0.444444444444444
1
0
2
0
0
0
0
0
0
1
5
5
0.25531914893617
0
0
0
0.19047619047619
2
1
0
0
0
0
0
0
0
0
0
0
0
0
1
0
1
1
5
0
0
0
0.04
2
0
1
0
0
0
0
1
0
0
2
0
2
1
0
0
0
0
0
0
0
0
1
0
0
0
0.5
1
0
0
0
0
0
2
0
0
0
1
0
1
0
1
0
0
6
2
0
1
0
0
0
1
0
1
1
0
0
0
0
0
0
0
0
0
0
0
0
0
3
0
1
0
0
0
0
0
0
0
0
0
0
0.5
0
2
0
0
0
0
0
0
0
0
0
0
0.970149253731343
0
0
0
0
0
0
0
5
0
0
0
2
0
2
3
0
0
0
0
0
0
0
0
0
0
0
0
0
0
0
1
0
0
2
0
0
0
0
0
0
1
0
0
0
0
0
1
0
0
1
0
0
0
0
1
0
0
3
0
0
0
0
0
4
0
0
1
0
0
0
0
0
0.173913043478261
1
0
0
0
0
0
0
0
0
0
0
0
0
0
0
0
0
0
0
1
0
1
0
0
0
0
2
0
5
0
1
0
3
1
0
0
1
0
0
0
0
0
0
0
0
0
0
0
0
0
0
0
0
0
0
0
0
0
0
0
0
0
1
0
0
0
3
0
0
0
0
0
0
1
0
0
0
0
0
0
0
0
0
0
0
0
0
1
0
1
4
0
0
4
0
1
0
1
0
2
0
0.45
0
0
0
0
0
0
0
0
0
0
0
4
1
0
0
0
0
0
2
0
1
1
1.96153846153846
2
1
0
0
0
0
0.031496062992126
1
1
0
0
1
0
0
0
0
0.00869565217391304
6
0
1
0
0
0
0
0
0
0
0
0
0
0
1
0
0
0
0
0
0
0
0
1
0
0
1
0
0
1
0
0
0
0
0
0
0
1
3
0
0
0
5
0
0
0
0
1
0
0
0
0
0
0
1
0
0
0
1
0
0
0
2
0
0
0
0
0
0
0
1
0
0.0957746478873239
1
0
0
0
0
0
0
0
0
0
0
1
0
0
0
0
0
0
0
0
0
0.0555555555555556
1
0
0
2
0
0
2
0
0
0
0
0
0
1
0
1
1
1
0
0
0
0
0
0
0
0.0217391304347826
0
3
0
0
0
0
0
0
2
0
2
0
0
1
0
0
0
0
0
0
0
1
0
0
0
0
1
1
0.21875
1
0
1
1
0
0
0
0
0
0
0
3
0
0
1
0
0
0
0
0
0
1
1
0
0
1
0
0
0
0
0
0
1
0
0
0
0
0
0
0
0
6
0
1
0
0
0
0
0
0
0
0
0
0
0
0
0
0
0
4
0
0
0
1
0
0
1
1
0
0
0
0
2
0
0
2
0
0
0
0
0
0
0
3
0
2
0
0
0
1
0
0
0
0.3515625
1
0
0
0
0
1
0
0
0
0
0
0
0
0
0
0
0
0
0
0
0
0
0
0
0
1
0
0
0
0
0
0
1
0
0
0
1
0
0
0
0
0
0
0
0
0
0
0
0
0
0
0
0
0
0
3
0
0
1
0
0
0
0
0
0.0555555555555556
0.0900900900900901
0
0.0769230769230769
2
0
0
0.125
2
2
0
1
1
0
0
0
0
0
0
0
0
0
0
0
0
0
0
0
0
0
0.2
0
2
0
0
0
0
1
1
0
1
0
3
0
0
4
0
0
0
0
1
3
1
1
1.33333333333333
2
1
2
1
2
1
1
1
1
1
1
0
1
0
0
0
0
0.5
0
1
0
0
1
0
0
0
0
0
0
5
0
0
0.104166666666667
0
0
0
0
0
0
0
2
0
0
0
0
0
1
0
1
0
2
4
0
0
0
0
0
0
0
0
0
0
0.15
2
0
0
0
0
0
0
2
2
2
3
0
0
0
0
0
0
0
0
0
0
0
0
1
0
0
0
0
0
0
0
0
0
1
2
0
0
3
4
0
0
0
0
0
0
0
0
0
3
0
0
0
1
1
0
0.037344398340249
0
0
0
0
0
1
0
0
0
0
0
1
1
0
1
2
0
0
1.5
1
0
1
0
1
0
0
0
3.5
0
1
0
0
0
0
0
0.5
0
0
0
0
0
0
0
1
0
0
0
0
0
0
0
0
0
0
0
0
0.0344827586206897
1
0
0.655172413793103
1
0
0
0
0
4
0
0
0.0218978102189781
0
0
0
0
0
0
0
0
0
0
0
0
0
0
1
0
1
0.886214442013129
0
0
0
1.08333333333333
0
0
0
0
1
0.0909090909090909
0
0
0
0
0
0
2
0
0
0
1
0
0
0
0
1
1
0
0
0
2
0
0
0
0
0
0
0
0
0
0
0
0
0
0
1
0
0
0
0
0
0
0
0
0
0
0
2
0
2
0
0
2
0.00591715976331361
0
0
0
0
0
0
0
0
0
0
0
0
0
0
0
0
0
0
0
0
0
0
0
0
0
0
0
0
0
0
2
3
0
0
0
4
0
0
0
0
0.5
0
0
0
1
0
0
0
0
