0
1
1
0
0.947368421052632
0
0.787878787878788
0.856115107913669
0.952380952380952
1
0.769230769230769
1
1
0
0.939393939393939
1
0.5
0
1
1
0.9
1
1
0.904761904761905
1
1
0.823529411764706
0.888888888888889
1
0.647058823529412
0
0.956521739130435
1
0
0.857142857142857
1
1
0.897058823529412
0
1
0.714285714285714
0
1
0.615384615384615
0
0.811320754716981
0
1
0.875
0.666666666666667
1
1
0
1
0.666666666666667
1
1
0.8125
1
0.85
0.833333333333333
1
0.918032786885246
0.910714285714286
1
1
0.857142857142857
1
1
1
1
0.775
0
0.8
0.625
1
1
0.933333333333333
0.5
1
0
0
1
1
0.5
0.8
0
0.968085106382979
0.846153846153846
0.857142857142857
0
0.868421052631579
1
0
1
0
1
1
1
0
1
0.769230769230769
1
1
0
0.821428571428571
1
1
0.5
1
1
0.805825242718447
0
1
0.666666666666667
1
1
0.875
0
1
0.866666666666667
1
1
0.666666666666667
0
0.769230769230769
0.333333333333333
1
0.857142857142857
0.894736842105263
0
1
1
0
1
1
0
1
1
1
0.8
0.833333333333333
0
0
0.857142857142857
0.8
1
0.857142857142857
1
1
0
1
0.916666666666667
0.821428571428571
1
0.966666666666667
1
0.8
1
0
1
1
1
1
1
1
1
1
1
0.6
0
1
1
0
0
0.928571428571429
0.866666666666667
0.839285714285714
0
0
0.835294117647059
1
1
1
0.72
0.9
0.928571428571429
1
1
1
0.777777777777778
0
0.769230769230769
1
0.777777777777778
0.636363636363636
0.75
1
1
0.931818181818182
1
1
0.333333333333333
0.833333333333333
0.913793103448276
1
0.857142857142857
0.5
0.785714285714286
1
1
0.923076923076923
0
0
1
0
1
1
0.942857142857143
0
1
1
1
0
0
0.875
0.9
0.666666666666667
1
0.8
1
1
1
1
1
1
0.733333333333333
0
0
0.872727272727273
0
0
0
1
1
0.829787234042553
1
0
0.783783783783784
1
1
0
0.96551724137931
0.909090909090909
1
1
1
1
1
0.5
1
1
0
0
1
0
0.666666666666667
0.5
0.933333333333333
0
0
1
1
1
1
1
1
0
1
0.783783783783784
1
1
0
1
1
0
1
0.857142857142857
1
1
1
1
0.8
0.8
0.8
1
1
0
1
1
0.904761904761905
0
1
1
1
0
1
0
1
1
0
0
1
1
0.727272727272727
0.772727272727273
0.5
0.75
1
1
1
0
1
0
1
0
1
0.6
1
0.777777777777778
0.707692307692308
0.75
1
1
1
0
0
1
0.857142857142857
1
0.75
1
1
0.933333333333333
0
0
0
0
1
1
1
0.9
1
0.8
1
0.5
0.682539682539683
0.8
0
0.916666666666667
1
0.933333333333333
1
1
0.923076923076923
1
1
1
0
1
1
0
1
1
0.805194805194805
1
0.857142857142857
1
0.931623931623932
1
0.818791946308725
1
0
1
1
1
1
0
0
1
0
0
0.666666666666667
0.666666666666667
0.833333333333333
0
0
0.878787878787879
1
0
1
1
0.636363636363636
1
0.823529411764706
1
1
1
1
0.910714285714286
1
0.91304347826087
1
0
1
1
1
1
0
1
1
1
0.666666666666667
1
0.88
1
1
1
0
0.888888888888889
1
1
1
0.666666666666667
0.956521739130435
0.5
0
0.5
1
1
1
0.875
1
1
0
1
1
1
0
0.8
0.881188118811881
1
1
0.8125
1
1
1
1
1
1
1
0
1
1
1
0.8
0.5
1
0
1
1
0
0
1
1
0.75
0.9
0.941176470588235
1
0.947368421052632
1
0.818181818181818
0.75
1
1
1
1
0
0
0
1
0.757575757575758
0.5
1
1
0.761904761904762
0.818181818181818
0
1
0
0
1
0
1
0.6125
1
1
0.8125
1
0
0
1
0.5
1
1
0
0
1
0
1
0.833333333333333
1
0
0.571428571428571
0.333333333333333
1
1
0.888888888888889
0
0
0
0.906976744186046
1
0
1
1
0.894736842105263
0.856655290102389
1
1
0
0
0.666666666666667
0
0.818181818181818
1
0.833333333333333
1
0
1
1
1
1
0.916666666666667
1
1
1
1
1
0
0
1
1
1
1
1
1
0
0.666666666666667
1
0
1
1
0
0
0.875
0.857142857142857
1
1
1
0
1
1
0
0.5
1
0
0
0
0
0.938775510204082
1
0.761904761904762
0
1
1
0
0.932432432432432
0
0.875
0.05
1
1
1
1
1
0.868263473053892
1
0
1
0
1
0.5
1
0.857142857142857
0
1
0.857142857142857
0.822222222222222
0
0
1
1
0
0.88628762541806
1
1
0
0.5
1
1
1
1
0.8125
0.714285714285714
1
1
1
1
1
1
0.872340425531915
1
0.916666666666667
0.913793103448276
1
0
1
0
0
0
1
0
1
1
0
0
0.933333333333333
1
1
0
0
0.833333333333333
1
1
0
1
0
0
0.888888888888889
0
1
1
1
1
0
0
0.884615384615385
1
0.5
0.833333333333333
1
0.833333333333333
0.947368421052632
1
0.9
0
1
1
1
1
1
1
0
1
0
0.823529411764706
1
1
1
1
0
1
1
0
1
1
0
1
0.727272727272727
1
1
1
1
0
0.666666666666667
1
0
0
0
0
0.862068965517241
1
1
0
1
1
1
1
0.875
1
0.901960784313726
0
0.666666666666667
1
1
0
0
0.666666666666667
1
1
0.888888888888889
0.5
0.666666666666667
0
1
0
0.85
0
0.914285714285714
1
0
0
0.9
1
0
0.333333333333333
1
0.777777777777778
1
1
0.8
0.666666666666667
1
0.904761904761905
0.933333333333333
0.833333333333333
0
0
0
0
1
1
1
0
0.806451612903226
1
1
1
0.836363636363636
0
1
1
0.976190476190476
1
0.9
0
0
0
0
1
0.666666666666667
1
1
0
1
1
0
1
0
1
0.892857142857143
1
0.8
0
1
1
1
0
1
1
0
0.666666666666667
1
1
1
1
1
0.833333333333333
1
0.95
0.714285714285714
0.80952380952381
1
1
0.880434782608696
1
0
0
1
1
0
1
1
0.666666666666667
0
1
1
0.784313725490196
1
1
1
0
1
1
1
1
0
0.666666666666667
0
0.917857142857143
1
1
0.96551724137931
0
1
1
1
0
1
0.807692307692308
1
0
1
0
1
0
1
1
0
1
1
0.714285714285714
0
1
1
0.853658536585366
0.96875
1
0.75
0
1
1
1
0
0.75
1
1
1
0
1
1
0.833333333333333
0
0.815789473684211
0
0
0
1
1
1
0
1
1
1
0
1
0
1
1
0
1
0
0
1
1
1
1
0.941176470588235
0
0
1
1
1
1
1
1
1
1
0.8
0
0
0
1
0
0
0
1
1
1
0.333333333333333
1
0
1
1
0.909090909090909
1
0
0
0
0.666666666666667
1
0
0
1
0.5
1
1
0
1
0.833333333333333
1
1
0
0
0
1
1
0.75
1
1
1
1
0
1
0
0.882352941176471
0
1
1
0.8
1
0
1
1
1
1
1
1
0
0
0
1
1
1
1
1
0.857142857142857
1
0.818181818181818
0
0
0
0.666666666666667
1
1
0.91304347826087
0
1
1
0
0.891304347826087
0
1
0.68
0.666666666666667
0.947368421052632
1
0.869565217391304
0
1
1
1
0.709677419354839
0
1
0.794520547945205
0
0.5
0.857142857142857
1
0
1
1
1
0
1
0
1
1
0.818181818181818
0
1
0
1
1
1
1
0.87719298245614
0.8125
1
0
1
0
1
1
1
0.875
1
1
0.666666666666667
0.85
1
0.666666666666667
1
1
1
1
1
1
1
0
0
0.75
0
1
0
1
1
1
0
0
0
1
1
0.75
0
0
1
1
0.795918367346939
1
1
0
0
1
1
0
1
1
1
1
1
1
1
1
1
1
0.5
1
0
0.75
1
1
1
1
1
0
1
0
0.666666666666667
0.954545454545455
1
0
0.75
1
1
1
0.808035714285714
0.875
0.869379014989293
1
1
1
1
1
0.5
0
1
0
0.333333333333333
1
0
1
0
1
1
1
0.777777777777778
0
0
0
0
0
1
1
0.838297872340426
0
1
0.5
0.631578947368421
0
0
0.5
1
1
1
1
1
1
0
0
1
1
1
1
1
1
1
0.888888888888889
0
1
0
1
1
0
1
1
1
0
1
0.5
0
1
0
0
1
1
0.5
1
1
1
0
0.928571428571429
0.894736842105263
0
0.5
0
1
1
0.875
1
0
1
1
0
0
0
1
0.898692810457516
1
0
0.842105263157895
1
1
0
1
0
1
0
1
1
0
1
0
1
1
0
0
0.75
1
1
0
0
1
1
1
0
0
0.5
0
1
0
1
1
1
1
0.857142857142857
1
0
1
1
0
1
1
0
1
1
0
0
1
1
0
1
0
0.887614678899083
1
1
0.75
0
0.865384615384615
0.857142857142857
1
0.785714285714286
1
1
0
0
1
0
1
1
0
0.875
0.75
0
1
0
1
0
0
1
0.666666666666667
0
0.75
0
1
0.953488372093023
0.888888888888889
0
0
1
1
0.934210526315789
1
0.666666666666667
0
0
1
0
1
0
1
0.8
1
0.82741116751269
0
1
0
0.5
0
1
0
1
1
1
1
0
0
1
0
0.866666666666667
0
1
1
1
0
1
1
1
0
0
0
0
0
1
0
0
0
1
1
0.857142857142857
1
1
1
1
1
0
1
1
0
1
1
0
0
1
0
0.5
0
1
0.8
0.852173913043478
1
1
0.5
0.773584905660377
0.904761904761905
0
0
0
0.833333333333333
1
0
1
1
0
0
1
1
1
0
1
1
1
1
0
1
1
1
0
1
0
1
1
1
1
1
1
1
0.862068965517241
0
1
1
0.769230769230769
1
1
0
1
0
1
1
1
1
1
1
1
0
0.666666666666667
1
1
0
0.8
1
0
0.666666666666667
1
0.9
0.8125
0.5
1
1
0
1
1
1
1
0
0
1
0.5
0
0
1
1
1
0.87404214559387
1
0
1
0
0.857142857142857
1
0
0
0.958333333333333
0
1
0.75
1
1
0.428571428571429
1
0
1
0
1
1
1
1
0
0.666666666666667
1
0
1
1
0
0
0
1
0
1
1
0
0.666666666666667
1
1
0.75
0
1
0
0
1
0.5
0
1
0
1
1
1
1
0
1
1
0
1
1
1
0.895591647331787
0
1
0
1
1
1
1
1
1
0
1
0.666666666666667
0
1
0.939393939393939
0
1
1
1
0
0
1
1
1
1
1
0
1
0
0
0
0.857142857142857
1
1
0
0.842105263157895
1
1
1
0
0
1
1
1
0
1
0.75
1
1
1
1
1
0.857142857142857
1
0
1
0
1
1
1
0.8
1
0.892215568862275
1
0.928571428571429
1
1
1
1
1
1
0.857142857142857
1
1
1
1
1
0
0
0.888
1
1
1
1
0
0.870967741935484
1
1
1
0
0.956521739130435
0
0.5
1
0.666666666666667
0.947368421052632
0.843537414965986
0
0.75
0.666666666666667
1
1
0
1
1
1
1
0
1
0
0.666666666666667
0
1
0
1
0.8
1
0
0
1
1
1
0.75
1
0
0.826086956521739
1
1
1
1
0.5
0
1
0
0
0
1
1
0
0.833333333333333
1
1
0
0
1
0.8
1
0.795580110497238
1
1
1
1
0
0
0
0
0
0
1
0.818181818181818
0
0
0.818181818181818
0
1
0.791666666666667
1
1
1
1
1
0
1
0
0
1
0
1
0.8
1
1
1
0
1
1
0
1
1
0.666666666666667
1
0
1
0.862068965517241
0
0
1
0.5
0
0
0
1
0.666666666666667
1
1
0
1
0
1
1
1
1
1
0
0.777777777777778
1
0
1
0
1
1
0
1
0
0
0
1
1
1
0
0.8
0
1
1
1
1
0
1
1
0
1
1
0
0
0.833333333333333
0
0
0
0
1
0.857142857142857
1
1
1
0.333333333333333
1
1
0
1
1
1
0
0.555555555555556
0
1
1
0
1
1
1
1
1
1
1
1
1
0
1
1
0
0
0.939393939393939
0.853146853146853
1
1
0
0
0
1
0
1
0
0
0.857142857142857
0.5
0
1
0
0
1
1
1
0
0.892857142857143
1
1
0.5
1
1
0.944444444444444
1
0.833333333333333
1
0.923076923076923
1
1
0
1
1
1
0
0
0
1
1
1
0.834355828220859
1
1
1
0
0.833333333333333
0
0
0
1
1
1
1
0
1
0
0.746913580246914
1
0.5
1
0
0
1
0
0
0
0.75
1
1
1
0.8
0
1
1
0
1
0
1
0
1
1
0
1
1
1
0
0
1
0
1
0
1
1
0.5
0.5
0.9125
0
0
1
1
1
1
0
1
1
1
1
0
1
0
0.833333333333333
0
1
0
1
1
1
1
1
0
0
1
0
1
0
0
0
0.865853658536585
0
1
1
0
0.833333333333333
1
0
1
1
1
1
0
1
1
0
1
1
0
0
1
0
1
0
0.941176470588235
0
1
1
0
0
0.75
0.8
0
1
0
1
1
1
0
0
1
1
0
1
0.91304347826087
0.75
1
0
1
1
1
1
0
0
1
0
0
0
0
1
0
1
0
1
1
1
1
1
1
1
0
1
1
1
0.903614457831325
0
0.5
1
1
1
1
0.5
0
1
0
1
1
1
1
0.829268292682927
1
1
0.764705882352941
0
0.5
1
1
1
0
1
1
0.75
1
1
0
0
0
1
0
0
0
1
0
0.815533980582524
0
1
1
1
1
0
1
1
0
1
1
1
0
1
0
0.877133105802048
0
0.8
0
0.8
1
0.857142857142857
0
0.775862068965517
0.5
0
0.772727272727273
0
0
0
1
0.785714285714286
0.5
1
1
1
0
0
0
0
1
1
0
0
1
1
0
1
0
1
1
0
0
0
0
1
0.85
1
0
1
1
1
0
1
1
0
0.875
0.905660377358491
1
0
1
0
1
1
1
1
1
0
1
0.944444444444444
0.933333333333333
1
1
0
1
0
1
0.913385826771654
0.833333333333333
0.666666666666667
0
1
0
0.888888888888889
0
1
0
1
0
1
1
1
1
1
0
0.853080568720379
0
1
0
1
0
1
0
0
0
0
1
1
1
1
1
1
1
1
1
1
1
0
0
1
0.856617647058823
0
1
0.907142857142857
1
1
1
1
1
0.75
1
0
0
0
1
0.816037735849057
1
0
1
1
1
1
0
0
1
0
0
1
0
1
1
0
1
0.9
0
1
1
1
0
0.845890410958904
1
1
0
1
1
0.666666666666667
1
0
1
0
0
1
0.75
1
1
0
0.785714285714286
0
1
0
1
0
1
0
0
1
1
0
1
1
1
1
1
0
1
0
1
1
0
1
1
1
1
1
0
0
0
1
1
1
0
0
0.875
0
1
1
0.938461538461538
1
1
0.857142857142857
0
1
1
0
0
1
1
0
1
0
1
0
0
1
1
1
0
1
1
1
1
0
1
0
0
0
1
0
1
1
1
0
0
0
1
0
1
1
0
1
0
0
0
1
0
0
1
0
1
0
1
1
0
0.666666666666667
0
1
0.72
1
0.944444444444444
0
1
0
1
0.871428571428571
0.5
1
1
1
1
0
1
1
1
1
0.802469135802469
0
0.692307692307692
1
0
0
1
0
0.5
0
1
1
1
1
1
0
1
0
0.6
1
1
0
0
0
1
0.941176470588235
1
0
1
0.888888888888889
0
0
1
0.666666666666667
0
1
1
1
1
1
0.736842105263158
0
1
1
1
1
1
1
1
0
0
0
0
1
1
1
0
1
0
1
1
1
1
0
1
0
0
0
0
1
1
0
1
0.5
1
1
1
0
1
1
0
0.666666666666667
0
0
1
1
1
0
1
0
1
1
0
1
1
0
1
0.857142857142857
1
0
0
1
1
0
0
1
1
1
1
0
0
1
0
1
1
0.775510204081633
0
0
0
1
1
0
1
0
0
1
1
1
0
1
1
1
0
1
0.25
1
0
1
0
1
1
0
0.4
1
1
0.933333333333333
0.75
0
1
1
1
0
1
0.5
0
0
0
1
0
0.909090909090909
0.666666666666667
1
0
0
0
0
1
0
0
0
1
0
1
1
1
1
0
0
0.681818181818182
1
0
0.766666666666667
0.875968992248062
1
1
1
0
1
0
0
1
0
0
1
0
1
1
1
1
0
1
0
1
0.88
1
0
1
0
0.666666666666667
1
1
0
1
1
0
0
1
0
0
0.829545454545455
0.925925925925926
1
1
1
1
0
0
0
1
1
0
1
0.862068965517241
1
0
1
1
1
0
1
1
1
0
0
0
0
1
0
1
1
1
1
0
1
0
1
0.5
1
1
0
1
1
0
0.6
1
1
0
0
1
0
1
0
0
1
1
0
0
1
0
0
1
0
1
1
0
1
0
1
0
1
0
0
0
0.901369863013699
1
1
1
1
0.931818181818182
1
0.833333333333333
1
0
1
1
1
1
1
1
1
0
0.903846153846154
1
1
1
1
0
0
1
0
0
1
1
0
0
0
0.666666666666667
0
1
1
0
1
1
1
1
1
1
0.916666666666667
0.769230769230769
1
0
1
1
0
1
0.889320388349515
0.871982890314696
1
0
1
0.9
1
1
0
0
0.813333333333333
0
0
0
1
1
1
0.666666666666667
0
0
0
1
0
0
0.8125
1
1
0
0
1
1
1
0
0
0
1
1
0
0.928571428571429
1
1
1
0
0
1
0
1
0
0
0
1
1
1
0
0
1
1
0
0
1
0
0
1
0
0
1
0
1
1
1
1
1
0
0
0.893939393939394
1
0
1
0.845454545454545
1
1
1
1
1
0.870722433460076
1
1
0
1
0.923076923076923
0
0
0
1
0
0
0.925675675675676
1
0
0
1
1
1
0
1
0.8
0
1
1
0.846153846153846
0
0
0
1
1
1
0
0
1
0
0
0
1
1
1
1
0
1
1
1
0.923076923076923
1
1
1
1
1
1
1
0.666666666666667
0.857142857142857
0
0
1
1
1
1
1
0.8
1
1
1
1
1
1
1
1
1
1
0
0
1
0
0.666666666666667
0.8
1
1
1
0
1
0
1
0
0.923076923076923
0
1
1
0
0
1
1
1
1
0
0.845238095238095
0
0
1
1
0
0
0.9375
1
1
0
0
0
0
1
0
0
0
0
0
0
1
1
0
0.846846846846847
1
0
0
0
1
1
0
0
0
1
0
1
1
0
1
1
1
1
1
0.5
0.5
1
0
0.75
0
1
0
1
0.766423357664234
0
0
0
0
1
0
0
1
0
0
0
0
0
1
1
1
0
1
1
1
1
1
1
1
1
1
0
1
1
1
0
0
1
1
1
1
0.666666666666667
1
0
1
0
1
0
1
0
0
0
1
0
1
0
1
0
0
1
1
0
1
0
1
0
1
1
1
1
1
0
1
0
0
0
1
1
0
0
1
1
1
0
0
1
0
1
1
1
1
0
0.75
1
0.555555555555556
0
1
1
0.777777777777778
0.901960784313726
0
0
0.666666666666667
0
0
1
1
1
0.833333333333333
0
1
0
0
0
0.878048780487805
1
0
1
1
0
1
0.9
0
0.75
1
1
0
0
1
0.75
0
1
1
0
1
1
1
0
0
0
1
1
0
0
1
1
1
1
1
1
1
0
0.888888888888889
0
1
0
0
0
1
0
0
1
0
0
0.628571428571429
1
0
1
1
1
1
1
1
0
0
0
1
0
0.722222222222222
1
1
1
1
0.666666666666667
0.947368421052632
0
0
0
0
0
0.666666666666667
0
1
1
0
1
1
1
1
0
1
1
1
0.5
1
0
1
0
1
1
0
0
0
1
0
0
1
0
0
0
0
0
1
1
1
0
1
1
1
1
0.857142857142857
1
0
0
0
1
1
1
1
0
0
1
0
0.91025641025641
0
0.777777777777778
0
1
0
0
1
0.777777777777778
0
1
1
1
1
1
1
0
1
0.5
1
0.871794871794872
0
1
1
0
0
0
0
0
1
1
0
0.769230769230769
1
1
0
0.926229508196721
1
0
1
1
0.5
0
1
1
1
1
1
0
0
0
1
1
1
1
0.666666666666667
1
1
1
1
0.837662337662338
0
1
0
1
1
0
1
0
1
0
1
0
1
1
1
0
0
0
1
1
1
0
1
1
1
1
0
1
0.928571428571429
0.875
0
0
1
0.666666666666667
0
1
1
1
0.5
0
1
0
1
0
0
1
0
0
0
1
1
1
1
1
1
0
0
0
0
0
0
0
0
0.666666666666667
1
0
1
0
1
0
1
1
0
1
1
1
1
1
1
1
1
1
1
0
1
1
1
0.8
0
1
0
0
1
1
1
1
1
0
1
1
1
0
1
1
0
1
0
0
1
1
1
1
0
1
1
1
0
1
0
1
0
0.742857142857143
1
0
1
0
0.888888888888889
1
1
0
1
0
1
0.666666666666667
0
1
0.5
1
1
1
1
1
0
0
0.769230769230769
0.8
0
0
1
1
0
0
0
1
1
0.857142857142857
0
1
1
1
0.912280701754386
1
0
1
1
0.857142857142857
1
1
1
0
0
0.867713004484305
0
0.826086956521739
1
0
0.8
0.888888888888889
1
0
1
1
0.8
0
0
0
0
1
0
1
0
1
0.5
1
0
0
1
0.666666666666667
1
0.890173410404624
0
0
0.5
0
1
0
0
0.777777777777778
0
1
1
0.829268292682927
1
1
0
0
1
0
0
0.908256880733945
1
0
1
1
1
1
0.824817518248175
1
1
0
1
0.857142857142857
1
0
0.896551724137931
0.777777777777778
1
1
0.75
1
0
0
1
0
0.788235294117647
0.666666666666667
0
1
1
1
1
1
0
0
1
0
0
1
0.827586206896552
1
0
1
0
1
1
1
1
0
1
0
0.666666666666667
1
0
0
1
0
1
0.5
0
1
1
1
1
0
1
0
0.848360655737705
1
0.5
1
0
1
0
0
1
0.906293706293706
0
0
1
0
0
0.92
0
0
0
1
1
1
0
0
1
1
0.9375
1
1
1
1
1
0
1
1
0.833333333333333
1
1
0
1
0
1
1
0
0.888888888888889
0.843621399176955
0
1
1
0
0.944444444444444
0.666666666666667
0
1
0
0
1
0
1
1
0
0
1
1
1
0
1
0.870967741935484
0
0
0.6
0
1
0.75
1
0
1
0.5
0
1
0
1
0
0
1
0
1
0.875
0
0
1
1
0
1
0.5
0.807692307692308
1
1
0
1
0.75
1
1
1
0.903614457831325
0
0
0
1
1
0
0
0
0
0.714285714285714
1
0
0
0
1
1
0
1
1
1
0
0
1
1
1
0
1
0
1
0.871794871794872
1
1
1
1
1
0
0
1
1
1
1
1
1
1
0
1
0.597222222222222
1
0
1
0
1
0
0.777777777777778
1
1
0
0
0.835616438356164
0
1
0.5
0
0
0
0
0
0
0
0
0
1
1
1
0.5
1
0
1
0
0
0
0.849315068493151
1
1
1
0
1
0
0
0
0
1
0.851851851851852
0
1
1
0
1
0
1
1
1
0
0
0.8
1
0
1
0.8
0
1
0
0.8
1
1
0
1
1
1
1
1
0
0
0
0
1
1
0
1
0
0.5
1
1
0
1
0
0
1
1
1
1
0
0
0
0
0
1
0
1
0.904761904761905
1
1
0
0
0
1
1
1
1
0
1
1
0
0
0
1
1
1
0.5
1
0.916666666666667
0.888888888888889
1
0.9375
1
0
0.75
1
1
1
1
0
1
0
1
1
0
0
0
0
0.895833333333333
1
0
0
0
1
1
1
1
0
0
0
0
0
0.893617021276596
0
1
1
1
1
0
0
0
1
0
1
1
1
0
1
0
0
1
0
1
1
1
0
0
0.888888888888889
1
0
1
1
0
0.769230769230769
0
0
0
1
0
0
1
0
1
1
1
0.75
1
1
1
0
0
0
1
1
1
1
1
0
1
1
1
1
0
1
0
0
0
0
0.834757834757835
0.877291960507757
0
0.766169154228856
1
1
0
0
1
1
1
0
0.8
1
1
0
0
1
1
1
0
0
1
0
0
1
1
1
0
1
0
1
1
1
0
0
0
0
0.872433524065971
1
1
0.902173913043478
0
1
1
0
0
1
0.923076923076923
1
1
1
0
0
1
1
1
0
0
1
0
1
0
1
0
1
0
0
1
1
1
0
0
0
1
0.702702702702703
0
0
0.873333333333333
0
1
1
1
1
0
1
0
0.882352941176471
0
1
1
0
1
1
0
1
0
0
0
0
1
1
1
1
0
1
0
1
0.833333333333333
1
1
0
1
1
1
0
1
1
1
1
1
0
0
1
0
0
1
0
0
0
1
1
0
1
0
1
0
0
0
0
1
1
0
0
0
0.833333333333333
0.777777777777778
0
1
1
0
0
1
1
1
0
0
1
1
0
0
0
0.857142857142857
1
0
0
1
0
0
1
1
1
1
0
0
1
1
1
0
0
1
0.778656126482213
1
0
1
1
0.875
1
1
0.764705882352941
0
0
0
0
1
1
1
0
0
1
0
1
0.875
0
1
0
1
1
1
0
0
0
0
0
0.777777777777778
1
0
0
1
0
1
0
1
0
1
0
0
1
1
1
1
0.783783783783784
0
1
0.666666666666667
1
1
0
0
0
1
1
0
0
0
0
1
1
0
0
0
1
1
1
0.837837837837838
0
0.795454545454545
0
0
1
0.5
1
0
0
0
0
0.878787878787879
1
0
0.5
1
0
1
0.851851851851852
0.7
1
1
0.8
1
1
1
1
1
1
1
1
0
1
1
1
0.941176470588235
0
0
1
1
0.875
1
0
1
1
0
1
1
0
0
1
0
1
0
0
0.5
0
0
0
0
0
0
1
0.722222222222222
0
1
1
1
1
0
0.72
1
1
0
1
0
0
1
0
1
1
0
1
1
1
0
1
1
1
0.5
0
0
1
0
1
0
1
1
0
1
0
1
0
1
1
1
0
0
1
1
0
0
1
1
1
0
1
0
0
0
0
1
1
0
0
1
0.91566265060241
1
0
1
0
0
1
1
0
1
1
1
1
0
0.902777777777778
1
0
0
0
1
1
0.333333333333333
1
1
1
1
0
1
1
1
1
0.876288659793814
0
1
0
0
0
1
1
1
0
1
1
1
0
0
1
1
1
0
1
0
0.867109634551495
1
0
0
0
0.879310344827586
0
0
1
0
0.904761904761905
1
1
0.88
0
0.945945945945946
0
1
1
1
0
1
1
1
0
0
1
1
1
0
1
0
1
0
0
0
0
1
1
1
0
1
1
0.666666666666667
1
0
1
1
0
0
1
1
1
1
0
1
0
0
0
0
0
1
0.5
0
0.918918918918919
1
1
1
0
0
0
0
1
1
0
1
1
0
0
1
1
0
1
0
0
0
1
0
0
1
1
0
1
0.666666666666667
1
1
1
0.833333333333333
1
1
0
1
0.666666666666667
1
0
1
0
1
1
0
1
0
1
1
0
1
1
1
0
1
0
1
0
0
1
1
1
1
0
1
0
0
0
0
0
1
1
0
1
1
0
1
0
0
1
0
0
1
0
0
1
0.68695652173913
0
0
1
1
0
1
1
0.545454545454545
0
1
0
0
0.819148936170213
0
0
0
0
1
1
0
0
0
1
0
1
1
1
1
0
0
1
0
1
0
0.833333333333333
1
0
0
1
1
0.5
1
1
1
0
0
1
1
1
1
1
0
1
1
1
0
1
0
0
0
1
1
1
0
0
0
0.8
0
0
0
1
1
1
0.866666666666667
0
0
0
0
0
1
1
0
0
1
0
1
0
1
0.5
1
0
1
1
1
0
0
0
0
0
1
0.75
1
1
0
1
0
1
0
1
1
0
0
1
0.833333333333333
0
1
1
0.833333333333333
1
1
1
0
0
1
1
1
0
1
1
0
1
1
0
0.882352941176471
1
1
1
0
1
0
0
0.907407407407407
1
0
1
1
0
0.823529411764706
1
0
0.918918918918919
0
0
0
0.75
1
0
1
1
1
1
1
0
1
1
0
1
0
1
0
1
1
1
0
0.821428571428571
0
0
0
0
0
0
1
1
1
1
0
0
1
1
0
1
1
1
0.849906191369606
0.666666666666667
1
1
1
0
0
1
0
0
0
1
0
0
0
0
0
0
1
0
0.768115942028985
1
0
1
1
1
0
0.9
0
0
1
0
0
1
0
1
0
0
1
1
1
1
0.885167464114832
0
0
1
0
0.869767441860465
0
1
0
1
0
1
1
1
0.865168539325843
1
0
1
0
0
1
1
1
1
0.8125
0.855855855855856
0
1
0
0
1
1
1
0
0.714285714285714
1
0.888888888888889
0
1
0.957142857142857
1
0
1
1
0
0
0.75
0
1
1
0
1
1
0
0
1
1
1
1
0
0.7
1
0
0
1
1
1
0.86145648312611
1
1
1
1
1
1
0
1
0
0
1
0
0
1
0
1
0
0
0
0
1
1
0.666666666666667
0
0
0
0.86328125
1
1
0
0
0
1
1
1
0
1
0
0
0
1
1
1
1
1
0
0
1
1
1
1
0.75
0
1
1
1
1
1
1
1
0
0.823275862068966
1
1
0
0
1
0
1
1
1
0.8
0.821917808219178
0
1
1
0
1
1
1
0
0.864197530864197
0
1
0
1
1
0
1
0
0
0.78125
0
1
0
1
0
0
1
1
1
0
1
1
0
0
1
0
1
1
1
1
1
0.5
1
1
1
0.75
1
0
0
0
1
0
1
1
1
1
0
1
0
0.915254237288136
0
1
0
0
0
1
0
0.88735632183908
1
1
0
0.839285714285714
1
0.890909090909091
0.854651162790698
1
1
0
0
1
1
1
1
0
1
0
1
0.714285714285714
0
0
1
0
1
1
0
1
0
0
0
0
1
0
0
1
1
0
1
0
0
0
0
1
1
0
0
1
0
1
0
0.5
0
0
0
0
1
0
0.722222222222222
1
0
0
0.883495145631068
0
0
0
0
1
0.88
0
0
0
0
0.333333333333333
0
0.870967741935484
1
0
0
0
1
0
1
1
0
0
1
0.5
0
0
0
0
0
1
1
0.75
1
0
0
0
0
0
0
0
0.875
1
1
1
1
1
0
1
1
0
1
1
1
0
0.8
1
0.919354838709677
0
0
1
0
1
0
0
1
0
1
0
1
0.8
0
0
0
0
1
0
0
1
1
0
1
0
1
1
1
1
0
1
0
1
0
0.766917293233083
0.889502762430939
1
0
0.5
0
1
1
1
0.824468085106383
0
1
0
1
1
1
1
0
0
1
0.901960784313726
1
1
1
1
0
1
0
0
0.923913043478261
1
0
0
0.819444444444444
0
1
1
0
0
1
0
0
1
0.795847750865052
1
1
1
1
0
0
1
1
1
0
0
1
1
1
0
0
0
1
1
0
1
0
0
0
1
0
1
0
1
1
0
1
0
0
1
0.857142857142857
1
1
1
1
1
1
1
1
0.849420849420849
0
1
0
0
1
0
0
1
0
0
1
0
0
0
1
0
1
1
0
0
1
0
1
0
1
0.5
1
1
1
0.866666666666667
0
0
0
1
1
1
0.761194029850746
1
0
1
0
1
0
1
1
1
1
1
0
1
1
0
1
0
0
0.818930041152263
1
1
0
1
1
1
0
0
1
1
1
1
1
0
1
1
0
0.944444444444444
0
1
1
0
0
1
1
0
1
1
1
1
1
0
0
1
0
1
0
1
0.714285714285714
0
1
1
1
1
1
1
0.857142857142857
0.785714285714286
0
0
1
1
0
1
1
0
1
1
1
0
1
1
0
0
0
0
1
1
1
0
0
1
0
0
1
1
0
0
1
1
1
0
1
0.5
0
1
0.333333333333333
1
0
1
0
1
0
0
0
1
1
0
1
0
0
1
1
1
1
0.853846153846154
0
1
0
1
1
1
1
1
0
1
1
1
1
0
0
0
1
1
1
0
0
0
1
1
1
0
0
1
0
1
0
1
1
1
1
1
1
1
1
0.940594059405941
0.5
1
0
1
0
1
1
0
0
0.8
1
0
1
0.875
0
0.860869565217391
0.666666666666667
0
0
1
0
0
1
0
1
0
0
0
0
1
0
1
0
0.75
0
0
0
1
1
1
1
1
1
1
0.887801204819277
1
0
0.5
1
0
1
0
0
0
1
1
0
0
0.845238095238095
0
1
1
0
0
1
1
1
0
1
1
0
0
1
1
0
0
1
1
0
0
0
0
1
1
0
0
1
0
1
0.76
0
1
1
0
1
0
0
1
1
1
0.75
0.733333333333333
1
1
0
0.933333333333333
0
0
1
1
0
1
0
1
0
0
0
0
1
0
0
0.5
0
0
0
1
1
1
0
1
1
0
0
0
0
0
0
1
0
0
1
0
1
0.843137254901961
1
1
0
0
1
0
1
0.333333333333333
1
0.75
1
0
1
0
0
1
1
0
0
0
1
1
1
1
0
0
0
1
0
1
0
1
0
1
1
1
1
1
0.888888888888889
1
0
0
0
0
0
0
0
1
1
0
0
1
1
0
1
1
1
1
1
1
1
0
0
1
1
0
1
1
0.797297297297297
1
1
0
0
1
1
1
1
1
0
0
0
0
1
0.909090909090909
0
0.916666666666667
1
0
1
0
0
1
0
1
0
1
1
0
0
1
0.856540084388186
0
1
1
1
0
1
1
1
0
0
0
0
1
1
0
1
0
0
0
0.878787878787879
0
1
1
0
0.854166666666667
1
0
1
1
1
1
0
1
0
0.919117647058823
0
0
1
1
1
0.333333333333333
0
1
0
1
1
1
1
0
0
1
1
0.903225806451613
0.866952789699571
1
0
0.5
0
0
1
1
0
0
0
0
1
1
0.877049180327869
1
1
1
1
0
0
1
1
0.899311531841652
0
1
0
0
1
1
0.870967741935484
1
1
1
0.777777777777778
1
0.885542168674699
0
0
0
0.333333333333333
0
0.783783783783784
0
0
0
0
1
0.87
1
1
0
1
1
0
0
1
1
1
1
1
0
0
1
1
0
1
0
1
0
1
0
1
1
1
0
1
0
0
1
0
1
1
1
1
0
1
0
0
1
1
1
1
0.5
1
0
0
0
0
1
0
0
1
1
0
1
1
0
1
0
1
1
0
0
1
0
1
1
1
1
1
1
1
0
0
1
1
1
0
1
1
0
0
0.778761061946903
1
0.5
1
0
1
1
1
0
1
1
0
1
0.813432835820896
1
0
1
0
1
1
1
1
0
0
0
1
0
0.883870967741936
1
0
1
1
0
1
0
0
0
0.857142857142857
0
1
1
0
1
0
0
1
0
0
0
1
1
0
1
1
0
1
1
0
0
0
1
0
1
1
0
1
1
1
0
0
0.95
1
0
0
0
1
1
0
1
0
0
0
0
1
1
1
0
1
1
0
0
1
1
1
1
0.818181818181818
1
1
1
0
0.855195911413969
1
0
0
1
1
1
0.5
0
1
1
1
0
1
1
1
0
0
1
0
1
0
1
1
1
0.738636363636364
1
0
0
0.795180722891566
1
1
0
1
1
1
0
1
1
1
1
1
0.926470588235294
0
0
1
0
0
1
1
0
0
0
0
0
0.857142857142857
0
0
0
0.848484848484849
0
0
1
1
1
0
1
1
1
0
0
1
0
1
1
1
1
0
0
1
1
0
0
0
1
0.5
1
0
1
0.5
1
1
0.875
1
1
1
1
0
1
1
0
1
1
0
0
0.866666666666667
0
0
1
1
1
0
0
0
0
0
1
0
0.777777777777778
0
0
0
1
1
0
0
1
0.6
0
0
0
1
0
1
1
0.857142857142857
0
1
1
1
1
0
1
1
0
1
1
0
0
0
1
0
1
1
0
0
1
0
0
0
0
0
0
1
0.875
1
0.877551020408163
1
0
0
0
1
1
1
0
0
0
1
0
0
0
1
1
0
0
1
1
1
0
1
0
1
0
0
1
0
0
1
1
0
0
1
1
0
0
1
0
0
0
1
1
1
1
0
0
1
0
0
1
0.818181818181818
1
1
1
0
0
1
1
1
0
0
1
1
1
1
0.964285714285714
0.876923076923077
0
0
1
1
1
1
0
0
1
1
0
1
0
1
1
0
1
0.846153846153846
1
1
0
0
1
1
0
1
1
1
0
0
1
1
0
1
1
1
0.8
0
0
1
1
1
0
0.911764705882353
1
1
1
1
0
1
0
1
0
0.5
0
0.5
1
1
1
0
1
1
1
1
1
0
0
1
0
0.940298507462687
1
0
1
0
0
1
1
0.954545454545455
1
1
0
0
0
1
0
0
1
1
1
1
0
1
1
0
1
1
1
1
1
0
0
1
0
0
1
0
1
1
1
0
0
1
1
0.846153846153846
0
0
0
0
1
0
1
0
0
0
0.5
0
0
0
1
0
1
1
1
0
1
0
0.831683168316832
0
1
0
1
1
1
0
1
0
0
0
0
0
0.666666666666667
0
1
1
1
0
1
1
1
0
1
0
1
0
1
1
0
1
1
0
0
1
0
0
0
1
0.884133611691023
0
0
1
1
0
0
1
0.875
1
1
0
1
1
0
0
0.865168539325843
0
0
1
0
1
0
0
1
1
0
1
1
1
0
1
0
1
0
1
1
1
0
1
0
0
1
1
0
1
0
1
0
0
0.590909090909091
1
1
0
0
0
1
1
1
1
0
0
1
1
0
1
1
0
0
0
1
0
1
0
0
1
0
0.827586206896552
0
0
0
0.5
0
0
1
0
0
0
1
0
1
1
0
0.5
0
0
1
0
0
1
0
1
1
1
0
0
1
1
1
1
0
0
1
1
1
0
1
1
0
0
0
1
0.857142857142857
0
1
1
0
0
0
0
1
0
0.891156462585034
1
0
1
1
1
1
0
1
0
0
1
1
0.723404255319149
1
1
1
1
1
0
1
0
0.831168831168831
1
1
1
0
1
1
0
1
0
1
0
0
1
1
1
1
0
0.806451612903226
0
1
0
0
0
0
0
0.85
0
0
0
0
0
0
0
1
0
0
0
1
0
1
0
0
0.852941176470588
1
1
0
0
0
1
0
0.666666666666667
0
0
1
0
0
1
0.954545454545455
1
0
1
1
1
1
1
0
1
0
0
0
0
1
0
1
1
0.739583333333333
0
0
0
1
0
0
0
1
0
0
1
0
0
1
1
0
1
1
0
1
0
0
0
1
1
1
0
0
0.888888888888889
0
0.791666666666667
1
1
1
0
1
0.625
0
1
1
1
0
1
0.905660377358491
1
0
1
1
0
0
1
1
0
1
0
1
0
1
1
0
0
1
1
1
0
1
1
0
0
1
1
1
1
1
1
1
1
1
0
0
0
1
1
1
0
0
1
0
1
0
0
0
1
0
1
1
1
1
1
1
1
0
1
0.87459807073955
0
1
1
0
1
0
1
1
0
1
0.772727272727273
1
0
0
1
0
1
0
1
1
1
0
0
1
0.846153846153846
0
1
0
0
0
1
1
0.947368421052632
0
0.891304347826087
0
0
0
0
1
0.822916666666667
1
1
0
1
0
1
1
1
0
0
1
0.871559633027523
0.793103448275862
0.8
0
1
1
1
0
0
0.846153846153846
0
0
0
0
1
0
1
0
0
0
1
0
0
1
1
0
0
1
0
1
0
0
1
1
0
0.804878048780488
1
1
0.625
0
0
0
1
0
1
0.666666666666667
0
1
1
1
0.865384615384615
0
1
0.5
1
1
1
0.714285714285714
1
1
1
1
0
0
0
0
1
1
1
0
1
0.912698412698413
1
1
1
1
0
1
0
0
0
1
1
0.75
0
1
0
0
0
0.891625615763547
1
0.828828828828829
1
1
1
1
0
0
0.885869565217391
0
0
0
0
0.666666666666667
1
0
1
0
0
0
1
0
1
0.666666666666667
0
1
0
1
1
1
1
1
1
0
0.884297520661157
0.5
0
1
1
1
0
0
1
0
0.858974358974359
0
1
1
1
1
1
0
0
0
1
1
0
0
0.826923076923077
0
0.5
0
0
0
1
1
0
0
0
0
0
1
0
0
0.936170212765957
1
1
0
0.877551020408163
0.826086956521739
0
1
1
1
1
1
0
1
0
0
1
1
1
0
0
0
0
0
0
0
1
0
0
0.813880126182965
1
0
1
0
0
1
0
1
0
0
1
0
0
0
0
0
0.880829015544041
0
0
0
1
1
1
0.85
1
0
1
0
1
0
0
0
0.871508379888268
1
1
0
0
0
1
1
0
1
1
0
0.83695652173913
0
1
1
1
0
0
0
1
0
1
0.870445344129555
1
0
1
1
0.838709677419355
1
1
0.666666666666667
1
1
0
0
1
0
0
0
1
0
0
0
0
0
1
0
1
0
0
1
0
0.878787878787879
1
0
1
1
1
1
0
1
0
1
0
0.783783783783784
1
1
0
0
1
1
0
0
1
0
0
1
1
1
1
0
1
0
0
0
1
1
1
0.823529411764706
0
0
1
0
0
0
0
0
0
1
1
0
1
1
1
1
0
1
1
0
0
0
0
0
1
0
1
0
1
0
0
0
0
1
0
1
0
0
1
0
1
1
0
1
1
0
0
0
0
1
1
0
0
1
1
1
0
1
0
0
0
0
0.818181818181818
1
0
0
1
0
0
0
0
1
1
0
0
0
0
1
1
0.8
0
1
0
1
1
1
0.909090909090909
0
0
1
1
0
0
1
1
1
1
0
0
0
0
1
1
1
0.893333333333333
0
0
0
1
0.872122762148338
1
1
0
1
1
1
1
1
1
1
1
0
0
0
1
1
0.5
0
0
0
1
0
0
1
0
1
0
0
1
0
0
1
1
1
1
1
1
1
0
1
1
1
1
1
1
0
1
0
1
0
1
1
0
1
1
0
1
0
1
1
1
0
1
1
1
1
0
0
0.951807228915663
1
1
1
0
1
1
0
0
1
0
0
1
1
0
0
0
1
1
1
1
0
0
0.722222222222222
1
1
1
1
0
1
1
1
0
0
0.5
0
0
1
1
1
1
0
0.923566878980892
0
1
1
1
1
1
0.906976744186046
1
0
0
0
1
1
0
1
1
0
1
0
1
0
0
1
1
0
0
1
1
1
0
0
0.880208333333333
1
0
0
1
0.845588235294118
0
0
0
0.5
1
1
0
0
0
1
1
1
1
0
1
0
1
1
1
1
0
0
0
0
1
1
1
0
1
1
0
0
1
0
0
1
0
1
1
0.5
0
0
0.777777777777778
0
1
0
1
1
1
0
0
0
0
1
0
0
0
0
1
0
0.853535353535353
1
1
0
1
0
1
1
0
1
0
1
1
1
0
0
0
0
1
0
1
0
0
1
0
0
0
1
0
0
0
0
1
0
1
0
0.8
0.745762711864407
0
0
0
1
1
1
1
1
0
0
1
0
0
0
0
1
0
0
0
1
1
0.823529411764706
1
1
1
1
0
1
1
1
0
0
1
1
0
1
0
0
0.811594202898551
1
1
1
1
1
0
0
1
0
1
1
0
0
1
1
0
1
1
0
1
0
0
0
1
0
0
0
1
1
1
0
0
0
0
1
1
1
0
0
1
1
1
0
0
0
0
0
0
1
0
0
0
1
0
0
0
1
1
1
1
1
1
0
0
1
1
1
0
1
0
0
1
1
1
0
0
0
1
1
0
1
1
0
1
0.830645161290323
0
0
1
0
1
0
0
0
1
0
0
0.926829268292683
1
1
0
0
1
0
0
1
1
0.75
1
1
1
0
0
0
1
0
1
0
1
0
1
1
0
0
0
1
0
0
0
0
1
0
0
0
1
1
1
1
1
1
1
1
0
0
0
1
0.857988165680473
1
0
1
1
0
0
0
0.78125
0
0
1
1
1
1
1
0
0
0
1
0
1
0
0
0
0
1
1
1
0
0
1
0
1
0
1
0
0
0
0
0
0
0
1
1
1
0
1
0
0
0.925
1
1
1
1
1
0.863013698630137
0
0
1
1
0
0
1
1
0
0
0
0
0
1
1
0
0
1
1
0
0
1
0
1
1
0.5
1
0
0
1
0
1
1
1
1
0
0
0
1
1
1
1
1
1
0
0
0
0
0
0
0
1
0
0
1
1
0
1
0
0
0
0
1
1
1
0
1
1
1
0
0
1
0
0
0
0
1
1
0
1
0
0
1
0
1
0
1
0
0
0.7
1
0
0.903614457831325
0
0
0
0
1
0.806451612903226
0
0
1
1
0.642857142857143
1
1
1
0
0.822222222222222
1
1
0
1
1
0
0.819444444444444
0
0
0
1
0
1
0.5
0
0
1
1
1
0
1
1
0
1
0
1
1
0
1
0
0
1
0.836734693877551
0
1
0.846153846153846
1
1
0.96
1
1
0
1
1
0
0
0
1
0
0
0
0.75
1
0
1
0
1
0
0.867924528301887
1
0
0
0
0
0.8
1
1
0.850993377483444
1
1
0
1
0
0
0
1
1
0
0
1
0
1
1
1
1
0
1
1
1
0.978260869565217
1
1
0
0
0
0
0
0
1
1
0
1
1
0
1
0
1
1
1
0
0
1
1
1
0.865079365079365
1
0
0
1
0
0
1
0
1
1
0
1
1
1
1
1
1
1
0.871428571428571
0
0
1
1
0
0
0
0
0
0
0
0
0.833333333333333
0
1
0
1
1
1
0
1
0
0
1
1
1
0.798657718120805
1
0
0.916666666666667
1
0
0
0
1
1
0
1
1
0
0
1
0.876315789473684
1
0.909090909090909
0
1
1
0.5
1
1
0
1
0
0
0
1
1
1
0
0
0
0
1
1
1
0
1
0
1
0
1
1
0
0.8
1
0
0
0.5
0
0
1
0
1
0
1
0
1
0
1
0
1
1
0
1
1
1
0
0
0
1
1
0
1
1
0
1
1
0
0
1
1
1
0
1
1
1
1
1
1
1
1
0
1
0
1
1
0
0
0
1
0
0
1
1
0
1
0
1
1
1
1
1
0
1
1
1
1
0
0
0
1
1
0
0
1
0.897446630389284
0
0
1
1
0
1
1
1
0
1
0
0
0
1
1
1
1
1
1
1
0
0
1
0
1
0
1
0.879581151832461
1
1
1
1
1
1
0
0
1
1
0
0
1
0
1
1
0.87984496124031
0.5
1
0
0.787234042553192
0
1
0
1
0
0
0
0.865384615384615
1
0
0
1
0
1
1
1
1
1
0
0
1
1
0
0
0
0
1
0
0.86
1
0
0
1
0
1
1
0
0
0
0
0.911823647294589
1
1
0
1
0
1
0
1
1
0
0
0
0
0
0
0
0
0
1
0
0
1
1
1
1
0
0
1
0
0
0
1
0
0
1
0.91358024691358
0.857142857142857
1
0
1
1
1
0
0.666666666666667
0
0
1
0
0
0
0
0
1
1
0
0
0.860759493670886
0
0
1
0
1
0
1
1
1
0
1
0
0.825581395348837
0
1
0.8
0
0
1
0
1
1
1
1
1
0
0.848484848484849
1
0.92
1
0
1
1
0
1
1
1
1
1
1
1
1
1
1
0
1
1
1
0
1
0
1
0
1
0
1
0.864864864864865
0.75609756097561
0
0
1
0
1
1
0
1
1
0
0
1
0
1
1
1
0
1
1
1
0
1
0
1
1
0
0
1
1
0
0
1
1
1
0
1
1
1
0
0.825
0
1
1
1
0
0.857142857142857
0
1
0
0
1
1
0
1
0
1
0
0
0
1
1
1
0
0
1
1
0
0
1
1
1
0
1
1
0
1
0
1
0
0
0
0
1
1
1
1
1
1
0
0
0
1
0
1
1
1
0
0
0
1
1
1
0
1
1
1
1
0
0
0
1
1
1
1
1
0
1
0
0
1
1
1
1
1
0
1
1
1
0
1
1
0
1
0
0
0
0
1
1
0
0.5
0
0
1
0
0
1
0
1
0
0
0
1
0
0
1
0
1
1
1
0
1
1
1
0
0
0
0
1
0
1
0
1
0
0
0
0
1
0
1
0
1
1
0
0
1
0
1
0
0
0
1
1
0
1
0
1
1
1
0
1
1
1
1
0
0.333333333333333
0
1
0.736842105263158
0
1
0
1
0
1
0
1
0
1
0
0
1
1
0
0
0
0
0
1
1
1
0
1
1
0
1
1
0
1
1
1
1
0
1
0
1
0.879310344827586
0
1
1
0
1
0.5
0
1
0
1
0
0
1
0.75
0
0
1
1
1
0
0
0
1
1
0.905405405405405
0
0
1
0
0
0
0
1
1
1
1
0
1
1
1
1
0
0
0
1
1
1
1
1
1
1
1
1
0
1
0
1
1
1
0
0
1
1
1
0
1
0.819444444444444
0
0
0
1
1
1
0
0
0
1
1
1
0
1
0
0
1
1
0
0
0
1
1
0
0
1
0.875
1
1
1
1
1
1
0
1
1
1
0
0
0
1
0
0
1
0
1
0
0
0
1
1
0
1
1
0
1
1
0
0
1
0
0.88659793814433
1
1
0
1
1
1
0
1
1
1
1
0
0
0
0.5
1
0
0
0
0
1
0
1
1
0
1
1
1
0
0
0
0
1
0
0
1
0
0
1
0
0
1
0
1
1
0
0.6
0
1
1
0
0
0.875
1
1
1
1
1
0
0
1
0
1
0
0
0
0
0
1
1
0.777777777777778
0
1
1
0
1
0.814814814814815
0
1
1
1
1
0
1
1
0
1
0
0
0.961538461538462
0
0
0
0
0
1
0
0.830188679245283
1
1
0
0
0
1
0
1
1
0
0
1
0
1
1
0
0
1
0
0
1
0
1
0
1
0
0
1
1
1
1
1
1
0
0
1
1
1
1
0
0
1
0
0
0
0
1
1
1
1
1
0
0
1
0
0
0
1
0
1
0
0
1
0
0
0
0
0
0
1
1
1
0
0
0
0
0
0
1
1
1
0
1
0
0
0.887096774193548
1
0.75
1
1
0
0
0
0
0
0.859649122807018
0.895432692307692
0
1
1
1
1
0
1
1
1
0
1
1
1
1
1
0
0
1
1
0
1
0
0
1
1
0
1
0
1
0
0
1
0.844155844155844
0
0
1
0
0
1
0
0
1
0
0
0
1
1
1
1
1
0
0
0
0
1
1
0
1
1
1
0
1
0
0
1
0
1
1
1
1
0
1
1
1
1
0
0.888888888888889
0.735849056603774
0
1
0
0
0.862068965517241
0
1
1
1
0
0
0
0.902439024390244
1
0
0
1
0
0
0
0
0
0
0
1
1
0
1
1
0
0.866666666666667
1
0
0
0
0
0
0
0.75
1
1
0
0
1
0
1
0
0
0
1
1
1
0
0
0.833333333333333
1
1
0
1
1
0
1
1
0.916666666666667
1
1
0
1
1
1
0
0
1
1
0
1
1
0
0
0
1
0
0
1
0
0
0
0
1
0
1
0.95
1
1
0
1
1
1
1
0.958333333333333
1
1
1
0
0
0
0
1
0
1
0
1
0
0
0
1
0
1
0.615384615384615
1
0
1
0
1
1
0
1
0
1
1
0
0
0
1
0
1
0
1
0
1
1
0
0
1
1
0
1
1
0
1
1
1
1
0
0
0
0
0
0
1
0
1
1
0
1
0
1
0
1
1
1
0
1
0
1
1
1
0
0
0
0
1
0
1
0
0
1
0.692307692307692
1
0
1
1
0
1
1
1
0
0
1
0.75
1
1
1
1
0
1
0
0
1
1
0
1
0.780821917808219
1
1
1
1
0
0
0
1
0.890295358649789
0
0
1
1
1
1
1
1
1
1
0
0
0
1
1
0
1
1
1
0
1
1
0.915904936014625
1
1
0
1
1
0
1
1
1
1
0
0
1
1
0
1
1
0
1
1
1
1
1
1
0
0
0
1
0.831501831501832
0
0
0
1
0.939393939393939
1
0
0
1
0
0
1
1
1
1
0
0
0
0
0
1
1
1
1
0
1
1
0.8
1
1
1
0
1
0
0
0
0
1
0
0.761904761904762
1
0
1
0
0
0
0
1
1
0
0
1
1
1
0.818181818181818
0
1
1
0
1
0
0
1
1
0
1
0
0
0
1
0
1
0
0
0
1
1
0
1
1
1
1
0
0
0
1
0
1
1
1
0
1
1
0
1
1
1
1
0
0
1
0
0
1
1
0
1
0.735294117647059
1
0
1
0
0.666666666666667
0
0
0
0.5
1
0.967532467532468
1
0
0
0
0
1
1
1
0
0
0
0
1
0
1
0
0.75
0
0
0
1
0
1
1
1
0.885714285714286
1
1
0.81294964028777
1
1
0
0
1
0
1
0
1
0
0
1
1
1
1
0
0
0
1
1
1
1
0
1
0.845070422535211
1
0.75
1
0
1
1
0
1
0.888888888888889
1
0
0
0
1
1
1
0
0.8
1
1
0
0
1
0
1
1
0
0
0
1
1
1
0.941176470588235
0
1
1
0
0
0
0
1
0
1
0
0
1
1
0
1
1
0
1
0
1
0.851851851851852
0
0
1
1
1
1
1
0
1
1
0
0
1
1
1
0
1
1
1
0
1
0
1
1
1
0
0.941605839416058
1
0
1
1
1
0
0
0.80952380952381
0
1
0
1
0.92
1
0
0
1
0
1
1
1
1
1
1
0
1
1
0.850746268656716
1
1
1
0
1
1
0
1
1
1
1
0
1
0
0
0
0
0
0
0
1
0
0
0
0
0
0
1
0
1
1
0
1
0
0
1
0
0.666666666666667
0
1
0
0
1
1
1
0
0
1
0
1
0
0
1
1
1
0.877630553390491
1
1
1
0
0.851063829787234
0
0
0
1
0.583333333333333
0
1
0
1
1
0
1
0
1
0.666666666666667
0
0
0
0
1
1
0
1
1
1
0
1
1
0.863636363636364
1
1
0.5
0
1
0
0
0
0
0
0
0
1
0
0
1
1
0
1
0
0
0
1
0
0
1
1
1
0
1
1
1
1
0
0
1
1
1
1
0
0
1
1
0
1
1
1
0
1
0
1
0
1
0
1
0.866666666666667
1
0
0.818181818181818
0
0
1
1
1
1
0
0.853658536585366
0
0
1
1
0
0
1
0
0.857142857142857
0
1
0
1
1
1
1
1
0
1
0
1
0
1
0.84
0
0
0
1
0.903225806451613
0
1
1
1
1
0.894736842105263
1
1
1
1
0
1
0
1
1
0
0
0
1
0
1
1
1
0
1
1
1
1
1
0
1
0
1
1
0.8
1
0.875
0
0
1
0
0
0
1
1
1
1
1
0
0
0
0
0
1
0
1
0
0
1
0
0
0
1
0
1
0
1
1
1
1
1
0
1
1
1
0
0
0.9375
0.775510204081633
0
1
0
1
1
1
1
1
1
0
0
0
0
0
0.885093167701863
0
0
1
0
1
0
0
0.769230769230769
0
0
0.710982658959538
1
1
1
1
0
1
0
0.869565217391304
1
1
1
0
1
0
0
1
1
0.90625
1
0
1
0
1
1
1
1
1
1
0
0
0
0
1
0
0
0
0
1
0
0
0
1
0
1
1
0
1
1
0
1
1
0
1
1
1
1
0
0
0
0
1
1
1
0
1
0
1
1
1
0
0
1
1
0
0
1
1
0
0
0
1
1
0
1
1
0
1
1
0
1
0
1
1
0
0
1
0
1
1
0
0
0
1
1
0.805970149253731
1
0
0
0
0
0
1
1
0
0
0
0
0
0
1
1
0
1
1
0.75
0
1
0
0
0
0
1
1
1
0
1
1
1
0.866666666666667
1
0
0
0.777777777777778
0
0.727272727272727
0
0
1
0
0
0
1
0
0
0
1
0
0.966666666666667
1
0
0
0
0
0
1
0.884816753926702
1
1
0
1
1
1
1
0.846846846846847
1
0
0.808823529411765
0
0
1
1
0
1
0
0
0
0
1
0
0
0.884615384615385
1
1
1
1
1
0
1
1
0
0
1
0
0
0
1
1
1
1
0
1
0
0
1
1
0
0
1
0
0.824817518248175
1
0
0
0
0
0
0.75
0
1
0
1
0
0.878048780487805
0
1
0
1
1
0
1
1
0
0
1
1
0
1
1
0
0.833333333333333
1
1
0
1
1
0
0
1
1
0
0
1
0
1
0
0
1
0
0
0
1
0
0
1
0
0.714285714285714
1
1
0
0
0
0
0
1
1
0.824817518248175
1
0
0.847826086956522
0
0
1
1
1
1
1
0
1
0
1
1
1
1
0.6
0
1
1
1
0
0
1
1
0
1
0
1
0
0
0
1
0
0
1
0
0
1
1
1
1
1
1
1
1
1
1
1
1
1
1
0.772727272727273
1
0.862589928057554
1
0
1
0
0
0
0
0
1
1
0
1
0
1
1
0
1
0
1
0
1
1
0
1
1
0
1
0
0
1
1
0.809090909090909
0
1
1
1
0
0
1
0
0.846153846153846
1
0.5
0
0
1
1
0
1
1
0
1
1
0
1
1
1
0
0
0
1
1
0
1
0
1
0
1
1
0
1
1
1
1
0
0
0
0
1
0
1
0
1
1
0.823529411764706
0
0
1
0
0
0
0
1
0.883116883116883
1
1
0
1
0
1
0
1
0
0.872146118721461
1
1
1
1
0
1
0
0
0
0
1
1
1
1
1
0
1
1
1
0
0
1
0
0
0
1
0
0
1
0
1
0
1
0
1
0
0
0
0
0
0
1
0
0
1
0
0
0
0
1
1
1
0
0
1
0
0
0
0
0
1
0
1
0
1
1
0
0
0
1
1
1
0
0
0
0
0
1
1
0
1
0
0.95
1
0
1
1
1
1
0
0.8
0
0
0
1
1
0
0
0
1
0.893229166666667
0
0.936842105263158
0.9
1
1
0
1
0
0
0
0
0.846153846153846
1
0.921052631578947
1
0
1
0
0
1
0
0.888888888888889
0
1
0
1
1
0
0
1
1
0
0
1
1
1
1
0
0
1
1
0
0
1
0
0
1
0
0
0
1
0.791666666666667
0
0
1
0
0
1
1
1
1
0
0
1
1
0
0.89247311827957
0
0
0
0
1
1
0.5
0
0
1
1
1
1
0
1
1
1
0
0
1
0
1
1
0
0
0.751898734177215
1
1
0
1
0
0.811643835616438
1
0
1
0
0
1
0
1
0
1
1
0
1
1
0.846153846153846
1
0
0
0
1
1
0.853932584269663
1
1
0
1
1
0
1
0
0
0
0
1
1
0
1
0.883333333333333
0.885416666666667
0
1
1
0
1
0
1
0.892857142857143
1
0
1
0.875
0
0.852713178294574
0
0
1
0
1
0
1
1
0
0
0
0
1
0
0
1
1
1
1
0
0
0
1
0
0
0
0
1
0
1
1
1
1
1
1
0
1
1
0.953488372093023
1
1
1
0
0
1
0
1
0
1
1
1
0
0.851351351351351
1
0
0
0
1
1
1
1
1
0
1
0
1
1
0
1
0
1
0
1
1
1
0
0
0
1
1
0
1
0
0.928571428571429
0
0
0
0
1
0.857142857142857
1
1
1
1
0
1
0
0
0
1
0.75
1
0
0
0.8
1
0
0.833333333333333
1
1
0
1
0
1
0
0.666666666666667
0
1
1
0
0
1
0
1
0.923076923076923
1
0
1
0
0
0
0
0.666666666666667
1
0.333333333333333
0.84
1
0
0
0
1
0
1
1
0
1
0.875
1
1
0
0
0
1
0
0
0
0
0
0
0
0
0
1
1
0
1
1
1
0.9375
1
1
0
0
1
1
1
1
0
0
0
1
1
1
1
1
0
0
1
0
1
0
0
0
1
0
0.740740740740741
0
1
1
1
1
0.911764705882353
0
0
0
1
0
0
0
1
1
1
0
1
1
0
0
0
0
0
0
1
0
0
0
0
0
1
0
1
0.5
0.75
0
0.75
0
1
1
0.9
1
1
0
0
0
0
0
0
0
0.888888888888889
0
0
0
0
0
1
1
0
0
0
0
0
0
1
0
0
0
1
1
0
1
1
0
0
0
0
0
0
1
0
0
0
1
1
0.827586206896552
0.5
0
0
0
1
0
1
1
0
0.903225806451613
0
1
1
0
1
0
0
1
1
1
1
1
0
1
0
0
0
0
0.842857142857143
0
1
0
0
0
1
1
1
1
1
1
0
0
0
1
0
0
1
0
1
0
0
0
1
1
1
0
0
0
0
1
1
0
1
1
0
1
0
0
0
0
0.333333333333333
0
1
0
0.861111111111111
0
0
0
0
1
0
0
0
0
1
1
1
0
0
0
0
0
0
0
1
1
0
0
1
1
1
1
0
1
0
1
0
0
1
1
0
0
0
1
1
1
1
0
0.956521739130435
0
0
0
1
1
0.85792349726776
0
1
0
1
1
1
0
1
0
0
0
0
0
1
0
1
0
1
0
0
0.5
0
1
0.5
0
1
0
1
0
0
1
0
1
1
1
0
1
0
0
0
0
0
0
0
1
0
0
0.933333333333333
0
0
1
1
0.666666666666667
0
0.927442949093037
0
0.5
0.285714285714286
1
0
0
0
1
1
0
1
0
0
0
1
1
0
1
0
0
1
0
0
0
0
0
1
0
0
0
0
0
1
1
0.555555555555556
1
0
0.5
0.944444444444444
1
0
1
0.5
1
1
0.769230769230769
0
1
0
0
0
1
0
0
0
0
0
0
1
0
0
0
1
0
0.827586206896552
1
0
0.666666666666667
0
0
0
0
0
0.857142857142857
0
0
1
0.75
1
0.0943396226415094
1
0
0
0
0.8
1
1
0
0
0
0
0
1
0
0
0
0
0
0
0
0
0
0
0
0
0.666666666666667
1
1
0
0
1
0
1
0
0
1
0
1
1
0
1
0
0
0
0
0
0
1
0
0
0
0
0
0.923076923076923
0.692307692307692
1
1
0
0
1
1
0
1
0
0
0
0
1
0
0
0
0
0
0
0
0
0
1
1
0
1
0.666666666666667
1
0
0
0
0
0
0
0
0
0
0
0
0
1
1
0
1
1
0
0
0
0
0
0
0
0.806451612903226
1
1
1
0
0
0
0
1
0
0
0
0
0
0
0
1
1
0
0
0
1
0.142857142857143
1
0
0
0
0
1
0
0
0
0
0
0
0
0
0.5
1
1
1
0
0
0
1
0
0
0
0
0
1
0
1
0
0
0
1
0.75
0
0
0.5
0.933333333333333
0
0.666666666666667
0
0
1
1
1
0
0
1
0
0
0
0
1
0
0
0
0.4
0
0
0
0
1
1
0
0
0
0
0
0
0
0
1
0
0
0
0
0
0
0
0
0
0
1
0
0
0
0
1
0.5
0.976744186046512
1
0
1
0
0
0
0
1
0
0
0
0
0
0
0
0
1
1
1
1
1
0
0
1
0
0
1
1
0
1
0
0
0
1
0
1
0
0
1
0
0
0
0
1
0
0
0
0
0
0
0
0
0
0
0
0.833333333333333
0
1
1
0
0
0
0
1
0
0
0
1
0
0
0
0
0
0
1
0
1
1
0
0
0
0
0.95
0
1
0
0
1
0
0
0.666666666666667
1
0
1
0
1
1
0
0
0
0
0
0
0
0
0
0
0
0
1
1
0
1
1
0
0
0
0
0
0
0
0
0
0
1
0
1
1
0
0
0
0
0
0
0
0
1
0
0
0
0
0
0
0
0
0
0
0
0
0
0
0
0
0
1
0
1
1
0
1
1
0
1
0
0
0
0
0
0
0
0
0
1
0
0
0
1
1
0
0
1
0
0
1
0
0
1
0
1
0
0
0
0
0
0
0
0
0
1
0
0
0
1
0
0
0
1
0
0
0
0
0
0
0
0
0
0
0
0
0
0
0
0
0
0
0
0
0
1
0
0
0
0
0
0
1
1
0
0
0
0
1
0
0
0
0
0
0
0
1
1
0
0
0
0
0
0
0
0
0
1
0
0
0
0
0.5
0
0
0
0
0
0
0
0
0.85
1
0
1
0
1
1
0
0
1
0
0
1
1
0
0
0
0
0
0
0
1
1
0
1
0
0
0.5
0
0
0
0
0
0
0
0
0
0
0
1
0
0
1
0.666666666666667
0
0
0
0
0
0
0
0
1
0
0
0
0
1
0
0
0
1
1
1
0
1
0
0
0
0
0
0.5
0
1
0
0
0
0
1
1
0
0
0
0
0
0
0
0
1
0
1
1
0
1
0
0
0
0
0
0
0
0
0
0
1
0
0
0
0
0
0
1
1
0
0
0
0
1
1
0
0
0
0
0
0
0
0
1
0
0
0
0
0
0
1
0
1
0
0
0
0
0
0
0
0
0
0
0
0
0
0
1
0
0
1
0
0
0
1
0
0
0
0
0
1
0
0
0
1
0
0
1
0
1
0
1
0
0.852459016393443
1
0
1
1
0
0
0
0
0
0
0
0
0
0
1
1
0
0.972222222222222
0
0
0
0
0
1
0
0
0
1
0
0
0.823529411764706
0
0
0
0
0
1
0
1
0
0
0
0
1
0
0
0
0
0
0
0
0
0
0
0
0
0
0
0
0
0
0
0
0
1
1
0
0
0
0
0
1
0
1
0
0
0
0
0
0
1
0
0
0
1
1
0
0.5
0
0
0
0
1
0
0
0
0
0
0
0
0
1
0
0
0
0
0
0
1
0
0.805194805194805
0
0
1
0
0
0
0
1
1
0
0
0
1
0
0
0.75
0
0
0
1
0
1
0
0
0
1
0
0
0
0
1
0
0
0
0
1
1
0
0
0
1
1
0
0
0
1
0
0
0
0
0
1
0
0
0
0
0
0
0
0
0
0
0
0
0
1
1
0
1
0
0
1
0
0
0
0
0
0
0
0
0
0
0
1
0
0
0
0
1
0
0
0
1
1
0
0
0
1
0
0
0
0
0
1
0
1
0
0
0
0
0
1
0
0
0
0
1
0
0
0
0
0
1
1
0
1
0
1
0
0
0
0
0
0
1
0
0
0
0
0
0
0
0
0
0
0
0
0
0
0
1
0
1
0
0
0
1
0
0
0
0
0
0
0
0
0
1
0
0
1
0
1
1
0
0
0
1
0
1
0
1
0
0
0
0
0
1
1
0
0
0.875
1
0
0
0
0
0
0
0
1
0
0
1
0
0
0
0
0
1
0
0
0
1
0
0
0
0
0.898305084745763
0
1
0
0
0
0
0
0
1
0
0
0
0
0
0
0
0
0
0
0
0
0
0
0
0
0
0
0
0
1
1
0
0
0
0
0
0
1
0
0
1
0
1
0
0
0
1
0
0
0
0
0
0
1
0
1
0
0
0
0
0
0
0
0
0
0
0
0
0
0
0
0
1
0
0
1
1
0
0
0
0
1
0
0
0
1
0
1
0
0
0
0
0
0
1
0
0
0
1
0
1
0
1
1
0
1
0
0
0
0
1
0
0
1
1
1
0
0.666666666666667
1
0
0
0
1
0
0
0
1
0
0
0
0
1
0
0
0
0
0
0
0
1
0
0
0
0
0
0.666666666666667
0
1
0
1
1
0
0
1
0
0
0
0
1
1
0
0
1
0
1
0
1
0
0
0
0
0.5
0
0
1
0
1
0
0
0
0
0
1
0
0
0
0
0
0
0
0
0
0
0
0.333333333333333
0
0
0
1
0
0
0
0
0
0
1
0
0
0
0
0
0
0
0
0
0
0
0
0
1
1
1
0
0
0
1
0
1
0
0
0
0
0
1
0
0
0
0
0
0
0.481481481481481
0
1
0
0
0
0
0
0
1
0
0
0
0
1
0
0
1
0
1
0
0
0
0
0
0
0
0
0
0
0
0
0
0
0
0
0
0
0
0
1
1
1
0
0
0
0
0
0
0
0
1
0
0
0
0
0
0
0
0
0
0
0.909090909090909
1
1
0
1
0
0
0
0
0
1
0
1
0
0
1
0
0
1
0
0
0
0
0
0
0
1
0
0
0
1
0
1
0
1
1
1
1
0
0
0
0
0
0
0
0
0
0
0
0
0
0
0
0
0
1
0
0
0
0
0
0
1
1
0
0
0
0
0
0
0
0
0
0
1
0
0
1
0
1
0
0
0
0
1
0
0
1
0
0
0
0
0
1
0
1
0
0
0
0
0
0
0
0
0
0
0
0
0
0
0
0
0
0
1
0
0
0
0
0
0
0
0
0
1
0
0
0
0
1
0
0
0
1
0
0
0
0
0
0
0
0
0
0
0
0
0
1
0
0
1
0
1
0
0
0
0
0
0
1
1
1
0
0
0
0
0
0.888888888888889
1
1
0
0
0
0
0
0
1
0
0
0
0
0
0.85
0
0
0
0
1
0.756756756756757
1
0
0
1
1
0
1
0
0
0
0
0
1
0
1
1
1
0
0
0
0
1
0
1
0
0
0
0
0
1
1
0
0
0
0
1
0
1
0
0
0
1
0
0
1
1
0
0
1
0
1
0
1
0
0
0
0
0
1
0
1
0
0
1
0
1
0
0
0
0
0
0
0
1
1
0
0
0
0
0
0
0
0
0
0
0
0
0
1
0
0
0
0
1
0
0
0
1
0
0
0
0
0
0
0
0.5
0
0
1
1
0
0
1
0
0
0
0
0
0
0
0.5
0
0
0
0
1
0
1
0
0
1
0
0
0
0
0
0
0
0
0
0
0
0
0
1
0
0
0
0
0
1
0
0
0
0
0
0
0
0
0
0
0
0
0
0
0
0
0
0
1
0
0
0
0
0
0
1
0
1
0
0
0
1
0
0
0
0
1
0
0
1
0
0
0
0
0
1
0
0
0
0
0
0
1
0
0
0
0
0
1
0
0
0
1
1
0
0
0
0
0
0
0
0
0
1
0
0
0
0
0
0
0
0
0
0
0
0
0
0
0
0
0
1
0
0
1
0
0
0
0.909090909090909
0
0
0
0
0
0
1
0
0
0
0
0
0
0
0
0
0.901162790697674
0
1
0
1
0
0
0
0
0
0
0
0
0
0
0
0
0
1
0
0.5
0
1
1
0
0
1
0
0
0
0
0
0
1
0
1
0
0
0
1
0
1
1
0
0
1
0
0
0
0
0
1
1
0
0
0
0
1
0
0
0
0
0
0
0
0
0
0
0
0
0
0
0
0
0
0
0
1
0
0
0
0
0
0
0
0
0
0
0
0
1
0
0
0
0
0
1
0
0
0
1
0
0
0
0
0.928571428571429
1
0
0
0
0
0
0
0
0
0
0
0
1
0
0
0
0
0
1
0
0
0
1
0
0
0
1
0
0
0
1
1
0
0
0
0
0
0
0
0
0
0
0
0
0
0
0
1
0
0
0
0
0
0.545454545454545
0
0
0
0
0
0
0
0
0
1
0
0
0
0
1
0
0
1
0
0
1
0
0.904761904761905
0
0
1
0
0
0
0
1
0
0
0
0
0
0
1
1
1
0
0
1
0
0
0
0
1
0
0
0
0
0
0
0
0
0
0
0
0
0
0.785714285714286
0
0
0
0
0
0
0
0
0
0
0
1
0.952380952380952
0
0
0
1
1
0
0
0
0
1
0
0
1
0
1
0
0
1
1
1
0
0
0
1
0
0
0.875
0
0
1
0
1
1
0
0
0
0
0
0
1
0
0
0
0
0
0
1
0
1
1
0
0
0
0
0
0
0
0.5
0
0
1
1
0
0
1
0
0
0
1
0
0
0
0
0
1
0
0
0
0
0
0
0
0
1
0
0
0
0
1
0
0
1
0
0
0
0
0.833333333333333
0
0
0
0
0
0
0
0
0
0
0
1
0
0
0
0
0
0
0
0
0
1
0
1
0.8
0
0
0
0
0
0
0
0
1
0
0
0
0
0
1
0
1
0
0
0
1
0
0
1
1
0
0
0
1
0
0
0
0
0
0
0
1
0
0
1
0
0
0
1
1
1
0
0
0
1
1
0
0
1
0
0
0
0
0
0
0
0
0
0
0
0
1
0
0
0
0
0
1
0
0
0
0
0
0
0
0
0
0
1
0
0
1
0
1
0
0
0
1
0
0
0
0
0
0
0
0
1
0
1
0
0
1
0
0
0
0
0
0
0
0
0
0
0
0
0
0
0
0
0
0
0
1
0
0
1
0
0
0
1
0
0
0
0
0
1
1
0
1
0
0
0
0
0
1
1
0
0
0
0
0
1
0
0
1
0
0
0
0
1
0
1
1
0
0
0
0
0
0
0
0.882352941176471
0
0
0
0
0
0
0
0
0.333333333333333
0
0
1
0
0
0
0
0
0
0
0
1
0
1
1
0
1
0
0
1
0.756410256410256
1
1
0
0
1
0
0
0
0
0.864864864864865
0
0
0
0
0
0
0
0
0
0
0
0
0
0
0
0
0
0
0
0
0
0
0
0
1
0
0
0
0
0
0
0
0
0
1
0
0
0
0
0
1
1
1
0
0
0
1
0
0
0
0
1
0
1
0
0
0
1
0
0
0
0
1
0
0
0
0
0
0
0
1
0
0.916666666666667
0
0
0
0
0
0
1
0
0
0
0
0
0
0
0
1
0
0
0
0
0
1
0
0
0
0
0
0
1
0
0
0
0
0
0
0
0
0
0
0
1
0
0
0
0
0
0
0.857142857142857
0
1
0
0
1
1
0
0
0
1
0
0
0
1
0
0
0
0
0
0
0
1
0
0
0
0
0
0
0.78125
0
0
1
0
0
0
0
1
0
0
1
0
0
0
0
0
0
0
0
0
0
0
0
0
1
0
1
0
0
0
0
0
1
1
1
0
0
1
0
0
0
0
0
0
0
1
0
1
0
0
0
0
1
1
1
0
0
1
0
0
0
0
0
0
0
0
1
0
0
1
0
0
0
1
0
0
1
1
0
0
0
1
0
0
0
0
0
0
0
0
1
1
0
0.732142857142857
1
0
0
1
1
0
0
0
0
0
1
0
0
0
0
0
0
0
1
1
1
0
0
0
1
0
0
1
0
1
0
0
0
0
0
0
0
1
0
0
1
0
0
0
0
1
0
0
0
0
0
0
0
0
0
0
0
1
0
0
1
0
0
0
1
0.904761904761905
1
1
0
0
0
0.5
0
0
0
1
1
0
0
0
0
1
0
0
0
0
0
0
0
0
0
0
0
0
1
1
1
0
0
1
1
0
0
0
0
0
0
0
1
1
0
0
1
0
0
0
0
0
0
1
1
1
0
0
0
1
1
0
0
0
0
0
0
1
0
0
0
1
0
0
0
0
0
1
0
0
0
0
1
0
0
0.911764705882353
0
0
0
0
0
1
0
1
0
0
0
0
0
0
0
1
0
1
0
0
0
0
0
1
1
0
0
0
0
0.888888888888889
1
0
0
0
0
1
1
1
0
1
0
1
1
0
0
0
0
0
0
0
0
0
0
0
0
0
0
1
0
0
0
0
1
0
1
0
1
0
0
0
0
0
0
0
0
0
0
0
0
0
0
0
0
1
0
0.826923076923077
1
0
0
0
0
1
0
0
0
0
0
0
0
1
1
1
0
0
0
1
0
0
0
0
0
1
0
1
0
1
0
0
0
0
0
1
0
0
0
0
0
1
0
0
0
0
0
1
0
0
0
0
0
0
0
0
1
0
0
1
1
0
1
0
1
0
1
0
0.951219512195122
1
0
1
0
0
0
0
0
0
0
0
0
0
0
1
0
1
0.85
0
0
0
1
0
1
1
1
0
1
0
1
1
0
0
0
0
1
0
0
1
1
1
1
0
0
1
0
1
0
0
1
1
0
0
0
0
0
0
0
0
0
1
0
1
0
0
0
0
0
0
0
1
0
0
0
0
0
1
0
0
0
0
0.857142857142857
0
1
1
0
0
0
0
0
0
0
0
0
0
0
0
1
0
0
0
1
0
0
1
0
0
1
0
1
0
0
1
1
0
1
1
1
0
0
0
0
1
1
0
1
0
0
0
1
0
