0
1
0
0
0.210526315789474
0
0.515151515151515
0.202898550724638
0.238095238095238
1
0.256410256410256
0
0.333333333333333
0
0.375
1
0.5
0
0
0
0.5
0
0.545454545454545
0.285714285714286
0
1
0.235294117647059
0
0.666666666666667
0.176470588235294
1
1
0
0
0.619047619047619
0.25
0.8
0.279411764705882
0
1
0.5
0
0
0.153846153846154
0
0.150943396226415
0
0.5
0.125
0.666666666666667
0.5
0.533333333333333
0
0.666666666666667
0.666666666666667
0
0.5
0.3
0.5
0.276086956521739
0.5
0
0.346368715083799
0.375
1
0.866666666666667
0.363636363636364
0.5
0.875
0.642857142857143
0
0.307692307692308
0
0.6
0.625
0.5
0
0.333333333333333
0
1
0
0
0.5
0.6
0.333333333333333
0.4
0
0.531914893617021
0.256410256410256
0.285714285714286
0
0.361111111111111
1
0
0
0
0
1
0
0
0
0.41025641025641
0
0.5
0
0.285714285714286
0
0.5
0.5
1
0.5
0.281553398058252
0
0.666666666666667
0.666666666666667
0.444444444444444
0
0.25
0
1
0.222222222222222
0.6
0
0
0
0.461538461538462
0
0.666666666666667
0.384615384615385
0.105263157894737
0
0
0
0
0
0
0
0
0.75
1
0.4
0.833333333333333
0
0
0.142857142857143
0.533333333333333
1
0.714285714285714
0
0
0
0.5
0.472222222222222
0.214285714285714
0.5
0.321428571428571
0
0.8
0.294117647058824
0
1
0
0.833333333333333
0
1
0
0
1
1
0
0
1
1
0
0
0.571428571428571
0.666666666666667
0.589285714285714
0
0
0.447058823529412
1
0.5
0
0.306666666666667
0.3
0.571428571428571
0.111111111111111
0
1
0.222222222222222
0
0
0.666666666666667
0.555555555555556
0.272727272727273
0.5
0.571428571428571
0.25
0.556818181818182
1
0
0.333333333333333
0.5
0.310344827586207
1
0.285714285714286
0.5
0.571428571428571
1
0.5
0.307692307692308
0
0
0
0
1
0
0.318840579710145
0
0.5
1
1
0
0
0.25
0.4
0.666666666666667
0
0.3
0.666666666666667
1
0
1
0.5
0.5
0.2
0
0
0.240740740740741
0
0
0
0.666666666666667
1
0.276595744680851
0
0
0.756756756756757
0
0
0
0.517241379310345
0.636363636363636
0.333333333333333
0.75
0.5
0
1
0
0
0
0
0
1
0
0.296296296296296
0.5
0.733333333333333
0
0
1
1
0
1
0.333333333333333
1
0
1
0.486486486486487
0.5
1
0
0
1
0
1
0.714285714285714
0.5
0.285714285714286
0
1
0.5
0.5
0.2
0
1
0
0.454545454545455
1
0.0952380952380952
0
0.75
0
0.461538461538462
0
0
0
0
0.666666666666667
0
0
0.166666666666667
0.5
0.272727272727273
0.287878787878788
1
0.5
0
0
1
0
1
0
0.375
0
0
0.4
1
0.555555555555556
0.338461538461538
0.25
0
0
0
0
0
0
0.571428571428571
0
0.75
0.5
0
0.2
0
0
0
0
0.5
0.666666666666667
1
0.8
0.5
0.6
1
0.5
0.5
0.2
0
0.479166666666667
0.285714285714286
0.3
0.75
0.733333333333333
0.461538461538462
1
1
0.2
0
0.769230769230769
0
0
1
0
0.197368421052632
0
0.458333333333333
1
0.517241379310345
0
0.355704697986577
0.5
0
0.4
0.5
0.333333333333333
0
0
0
0.333333333333333
0
0
0
0.833333333333333
0.333333333333333
0
0
0.757575757575758
0.941176470588235
0
0
1
0.0909090909090909
0.5
0.25
0
0.25
1
0.666666666666667
0.369369369369369
1
0.608695652173913
1
1
0.25
0.3
0.333333333333333
1
0
0.666666666666667
1
0.3
0.333333333333333
0.571428571428571
0.268456375838926
1
0.6
0.8
0
0.277777777777778
1
0.5
0.222222222222222
0.833333333333333
0.739130434782609
0.5
0
1
0
0
0.222222222222222
0.375
0
1
0
0.833333333333333
0.666666666666667
0
0
0.6
0.341708542713568
1
1
0.5625
0
0
0
1
0
1
0
0
1
1
1
0.4
0
1
0
0.666666666666667
0
0
0
0.333333333333333
0
0.25
0.5
0.529411764705882
1
0.526315789473684
1
0.636363636363636
0.25
0
1
1
1
0
0
0
1
0.363636363636364
0.5
0
0
0.380952380952381
0.363636363636364
0
0
0
0
0.5
0
0
0.3625
0
1
0.5625
1
0
0
0.333333333333333
0
0
1
0
0
0
0
1
0.176470588235294
0
0
0.571428571428571
0
1
0
0.275510204081633
0
0
0
0.372093023255814
0.4
0
0.5
0.75
0.368421052631579
0.333904109589041
1
1
0
0
1
0
0.28125
1
0.166666666666667
0
0
1
1
0
1
0.666666666666667
1
0.25
0
0.25
0.6
0
0
0.333333333333333
0.666666666666667
1
0
0
0.8
0
1
0.7
0
0
0
0
0
0.4375
0.457142857142857
0.75
0.666666666666667
0.4
0
1
1
0
0
0
0
0
0
0
0.408163265306122
0
0.285714285714286
0
1
0.333333333333333
0
0.323943661971831
0
0.75
0.8
1
0
1
0.5
1
0.460606060606061
0
0
1
0
1
0.25
0.647058823529412
0.428571428571429
0
1
0.285714285714286
0.318181818181818
0
0
0
0.25
0
0.383838383838384
1
0
0
0
1
1
1
0.25
0.1875
0.428571428571429
0.5
1
0
1
0
0.5
0.297872340425532
1
0.5
0.517241379310345
0
0
1
0
0
0
0
1
0.5
0
0
0
0.533333333333333
0
0
0
0
0.666666666666667
0
0
0
0
0
0
0.444444444444444
0
0.142857142857143
1
0.25
0.5
0
0
0.538461538461538
1
1
0.133333333333333
1
0.666666666666667
0.421052631578947
0
0.5
0
1
0.375
0
0.111111111111111
0
0
0
1
0
0.588235294117647
0.8
1
0.75
1
0
0
0
0
0
0
0
0
0.363636363636364
0.75
0.454545454545455
1
1
0
0.333333333333333
0
0
0
0
0
0.394088669950739
0
0.5
0
1
0.333333333333333
1
0.714285714285714
0.25
0.4
0.411764705882353
0
0.333333333333333
0
0
0
0
0.333333333333333
0.75
1
0.574074074074074
0.5
0.666666666666667
0
0.769230769230769
0
0.15
0
0.457142857142857
0
0
0
0.15
0
0
0
0.375
0.666666666666667
0
1
0.2
0.333333333333333
0.5
0.333333333333333
0.566666666666667
0.634146341463415
0
0
0
0
0
0
1
0
0.354838709677419
1
0
1
0.454545454545455
0
0
1
0.428571428571429
0.363636363636364
0.45
0
0
0
0
0.25
0.333333333333333
1
0
0
1
1
0
0.333333333333333
0
1
0.5
0
0.4
0
0.75
0.5
0.4
0
1
0
0
0.333333333333333
0
0.285714285714286
0.666666666666667
0
0
0.333333333333333
0
0.45
0.857142857142857
0.619047619047619
0
1
0.175824175824176
0.666666666666667
0
0
0
1
0
1
0
0.333333333333333
0
0
1
0.529411764705882
1
0
0
0
1
0
0
0.2
0
0.666666666666667
0
0.467625899280576
0
0
0.379310344827586
0
1
1
0.8
0
1
0.269230769230769
1
0
0.75
0
0
0
0.5
1
0
1
1
0.142857142857143
0
0
1
0.536585365853659
0.40625
1
0.25
0
0
1
0.5
0
0.125
1
0.5
0.333333333333333
0
1
1
0.5
0
0.394736842105263
0
0
0
0.333333333333333
0
0
0
1
1
0.666666666666667
0
1
0
0
0.8
0
1
0
0
1
1
1
0.666666666666667
0.294117647058824
0
0
1
1
0.3
1
1
0
0.454545454545455
0
0.8
0
0
0
1
0
0
0
0
0.8
0
0.333333333333333
1
0
0.333333333333333
1
0.454545454545455
0.5
0
0
0
0.666666666666667
0
0
0
1
0.5
0
1
0
0.5
0.333333333333333
0
0
0
0
0
0
1
0.25
1
0.5
0
1
0
0
0
0.117647058823529
0
0
0
0.379310344827586
0.5
0
1
0
0.5
0.2
0
0
0
0
0
1
0
0.272727272727273
0
0.666666666666667
0.428571428571429
1
0.272727272727273
0
0
0
0
0
0
0.478260869565217
0
0
0
0
0.370879120879121
0
0.2
0.28
1
0.368421052631579
1
0.565217391304348
0
1
1
1
0.354838709677419
0
0.333333333333333
0.383561643835616
1
0
0.142857142857143
0.222222222222222
0
1
0.6
1
0
0
0
0.727272727272727
0.333333333333333
0.545454545454545
0
0
0
1
0
0
0.333333333333333
0.526315789473684
0.6875
1
0
0.4
0
1
0.5
0.666666666666667
0.5
0
0
0.333333333333333
0.15
1
0.333333333333333
0
1
1
0.5
0.333333333333333
0
0.5
0
0
0.25
0
1
0
0.5
0.6
0.166666666666667
0
0
0
0.5
0.857142857142857
0.75
0
0
1
0
0.469387755102041
0.666666666666667
0
0
0
0.5
0
0
1
0
0
0
0
1
0.5
0.75
1
0
0.5
0
0
0.5
1
0
1
1
0
0
0.2
0
0.333333333333333
0.818181818181818
1
0
0.5
0.5
0.6
1
0.333333333333333
0.125
0.418103448275862
0.666666666666667
1
1
0
0
0.5
0
0
0
0.333333333333333
0.333333333333333
0
1
0
1
0.5
1
0.25
0
0
0
0
0
0
0.5
0.357446808510638
0
1
0
0.368421052631579
0
0
0.5
0.2
0
0
1
0.5
1
0
0.5
0.666666666666667
1
0
0.333333333333333
0.25
0.5
0
0.333333333333333
0
0
0
1
1
0
0.333333333333333
1
1
0
1
0
0
0
0
0
0
0.25
0.5
0.5
0
1
0
0.214285714285714
0.315789473684211
0
0
0
0
0.2
0.75
1
0
0
1
0
0
0
1
0.298850574712644
1
0
0.526315789473684
0
0
0
0
0
0
0.5
1
0
0
0.5
0
1
1
0
0
0
0
0.5
0
0
0
0.6
0
0
0
1
0
1
0
1
1
0.833333333333333
1
0.571428571428571
0
0
1
1
0
0.25
0.25
0
0
0.5
0
0
0
0
0
1
0
0.202325581395349
0
0.0769230769230769
0
0
0.25
0.285714285714286
0.263157894736842
0.642857142857143
0
0.333333333333333
0
0
0.333333333333333
0
0.2
0
0
0.625
0.416666666666667
0
0
0
1
0
0
1
0.666666666666667
0
0.25
0
0
0.581395348837209
0.666666666666667
0
0
0
1
0.342105263157895
1
0.666666666666667
0
0
0
0
0.666666666666667
0
0.333333333333333
0.6
0
0.315521628498728
0
1
0
0
0
0
0
1
0.857142857142857
0
0
0
0
0
0
0.2
0
0.5
1
0
0
1
1
1
0
0
0
0
0
1
0
0
0
0.5
0
0.380952380952381
0.25
1
0
0
1
0
0
1
0
0.666666666666667
0.714285714285714
0
0
0
0
0
0
0.4
0.4
0.443478260869565
0
1
0
0.433962264150943
0.333333333333333
0
0
0
0.5
0.5
0
1
0.75
0
0
0
0
1
0
1
0.571428571428571
0
0.5
0
0
0
0
0
0
0
1
0
1
0
1
0
1
0.43859649122807
0
0
0
0.615384615384615
0
1
0
1
0
0
0.333333333333333
0
1
0
0
1
0
1
0
0
0
0.8
0
0
0.333333333333333
0.25
0.4
0.03125
0.5
1
1
0
0.666666666666667
0
1
0.5
0
0
0
0
0
0
0
1
1
0.199611461874696
1
0
0.666666666666667
0
0.428571428571429
0
0.333333333333333
0
0.347826086956522
1
1
0.25
1
0
0.571428571428571
1
0
0
0
0.2
0
1
0
0
0
0.666666666666667
0
0
0
0
0
0
0
0
0
0.25
0
0.333333333333333
1
1
0.25
0
0
0
0
0.25
0.5
0
1
0
1
1
0.666666666666667
1
0
1
0
0
0.388888888888889
0
1
0.327102803738318
0
1
0
1
0
0.5
0
1
1
0
0.25
0.5
0
0
0.454545454545455
0
0
1
1
0
0
0.555555555555556
0
1
0
1
0
1
0
1
0
0.142857142857143
0.25
1
0
0.368421052631579
1
1
1
0
0
1
0
0
0
1
0.75
0.5
0.666666666666667
0.666666666666667
0.75
0.5
0.285714285714286
0.333333333333333
0
0
0
1
0
0.666666666666667
0.7
1
0.283132530120482
0.666666666666667
0.769230769230769
0.5
0
1
0
0
1
0.428571428571429
0.333333333333333
0.714285714285714
0
0.625
1
0
0
0.195121951219512
0.4
1
0.666666666666667
0.5
0
0.354838709677419
1
0
1
0
0.608695652173913
0
0.5
0.666666666666667
1
0.842105263157895
0.568493150684932
0
0.75
0.0555555555555556
0
1
0
0
0.5
1
0
0
0.25
0
0.666666666666667
0
0.6
0
0.333333333333333
0.171428571428571
0
0
0
0
0.285714285714286
1
0.5
0.25
0
0.369565217391304
0
0.6
0.5
1
0
0
0
0
0
0
0.714285714285714
0
0
0.166666666666667
0
1
0
0
1
0.534090909090909
1
0.283333333333333
0.2
0
1
0
0
0
0
0
0
0
1
0.363636363636364
0
0
0.409090909090909
0
1
0.5
0.5
0
1
0
0.5
0
0
0
0
1
0
1
0
1
0
0
0
0
0
0
1
0.75
0.333333333333333
1
0
0
0.392857142857143
0
0
0
0.5
0
0
0
1
0.666666666666667
0
1
0
0.5
0
1
1
1
0
0.5
0
0.333333333333333
1
0
0
0
1
0.5
0
0
0
0
0
0.5
1
1
0
0.8
0
0.5
0
0
0.75
0
1
0
0
1
0.2
0
0
0.333333333333333
0
0
0
0
1
0.428571428571429
0.5
1
1
0.333333333333333
0
0.5
0
0
0.5
0
0
0.666666666666667
0
1
0
0
1
0
0.2
1
0.571428571428571
0
1
0
0.666666666666667
0
1
1
0
0
0.636363636363636
0.391608391608392
1
1
0
0
0
1
0
0
0
0
0.357142857142857
0
0
0
0
0
1
0
0.333333333333333
0
0.642857142857143
1
0.2
0.5
0.25
0
0.277777777777778
0
0.166666666666667
0
0.307692307692308
1
0.25
0
1
1
0
0
0
0
0
0.75
0
0.245398773006135
1
1
1
0
0.5
0
0
0
0
1
1
0.6
0
0.666666666666667
0
0.41358024691358
0
0.5
1
0
0
0
0
1
0
1
0
0
0
0.5
0
0.5
1
0
0.333333333333333
0
0.5
0
0.416666666666667
0
0
1
1
1
0
0
1
0
0.4
0
0.666666666666667
0
0.5
0
0.2125
0
0
0
0
1
0
0
0
1
0
0
0
1
0
0.333333333333333
0
1
0
0
0.5
1
0
0
0
0
0
0
1
0
0
0
0.148148148148148
0
0
0
0
0.666666666666667
0
0
0
0
0.5
0.5
0
0
1
0
0.333333333333333
0.5
0
0
0.5
0
0
0
0.323529411764706
0
1
1
0
0
0.5
0.1
0
0.333333333333333
0
0
1
0
0
0
1
0
0
1
0.456521739130435
0.25
0
0
0
1
0
0
0
0
0
0
0
0
0
1
0
0.5
0
0
0
1
0
1
0.5
0
0
0
0
0.75
0.276073619631902
0
1
0
0
1
1
0
1
0
0
0
0.285714285714286
0
1
0.524390243902439
0.5
1
0.470588235294118
0
0.25
0
0
1
0
0
0.333333333333333
0
0
1
0
0
0
0
0
0
0
1
0
0.099009900990099
0
1
0
0
1
0
1
0
0
0
0.285714285714286
1
0
0.833333333333333
0
0.453924914675768
0
0.6
1
0.4
0
0.857142857142857
0
0.327586206896552
0.5
0
0.636363636363636
0
0
0
0
0.619047619047619
0
1
0
1
0
0
0
0
0.428571428571429
0.5
0
0
0
0
0
0.6
0
1
0
0
0
0
0
0
0.39
1
0
0
0.5
0
0
1
0.5
0
0.875
0.226415094339623
0
0
1
0
0
1
0.333333333333333
1
0
0
0
0.277777777777778
0.533333333333333
1
0
0
0
0
1
0.283464566929134
0.4
0.75
0
1
0
0.555555555555556
0
0
0
1
0
0
1
1
1
1
0
0.471428571428571
0
1
0
0
0
0
0
0
0
0
0
1
1
0.333333333333333
1
0
1
0
0.25
0
1
0
0
1
0.551470588235294
0
1
0.35
0
0.5
0
0
1
0.0625
1
0
0
0
0
0.289099526066351
1
0
0
1
0
0.5
0
0
1
0
0
0.5
0
0.5
1
0
0
0.354430379746835
0
1
0
0
0
0.191637630662021
0.714285714285714
0
0
0
1
0.5
1
0
0.5
0
0
0
0.5
0
1
0
0.357142857142857
0
1
0
0
0
0.4
0
0
0
0
0
0
1
0
1
0.666666666666667
0
0
0
1
0
0
0
1
0.5
0
0
0
0
0
0
1
1
0
0
0.25
0
1
1
0.415384615384615
1
1
0.571428571428571
0
0
0.5
0
0
0
0
0
1
0
0
0
0
0.5
0.5
0
0
0
0.666666666666667
0
0
0
1
0
0
0
1
0
0.75
1
0
0
0
0
0
0
0.5
1
0
0
0
0
0
1
0
0
1
0
0
0
1
1
0
0
1
0
0.68
1
0.333333333333333
0
1
0
0
0.5
0.25
0
0.666666666666667
0.75
0
0
1
0.166666666666667
0
0
0.5875
0
0
0
0
0
1
0
0.5
0
0
0.666666666666667
0.5
0
0
0
1
0
1
0
1
0
0
0
1
0.529411764705882
1
0
1
0.444444444444444
0
0
1
0.333333333333333
0
1
0
0.4
0.333333333333333
0
0.578947368421053
0
0
0.2
1
0.5
1
0
0
1
0
0
0
0
0
1
0
1
0
0.333333333333333
1
0
0
0
0.5
0
0
0
0
1
1
0
1
0
0
0
0
0
0
1
0
0
0
0
1
1
1
0
1
0
1
1
0
0
0
0
1
0.142857142857143
0
0
0
0
1
0
0
0
0
1
0
0
0
0
0
0
1
0.183673469387755
0
0
0
0
0.5
0
0
0
0
0
1
0
0
0
0
1
0
1
0
1
0
0.75
0
0.666666666666667
1
0
0.4
1
0
0.333333333333333
0.25
0
0.666666666666667
0
1
0
0.2
0
0
0
0
0.5
0
0.363636363636364
0.5
0.333333333333333
0
0
0
0
0.666666666666667
0
0
0
0
1
0
0
0
0
0
0
0.409090909090909
0
0
0.433333333333333
0.275590551181102
0.5
1
0.5
0
0
0
0
0
0
0
1
0
1
1
1
1
0
1
0
0
0.44
0
0
0
0
0
0
0
0
0.1
0.5
0
0
1
0
0
0.318181818181818
0.592592592592593
1
1
0
1
0
0
0
0
1
0
0
0.517241379310345
0
1
0
0
1
0
0
0
0
0
0
0
0
1
0
1
0.5
0
1
0
0
0
1
0.25
0.5
0
0
1
1
0
0.2
0
1
1
0
0
0
0.5
0
0
0
1
0
0
0.333333333333333
0
0
1
0
0
1
0
1
0
0.833333333333333
0
0
0
0
0
0.418732782369146
0
1
0
1
0.454545454545455
1
0
0
0
0.842105263157895
1
1
0
1
0.5
0
0
0.423076923076923
1
1
0
0
0
0
1
0
0
0.5
1
0
0
0
0.666666666666667
0
0.5
1
0
1
0.888888888888889
0
1
1
0
0.513888888888889
0.615384615384615
0.666666666666667
0
1
0
0
0
0.187376725838264
0.186734852006819
0
0
0
0.3
0
0.5
0
0
0.48
0
0
0
1
0
0.5
0.5
0
0
0
1
0
0
0.5
0
1
0
0
0.8
0.5
1
0
0
0
0
0
0
0.436363636363636
0.666666666666667
0
0
0
0
0
0
0.375
0
0
0
1
1
0
0
0
1
0.5
0
0
1
0
0
1
0
0
1
0
0.5
0
0
0.25
1
0
0
0.246153846153846
0
0
0.5
0.264840182648402
0
1
0
1
0.333333333333333
0.351351351351351
1
1
0
0.25
0.384615384615385
0
0
0
0
0
0
0.380952380952381
0
0
0
0
0.5
0.666666666666667
0
0
0.8
0
0
0.5
0.435897435897436
0
0
0
0
0
0
0
0
0.5
0
0
0
0.5
1
1
0
0
1
0
1
0.846153846153846
1
0
1
1
1
0
0
0.333333333333333
0.428571428571429
0
0
0
0.5
1
1
0.5
0
1
1
0
0
0
0.666666666666667
0
0
0.5
0.6
0
0
1
0
0
0.2
0
0
0.5
0
1
0
0.25
0
0.153846153846154
0
1
1
0
0
0
1
1
0
0
0.44578313253012
0
0
1
0.5
0
0
0.5
0
1
0
0
0
0
0
0
0
1
0
0
0
0
0
0
0.529411764705882
1
0
0
0
0.333333333333333
0
0
0
0
0
0
0
0
0
1
1
1
1
0
0.5
0
0
0
0.5
0
0
0
0
0.408759124087591
0
0
0
0
0
0
0
1
0
0
0
0
0
0
1
0
0
1
1
1
1
1
0
1
1
0.615384615384615
0
0
1
0
0
0
0
1
0
1
0.333333333333333
1
0
0.5
0
1
0
1
0
0
0
1
0
0
0
1
0
0
1
0.666666666666667
0
0.388888888888889
0
0
0
0
0.333333333333333
0.25
1
0
0
0
0
0
0
1
0
0
0
0.5
0
1
0
0
0
0
0.333333333333333
0.4
0
1
0
0.5
1
0.277777777777778
0
0
0.5
0.444444444444444
0.147058823529412
0
0
0.333333333333333
0
0
1
0.5
0
0.333333333333333
0
1
0
0
0
0.268292682926829
0
0
1
0
0
1
0.266666666666667
0
0
0
0
0
0
0
0.5
0
1
0
0
0
1
0
0
0
0
0
1
0
0
1
0
0
1
1
1
1
0
0.444444444444444
0
0.5
0
0
0
0.75
0
0
0.333333333333333
0
0
0.242857142857143
0
0
0
0.5
1
0
0
1
0
0
0
0
0
0.388888888888889
0
1
0
0
0.333333333333333
0.263157894736842
0
0
0
0
0
0.333333333333333
0
1
1
0
0
0
0
1
0
0
0
0.5
0.5
0
0
0
0
1
0
0
0
0
1
0
0
0
0
0
0
0
0
0
0
1
0
1
0
0
0
0.428571428571429
0
0
0
0
0
1
0.5
1
0
0
0
0
0.264516129032258
0
0.333333333333333
0
0
0
0
1
0.5
0
0
1
0
1
0
1
0
0
0
1
0.358974358974359
0
0
1
0
0
0
0
0
1
0.5
0
0.153846153846154
0
1
0
0.31404958677686
0.5
0
1
0
0
0
0
1
0
0
0
0
0
0
1
0
1
1
0.666666666666667
0
1
0.25
1
0.366013071895425
0
1
0
0.428571428571429
1
0
0.5
0
0.666666666666667
0
1
0
1
1
0.5
0
0
0
0
1
0
0
1
1
0
0.5
0
1
0.642857142857143
0.25
0
0
0.4
0.333333333333333
0
1
0.5
0
0.5
0
0
0
1
0
0
0
0
0
0
1
0
1
0.25
1
0.5
0
0
0
0
0
0
0
0
0.333333333333333
0
0
1
0
1
0
1
0.5
0
0.5
0.5
0
1
1
0
0
1
0.5
0
0
0
0.6
0
0.6
0
0
0
0
0
1
1
0
0.5
0
0
1
0
0
1
1
0
1
0
0
1
1
0
1
0
0
0
0
0
1
0
0
0
0.285714285714286
1
0
0
0
0.320754716981132
0
1
0
0
0
0
0.666666666666667
0
0.733333333333333
0
0.5
1
1
0.5
1
0
0
0.615384615384615
0.4
0
0
1
0
0
0
0
0
0.5
0.642857142857143
0
1
1
1
0.596491228070175
1
0
0
0.75
0.428571428571429
0.5
1
0
0
0
0.451685393258427
0
0.441176470588235
1
0
0
0.5
0.5
0
1
0.333333333333333
0.4
0
0
0
0
1
0
0
0
0
0.25
1
0
0
0
0.333333333333333
0
0.369942196531792
0
0
0.5
0
0.5
0
0
0.444444444444444
0
1
1
0.51219512195122
1
0
0
0
1
0
0
0.321100917431193
1
0
1
1
0
1
0.474452554744526
0
0
0
1
0.19047619047619
1
0
0.321428571428571
0.259259259259259
1
0.666666666666667
0.333333333333333
0.333333333333333
0
0
1
0
0.341176470588235
0
0
0
1
0.333333333333333
1
0.5
0
0
1
0
0
0
0.551724137931034
1
0
0
0
1
0
0
1
0
0.5
0
0.833333333333333
1
0
0
1
0
0
0.5
0
0.5
1
0.5
0
0
1
0
0.158333333333333
0
0
0.5
0
0
0
0
1
0.480959097320169
0
0
1
0
0
0.378378378378378
0
0
0
0
1
0
0
1
1
0
0.5
1
1
1
1
0.5
0
0.333333333333333
0.5
0.5
0
0
0
0
0
0.25
0.333333333333333
0
0.574074074074074
0.305613305613306
0
0.5
1
0
0.555555555555556
0.333333333333333
0
0
0
0
1
0
1
0
0
0
1
0
0
0
0
0.754098360655738
0
0
0.2
0
0
1
0
0
1
0
0
0
0
0
0
0
1
0
0.5
0.625
0
0
0
1
0
0
0.5
0.538461538461538
1
1
0
0
0.15
0
1
1
0.384146341463415
0
0
0
1
0
0
0
0
0
0.142857142857143
0
0
0
0
1
0
0
0
1
1
0
1
0
1
0
0
1
0
0
0.564102564102564
0
0
0
0
0
0
0
1
1
0.5
1
0
0.5
0.6
0
0
0.375
0
0
0.428571428571429
0
0
0
0.222222222222222
0.333333333333333
0
0
0
0.520547945205479
0
1
0.75
0
0
0
0
0
0
0
0
0
1
0.333333333333333
0
0
1
0
0
0
0
0
0.356164383561644
0.333333333333333
0
1
0
0
0
0
0
0
1
0.407407407407407
0
1
0
0
0
0
0
0.666666666666667
1
0
0
0.233333333333333
0
0
0.333333333333333
0.2
0
0
0
0.8
0
1
0
1
0
1
1
1
0
0
0
0
0
1
0
1
0
0.25
0
1
0
1
0
0
1
1
0
0
0
0
0
0
0
0
0
1
0.55
0
0
0
0
0
1
1
1
0
0
0
1
0
0
0
1
0.2
0
0.5
0.6
0.25
0.194444444444444
1
0.28125
1
0
0.666666666666667
0.333333333333333
1
1
1
1
0
0
0.5
1
0
0
0
0
0.364583333333333
1
0
0
0
0
1
1
1
0
0
0
0
0
0.215722120658135
0
0
1
1
0
0
0
0
0
0
1
0.6
0.666666666666667
0
1
0
0
1
0
0.5
0
1
0
0
0.777777777777778
1
0
1
1
0
0.230769230769231
1
0
0
1
0
1
0
0
0
0
0.166666666666667
0
1
1
1
0
0
0
1
0.5
0
0.25
0
0
0
1
1
1
0
0
0
0
0
0
0.337142857142857
0.292526690391459
0
0.465346534653465
0
0
0
0
0.333333333333333
0.5
1
0
0.3
1
0
0
0
1
0
0.75
0
0
0
0
0
0
1
1
0
1
0
1
0
1
0
0
0
0
0.203494347379239
1
1
0.307971014492754
0
0
0
0
0
0
0.307692307692308
1
0.333333333333333
0
0
0
0
0
1
0
0
0
0
0.5
0
1
0
0
0
0
1
1
0
0
0
1
1
0.243243243243243
0
0
0.333333333333333
0
0
0
0
0.5
0
0.5
0
0.470588235294118
0
1
0
0
1
1
0
1
0
0
0
0
1
1
0
0
0
0.5
0
0
0.166666666666667
0
0.666666666666667
0
0
0
0
0
0
1
0
1
0
0
0
0.5
0
0
1
0
0
0
1
0.5
0
1
0
1
0
0
0
0
0
1
0
0
0
0.5
0.222222222222222
0
0
0
0
0
1
0
0.666666666666667
0
0
1
1
0
0
0
0.3
1
0
0
0
0
0
0
0
1
0
0
0
0
0
1
0
0
1
0.203187250996016
1
0
0
1
0.625
0.5
0
0.588235294117647
0
0
0
0
1
0.666666666666667
1
0
0
1
0
0
0.875
0
0
0
0
1
1
0
0
0
0
0
0.555555555555556
1
0
0
0.5
0
0
0
1
0
0
0
0
1
0
1
0.5
0.378378378378378
0
0
0.666666666666667
1
0
0
0
0
0
0
1
0
0
0
0
1
0
0
1
0.5
0
1
0.459459459459459
0
0.181818181818182
0
0
0
0.5
0
0
0
0
0
0.515151515151515
0
0
0
0
0
0
0.275
0.1
1
0
0.45
0
1
0
0
0
1
0
0
0
1
1
0.4
0.411764705882353
0
0
0
0
0.25
0
0
0
1
0
0
1
0
0
0
0
0
0
0
0
0
0
0
0
0
0
1
0.291666666666667
0
0
1
1
1
0
0.4
1
0
0
0
0
0
0
0
0.5
1
0
0
0
1
0
1
1
1
0.5
0
0
0.5
0
0
0
1
0.333333333333333
0
0
0
1
0
1
1
0
0
0
1
0
0
0
1
1
0
0
0
0
0
0
0
1
0
0
0
1
0.457831325301205
0
0
0
0
0
0
1
0
0.5
0
0
0
0
0.347222222222222
0
0
0
0
1
1
0
0
0
0.5
0
0
0
0
1
1
0.217616580310881
0
1
0
0
0
0
0
0
0
1
1
0
0
0
0
0
0
0
0
0
0.19
1
0
0
0
0.350877192982456
0
0
0.5
0
0.333333333333333
1
0
0.36
0
0.162162162162162
0
0.5
1
0
0
0
1
0
0
0
0
1
1
0
0
0
1
0
0
1
0
0
0
1
0
0
0
0.666666666666667
0.333333333333333
0
1
1
0
0
0
1
1
0.5
0
1
0
0
0
0
0
0
0
0
0.513513513513513
0
1
0
0
0
0
0
0
1
0
0.5
0.333333333333333
0
0
1
0
0
1
0
0
0
1
0
0
0
1
0
1
0.666666666666667
0
0
0
0.4
1
0
0
1
0.333333333333333
0
0
0.5
0
0
1
0
0
0
1
0
0
0
0.5
1
0
1
0
0
0
0
0
0
0
0
0
1
0
0
0
0
0
0.166666666666667
0
0
0
0
0
1
0
0
1
0
0
1
0
0
0
0.617391304347826
0
0
0
0
0
0.75
0
0.363636363636364
0
1
0
0
0.361702127659574
0
0
1
0
1
1
0
0
0
1
0
0
0
1
0
0
0
0
0
0
0
0
1
0
0
1
0.5
0
0
1
0
0
0
1
1
0
0.75
1
0
1
1
0
0
1
0
0
0
1
0.5
0
0
0
0
0.8
0
0
0
0.2
0
0
0.366666666666667
0
0
0
0
0
1
0.666666666666667
0
0
0
0
1
0
0
0.5
0
0
0.25
1
0
0
0
0
0
0
0
0.75
0
0
0
1
0
0
0
1
1
0
0
0.642857142857143
0.377777777777778
0
0
1
0.166666666666667
0
0.25
1
0
0
0
1
0
0
1
0.5
0
0
1
0
0.352941176470588
0
0
1
0
0
0
0
0.537037037037037
0
0
1
1
0
0.352941176470588
0
0
0.216216216216216
0
0
0
0
0
0
0
0
0.333333333333333
0
1
0
0
1
0
1
0
0
0
0
0
1
0
0.392857142857143
0
0
0
0
0
0
0
0.5
0.444444444444444
0.6
0
0
0.5
1
0
1
1
1
0.339015151515151
0.555555555555556
0
0
0
0
0
0
0
0
0
1
0
0
1
0
1
0
1
0
0.231884057971015
1
0
1
1
0
0
0.285714285714286
0
0
0
0
0
1
0
0
0
0
1
1
1
1
0.382775119617225
0
0
0
0
0.165876777251185
0
1
0
0
0
1
1
0
0.629213483146067
1
0
1
1
0
0
1
1
1
0.395833333333333
0.190909090909091
0
1
0
0
1
1
1
0
0.428571428571429
1
0.444444444444444
0
0.615384615384615
0.742857142857143
1
0
0
0
0
0
1
0
0
1
0
0
0
0
0
0
0
0
0
0
0.41025641025641
1
0
0
1
0
1
0.267025089605735
0
1
0
1
1
1
0
1
0
0
0
0
0
0
0
0
0
0
1
0
0
1
0
0
0
0
0.266666666666667
0
0
0
0
0
0
0
1
0
1
0
0
0
1
0.666666666666667
1
1
1
0
0
1
1
1
1
0.375
0
0
0
0.5
0
0
1
0.7
0
0.160869565217391
1
1
0
0
0.5
0
0
1
1
0.2
0.356164383561644
0
0.666666666666667
0
0
0
1
1
0
0.45679012345679
0
1
0
0
0
0
0
0
0
0.371069182389937
0
1
0
1
0
0
0
0
0
0
1
0
0
0
0
0
1
1
0
0
1
0.5
1
0
0.4
0.5
1
0
0
0
0
0
1
0
0
0
0
0.142857142857143
0
0.389830508474576
0
1
0
0
0
1
0
0.476958525345622
0
1
0
0.636363636363636
1
0.453703703703704
0.430232558139535
1
1
0
0
1
1
0
0
0
1
0
0
0.428571428571429
0
0
1
0
1
1
0
0
0
0
0
0
1
0
0
0
0
0
1
0
0
0
0
1
1
0
0
0
0
1
0
0.5
0
0
0
0
0
0
0.388888888888889
0
0
0
0.215686274509804
1
0
0
0
1
0.48
0
0
0
0
0
0
0.204301075268817
1
0
0
0
0
0
0
0
0
0
0
0.5
0
0
0
1
0
0
1
0
0
0
0
0
0
0
0
0
0.375
1
0
0
1
1
0
0
0.5
0
1
0
0
0
0.6
1
0.451612903225806
0
0
1
0
0.5
0
0
0.5
0
0
0
0
0.2
0
0
0
0
0.333333333333333
0
0
0
0.666666666666667
0
0
0
1
0.5
1
1
0
1
0
1
0
0.431818181818182
0.273743016759777
0
0
0
0
0
0
1
0.183783783783784
0
1
0
1
0
0
1
0
0
0.5
0.549019607843137
0
0
0
1
0
0
0
1
0.32967032967033
0
0
0
0.338028169014085
0
1
0
0
0
0
0
0
0
0.209059233449477
0
0
0
0.666666666666667
0
0
1
1
1
0
0
1
0
0
0
0
0
0
0
0
0
0
0
0
0
0
0
0
1
0.375
0
0
0
0
1
0.285714285714286
1
0
0
0
1
1
0
0
0.334630350194553
0
0.5
0
0
0
0
0
0
0
0
0
0
0
0
0
0
1
0
0
0
1
0
1
0
0.5
0.5
0
0
0.5
0.666666666666667
0
0
0
0
1
1
0.328358208955224
1
0
1
0
1
0
0
0.666666666666667
1
0.5
0
0
1
0
0
0
0
0
0.344398340248963
1
1
0
0
1
0
0
0
0
0.5
1
0
1
0
1
1
0
0.0555555555555556
0
0
1
0
0
1
0
0
1
0
1
1
0
0
0
0
0
1
0
0
0
0
0
0
1
0
0
0
0.857142857142857
0.5
0
0
1
0
0
0
1
0
0
1
1
0
0
0
0
0
0
0
1
1
1
0
0
0
0
0
1
1
0
0
1
1
1
0
0
0.5
0
1
0
1
0
0
0
0.75
0
0
0
0
0.5
0
0
0
0
1
0
0.5
1
0.638461538461538
0
1
0
0
0
0
0
1
0
1
0
1
0
0
0
0
1
1
1
0
0
0
1
0
0
0
0
0
0
0
0
1
0
1
0
1
0
1
1
0.316831683168317
0.5
0.333333333333333
0
0
0
0
0
0
0
0.4
0
0
1
0.5
0
0.617391304347826
0
0
0
0
0
0
0
0
0.363636363636364
0
0
0
0
1
0
0
0
0.625
0
0
0
0
0
1
1
0.5
0.5
1
0.197408536585366
1
0
0
0
0
0.1
0
0
0
1
0
0
0
0.216867469879518
0
0
0
0
0
0
1
0
0
1
1
0
0
0
0
0
1
1
0
0
0
0
0
0.5
0
0
0
1
0
1
0.28
0
1
0
0
0
0
0
1
0
0
0.5
0.533333333333333
0
0
0
0.133333333333333
0
0
0
0
0
0.5
0
0
0
0
0
0
0
0
0
0
0
0
0
0
0
0.5
0
0
1
0
0
0
0
0
0
0
0
0
0
0
0
0.527093596059113
0
0
0
1
0
0
0
0.333333333333333
1
0
0.5
0
0
0
0
0.5
0
0
0
0
1
0
0
1
0
0
0
0
0
0
0
1
0
0
0
0
0
1
0.444444444444444
1
0
0
1
0
0
0
1
0
1
0
0
0
0.2
0
0
1
0
1
0
0
0
0
0
0
1
0
1
1
0.305555555555556
0
0
0
0
1
1
1
1
0
0
0
0
0
1
0.636363636363636
0
0.666666666666667
1
0
0
0
0
1
0
0.5
0
1
1
0
0
1
0.179029957203994
0
0.5
1
1
0
1
1
0.5
0
0
0
0
0
0.5
0
1
0
0
0
0.484848484848485
0
0.666666666666667
0
0
0.541666666666667
0
0
1
1
0
1
0
0
0
0.688888888888889
0
0
0
0
1
0.333333333333333
0
0
0
1
0.5
0
1
0
0
0
1
0.225806451612903
0.261802575107296
0
0
0.5
0
0
0.5
0
0
0
0
0
1
1
0.270491803278689
0
0
0
0
0
0
0
0
0.419187554019015
0
1
0
0
1
0
0.67741935483871
0.5
0
0.5
0.388888888888889
1
0.49390243902439
1
0
0
0
0
0.555555555555556
0
0
0
0
0
0.42
1
0
0
0
0
0
0
0
0.384615384615385
0
0
0
0
0
0
0
0
0.666666666666667
0
0
0
0
0
0
0
0
0
0
0
0
1
1
1
0
0
0
0
0
0
0
0
0
1
1
0
1
0
0
0
0
0
0
0
0.571428571428571
0
0
1
0
0
0
0
1
1
0
0
0
0
0
0
1
1
1
0
0
0
0
1
0.25
1
0
0
0
0
0
0.328888888888889
1
0
0
0
0
1
0
0
1
0
0
0
0.634328358208955
1
0
1
0
0
1
0
1
0
0
0
1
0
0.258169934640523
1
0
1
1
0
0.666666666666667
0
0
0
0.714285714285714
0
1
0
0
0
0
0
0
0
0
0
0
1
0
0
1
0
1
1
0
0
0
0
0
1
0
0
0
0
0.666666666666667
0
0
0.6
0
0
0
0
1
0
0
1
0
0
0
0
1
1
0
0
1
0
0
0
0
0
1
0
0.409090909090909
1
0
0.5
0
0.413675213675214
0
0
0
0
1
1
0.5
0
1
0.5
0
0
1
0.333333333333333
0.5
0
0
0
0
0
0
0
0
1
0.551136363636364
1
0
0
0.265060240963855
0
1
0
1
0
0
0
1
0
1
1
1
0.261538461538462
0
0
1
0
0
1
0
0
0
0
0
0
0.714285714285714
0
0
0
0.363636363636364
0
0
0.5
1
0
0
1
1
1
0
0
0
0
0.666666666666667
0.166666666666667
1
0
1
0
0
0
0
0
0
1
0.5
1
0
1
0
0
1
0.25
0
1
0.515151515151515
1
0
1
0
0
0
0
0
0
0.333333333333333
0
0
0
1
1
0
0
0
0
0
0
0
0.305555555555556
0
0
0
0
1
0
0
1
0.2
0
0
0
0
0
1
1
0.5
0
0.727272727272727
0
0
1
0
0
1
0
0
1
0
0
0
1
0
1
1
0
0
0.6
0
0
0
0
0
0
1
0.25
0.6
0.510204081632653
1
0
0
0
1
0
0
0
0
0
1
0
0
0
1
1
0
0
1
1
0
0
0.5
0
0
0
0
0
0
0
1
0
0
0
0
0
0
0
1
0
0
0
0
1
1
1
0
0
0
0
0
0
0.636363636363636
0
0.5
0
0
0
0.5
0
0
0
1
0
1
1
1
0.5
0.13953488372093
0
0
0
0
0
0
0
0
0
1
0
1
0
0
0
0
1
0.461538461538462
0
0
0
0
0
1
0
1
1
0
0
0
1
0
0
0
0
0
0.259911894273128
0
0
0.5
1
0
0
0.352941176470588
0
0
0
0
0
1
0
0
0
0.5
0
0
0
0.666666666666667
1
0
1
1
0
0
1
0
0
1
0
0.492307692307692
0
0
0
0
0
1
1
0.772727272727273
0
0.352941176470588
0
0
0
0.583333333333333
0
0
0
0.5
1
0
0
0
1
0
0
0.5
0
1
0
0
0
1
0
0
1
0
0.5
0
0
0
0
0.5
0
0.384615384615385
0
0
0
0
0
0
0
0
0
0
0.5
0
0
0
0
0
1
0.333333333333333
0.5
0
0
0
0.35
0
0
0
0.333333333333333
1
1
0
0
0
0
0
0
0
0.333333333333333
0
0
1
0
0
0
0
0
0
1
0
0.25
0
0
1
0
1
1
0
0
1
0
0
0
0
0.345588235294118
0
0
1
0
0
0
0.5
0.5
0
0
0
0
1
0
0
0.465909090909091
0
0
0
0
0.333333333333333
0
0
0
1
0
1
0
1
0
1
0
0
0
1
0
0
0
0
0
0
0
0
0
0
0
1
0
0
0.5
1
0.5
0
1
0
1
1
1
0.5
0
0
1
0
0
0
1
0
0
0
1
0
1
0
0
1
0
0.293023255813954
0
0
0
0.5
0
0
0
0
0
0
1
0
0.5
1
0
0
0
0
1
0
0
0
0
0
1
0
0
0
1
1
0.260869565217391
0
0
0
1
1
0
0
0
0
0
0
0
1
0.476190476190476
0
0
0
0
0
0
0
0
0
0.246575342465753
0
0
1
0
1
1
0
0
0
0
0
1
0.347826086956522
0.5
0
0.5
1
0
0
1
0
0.376623376623377
1
0
0
0
1
0
0
0
0
0.5
0
0
1
0
0
0
0
0.478260869565217
0
0
0
0
0
0
0
0.3
0
0
0
0
0
0
0
0
0
0
0
0
0
0
0
0
0.588235294117647
0
0
0
0
0
1
0
0.333333333333333
0
1
1
0
0
1
0.772727272727273
0
0
0.166666666666667
1
1
0
0
0
0
0
0
0
0
0.5
0
1
0
0.432291666666667
0
0
0
1
0
0
0
0.666666666666667
0
0
1
0
0
0
0
0
1
0
0
0
0
0
0
1
0
0
0
0
0.375
0
0.291666666666667
1
1
0
0
0
0.125
0
1
1
0
0
0
0.153846153846154
0.5
0
0
0
0
0
0.5
1
0
0
0
0.5
0
1
0
0
0
0
0
0
0
1
0
0
0
1
1
1
0
0
0
1
0
1
0
0
0
1
0
1
0
0
0
0
1
0
0
0
1
0
0
1
0
0
0
0
1
0
1
0.362745098039216
0
1
1
0
0
0
1
1
0
0
0.159090909090909
0
0
0
0
0
0
0
0
0
1
0
0
0
0.40625
0
0
0
0
0
1
1
0.315789473684211
0
0.326086956521739
0
1
0
0
0
0.489583333333333
0
0
0
1
0
0
1
0
0
0
1
0.214285714285714
0.275862068965517
0.2
0
0
1
0
0
0
0.538461538461538
0
0
0
0
1
0
1
0
1
0
1
0
0
1
0
0
0
0
0
1
0
0
1
0
0
0.317073170731707
1
0
0.5
0
0
0
0
0
0
0.666666666666667
0
0
1
1
0.192307692307692
0
1
0
1
0.5
0
0.428571428571429
0
0
0.5
0
0
0
0
0
0
1
0
0
0.5
0.396793587174349
0
1
1
1
0
0
0
0
0
0
0
0.392857142857143
0
1
0
0
0
0.272277227722772
1
0.434389140271493
0.5
1
1
0
0
0
0.39344262295082
0
0
0
0
1
0
0
1
0
0
0
0
0
1
0.333333333333333
0
1
0
0
0
0
1
0
0
0
0.24585635359116
0
0
0
1
0.285714285714286
0
0
1
0
0.307692307692308
0
1
1
0
1
0
0
0
0
0
1
0
0
0.448979591836735
0
0
0
0
0
1
0.333333333333333
0
0
0
0
0
1
0
0
0.33695652173913
1
1
0
0.428571428571429
0.521739130434783
0
0.666666666666667
0
0
0
1
0
0
0
0
0
1
0
0
0
0
0
0
0
0
0.8
0
0
0.19047619047619
1
0
1
0
0
0
1
1
0
0
1
0
0
0
0
0
0.21875
0
0
0
0
0
0
0.6
1
0
1
0
0
0
0
0
0.194366197183099
1
1
0
0
0
0
0
0
0
0
0
0.478260869565217
0
0
0
1
0
0
0
0.428571428571429
0
0
0.219512195121951
1
0
0
0
0.419354838709677
0
0
0.333333333333333
1
0
0
0
0
0
0
0
1
0
0
0
0
0
1
0
0
0
0
1
0
0.363636363636364
0
0
0
1
0
0
0
1
0
0
0
0.405405405405405
0.666666666666667
0
0
0
0
1
0
0
0
0
0
0
0
0
0
0
0.5
0
0
0
0
0
0
0.242424242424242
0
0
1
0
0
0
0
0
0
0
0
0
0
1
0
1
0
0
0
0
0
0
0
0
0
0
1
0
1
0
0
0
0
1
0
0
0
0
0
0
1
0
0
1
1
0
0
0
0
1
1
0
0
0
0
0
0
1
0
0
0
0
0.363636363636364
0.5
0
0
1
0
0
0
0
1
1
0
0
0
0
1
1
0.4
0
1
0
1
1
0.5
0.305785123966942
0
0
1
0
0
0
1
1
1
1
0
0
0
0
0
0
1
0.426666666666667
0
0
0
1
0.177083333333333
1
1
0
1
1
0
0.5
1
1
0
0
0
0
0
1
1
0.5
0
0
0
0
0
0
1
0
0.5
0
0
0
0
0
1
0
1
1
1
1
0
0
0
1
1
1
0
1
0
0
0
0
0
0
0
0
0
1
1
1
0
0.285714285714286
0.333333333333333
0.333333333333333
1
0
0
1
0
0
0
0.325301204819277
0
0
0.5
0
1
1
0
0
0
0
0
0
1
0
0
0
1
0
0
0
0
0
0.333333333333333
1
1
1
0
0
1
0.666666666666667
1
0
0
0.5
0
0
0
0.5
1
0.666666666666667
0
0.267515923566879
0
1
0
1
1
0
0.214285714285714
1
0
0
0
0
0
0
0
0
0
0
0
1
0
0
0.666666666666667
1
0
0
0.636363636363636
0
0
0
0
0.453125
1
0
0
1
0.210526315789474
0
0
0
1
0
0
0
0
0
0
0
1
1
0
1
0
1
0
1
1
0
0
0
0
1
1
0
0
0
1
0
0
0
0
0
1
0
1
0
0
0
0
0.435483870967742
0
1
0
0
1
0
0
0
0
0
0
0
0
0
0
0
0
0.267676767676768
1
0
0
0
0
0.5
1
0
0.5
0
0.428571428571429
0
0
0
0
0
0
0
0
0
0
0
1
0
0
0
1
0
0
0
0
0
0
1
0
0.4
0.322033898305085
0
0
0
0.333333333333333
1
0
1
1
0
0
1
0
0
0
0
0
0
0
0
0
1
0.2
1
0
1
1
0
1
1
0
0
0
1
1
0
1
0
0
0.27536231884058
0
0
0
1
0
0
0
1
0
0
0
0
0
0
0
0
0.461538461538462
0
0
1
0
0
0
1
0
0
0
1
0
0
0
0
0
0
0
1
0
0
0
0.333333333333333
0.5
0
0
0
0
0
0
0
0.571428571428571
0
0
0
0
0
0
0
1
0
1
0
0
1
0
0
0.666666666666667
1
0
0
1
0
0
0
0
1
0
0
0
0
0
0
0.5
0
0
0
0.34412955465587
0
0
0
0
0
0
0
0
1
0
0
0.45
0
0
0
0
0
0
0
1
0
0.5
0
0
0
0
0
0
0
0
0
0
0.636363636363636
0
0
1
0
0
0
0
0
0
0
0
0
0
0
0
1
0
0
1
1
1
0
1
0
0
0
0
0.18452380952381
0
0
1
0.333333333333333
0
0
0
0.1875
0
0
0.0833333333333333
1
0
1
0
0
0
0
1
0
0
0
0
0
0
1
0
0
0
0
0
0
1
0
0
0
0
0
0
0
0
0
0
0
1
0
0
0
0
0.45
0
1
0
1
1
0.479452054794521
0
0
1
0
0
0
0
1
0
1
0
0
0
1
1
0
0
0
0
0
0
1
0
1
0
0
0.5
0
0
1
0
0
0
1
1
0
0
0
1
0
1
0
0
1
0
0
0
0
0
0
0
0
0
0
0
0.5
0
1
0
0
0
0
0
0
1
0
0
0
0
0
0
0
0
0
0
0
0
1
0
1
0
0
1
0
0
0
1
0
0
0.186440677966102
1
0
0.313253012048193
0
0
0
0
1
0.451612903225806
0
0
0
0
0.357142857142857
1
0
0
0
0.444444444444444
0
0
0
0
0
0
0.555555555555556
0
0
0
0
0
1
0.5
0
0
0.5
0
0
0
1
0
0
0
0
1
0
1
1
0
0
0
0.322448979591837
0
0
0.692307692307692
0
1
0.52
1
0
0
0
0
0
0
1
1
0
0
0.5
0.75
1
0
0
0
0
0
0.509433962264151
0.5
0
0
0
0
0.1
0
1
0.33
1
1
0
0
0
0
0
0
1
0
0
1
0
0.5
1
0
0
0
1
0
0
0.391304347826087
0
1
0
0
0
0
0
0
1
0
0
0
0
0
0.375
0
1
0
0.5
0
0
1
0
0
0.458167330677291
0
0
0
0
0
0
1
0
0
1
0
0
0
0
0.166666666666667
1
1
0
0.528571428571429
0
0
0
0
0
0
0
0
0
0
0
0
0.333333333333333
0
1
0
0
0
1
0
0
0
0
0
0
0
0.738255033557047
1
0
0.416666666666667
0
0
0
0
1
0
0
1
0
0
0
1
0.511873350923483
0
0.272727272727273
0
0
0
1
1
1
0
0
0
0
0
1
1
1
0
0
0
0
1
0
1
0
0
0
0
0
0
1
0
0
0
0
0
0
0
0
1
0
0
0
0
0
1
0
1
0
1
0.5
0
0
1
0.5
0
0
0
0
1
0
0
1
0
0
1
0
0
1
0
1
0
0
0
1
1
0
1
0
0
0
1
0
0
1
0
0
0
1
0
0
0.666666666666667
0
0
0
0
0
1
0
0
0
0
1
1
0.5
1
0
0
0
0
0
0
0
0
0.312896405919662
0
0
0
1
0
1
0
0
0
0
0
0
0
0
1
1
1
1
0
1
0
0
0
0
1
0
0
0.380952380952381
1
0
0
0
0
1
0
0
0
0
0
0
1
0
1
1
0.175097276264591
1
1
0
0.382978723404255
0
1
0
0.8
0
0
0
0.374193548387097
1
0
0
0.5
0
0
1
0
0
1
0
0
0
0
0
0
0
0
0
0
0.44
0
1
0
0
0
0
0
0
0
0
0
0.537373737373737
0
1
0
0
0
1
0
1
1
0
0
0
0
1
0
0
0
0
1
0
0
0
0
0
0
0
0
0
0
0
0
1
0
0
1
0.207792207792208
0.285714285714286
1
0
1
0
0
0
0.476190476190476
0
1
1
0
0
0
0
0
1
1
0
0
0.354430379746835
0
0
0
0
1
0
0
0
0
0
0
0
0.36046511627907
0
1
0.3
0
0
0.333333333333333
0
1
1
0
1
0
0
0.575757575757576
1
0.28
0
0
0
1
0
1
0
0
0
0
1
0
1
0
1
0
1
0
1
0
1
0
0
0
0
0
0
0.378378378378378
0.536585365853659
0
0
1
0
0
0
0
1
1
0
0
0
0
0.5
0.333333333333333
0
0
1
1
0
0
1
0
1
0
0
0
0
1
0
0
0
1
1
0
0
1
1
1
0.375
0
0
0
1
0
0.372549019607843
0
1
0
0
0
0
0
1
0
1
0
0
0
0
0
1
0
0
0
0
0
0
0
0
0
0
1
0
0
0
0
1
0
0
1
0
0
0
0
0
1
1
0
0
0
0
0
0
0
0
0
0
0
1
1
1
0
0
0
0.5
1
0
0
0
0
1
1
0
0
0
0
1
0
0
0
0
0
1
0
1
1
0
0
1
1
0
0
0
0
0
0
0
1
0
0.5
0
0
0
0
0
0
0
1
0
0
0
0
0
0
0.777777777777778
0
1
1
0
0
0
0
1
0
0
0
0
0
0
1
0
0
0
0
0
0
1
0
0
0
0
1
0
0
0
0
1
0
0
0
0
1
0
0
0
0
1
0
0
0.5
0
0
0
0
0
0
1
0.526315789473684
0
0
0
1
0
1
0
1
0
0
0
0
0
1
0
0
0
0
0
1
0
1
0
0
0
0
1
1
0
1
0.5
1
1
0
1
0
0
0.310344827586207
0
0
0
0
0
0
0
1
0
1
0
0
0
0.5
0
0
0
0
0
0
0
0
0
0
0.351351351351351
0
0
0
0
0
0
0
0
0
0
0
0
0
0
1
0
0
0
0
0
1
0
0
0
0
1
1
0
0
1
0
0
0
0
0
0
0
1
0
0
0
0.444444444444444
0
0
0
0
0
0
0
0
0
0
1
1
0
0
0
0
1
1
0
0
0
0.6
0
0
0
0
0.5625
0
1
1
0
1
0
0
0
0
1
0
0
0
1
0
0
0
0
1
0
0
0
0
0
0
0
1
0
1
0
0
0
0
0
0.371134020618557
1
1
0
0
0
0
0
0
0
1
1
0
0
0
0
0
0
0
0
0
1
0
0
1
0
0
0
0.6
0
0
0
0
1
0
0
0
0
0
0
0
0
0
0
0
0
0
0.4
0
1
1
0
0
0.25
1
0
1
1
0.666666666666667
0
0
1
0
1
1
0
0
0
0
0
0
0.425925925925926
0
0
1
0
0
0.346153846153846
0
0
0
1
1
0
0
0
0
0
0
0
0.346153846153846
0
1
0
0
0
1
0
0.44
1
0
0
0
0
0
0
0.25
0
0
0
1
0
0
0
0
0
0
0
0
0
0
0
0
0
0
0
1
1
0.5
1
1
0
0
0
0
0
1
1
0
0
0
0
0
0
0
1
0
0
0
1
0
0
0
0
0
0
0
0
0
0
0
1
0
0
0
0
0
0
0
0
1
0
0
0
0
0
0
0
1
1
0
0
0
0
0.612903225806452
1
0.25
1
0
0
0
0
0
0
0.467455621301775
0.434782608695652
0
1
0
0.5
1
0
0
0
1
0
0
0
1
1
1
0
0
1
1
0
0
0
0
0
0
0
0.333333333333333
0
1
0
0
0
0.506493506493506
0
0
0
0
0
0
0
0
0
0
0
0
0
1
1
0
0
0
0
0
0
0
0
0
0
0
1
0
0
0
0
0
0
0
0
0
0
0
0
1
1
1
0
0.444444444444444
0.226415094339623
0
0.5
0
0
0.517241379310345
0
1
1
0
0
0
0
0.204918032786885
1
0
0
0
0
0
0
0
0
0
0
1
0
0
0
0
0
0.333333333333333
1
0
0
0
0
0
0
0.5
0
1
0
0
0
0
0
0
0
0
0
1
0
0
0
0.333333333333333
1
1
0
1
1
0
1
0
0.5
0
1
0
1
1
0
0
0
0
0
0
1
0
0
0
0
1
0
0
1
0
0
0
0
0
0
0
0.4
0
0
0
0
1
0
0
0.416666666666667
1
1
0
0
0
0
0
0
0
0
0
0
0
0
0
0
0
0
0.230769230769231
1
0
0
0
1
0
0
1
0
1
0
0
0
0
0
0
0
0
1
0
0
0
0
0
0
1
0
1
1
0
1
0
0
0
0
0
0
1
0
0
1
0
0
1
0
0
0
0
0
1
0
1
0
1
0
0
0
0
0
0
0
0
1
0
1
0
0
0
0.230769230769231
1
0
0
0
0
1
0
1
0
0
0
0
1
0
0
0
0
0
0
0
1
0
0
0
0.468965517241379
0
1
0
0
0
0
0
1
0.523860021208908
0
0
0
1
0
0.5
0
1
0
1
0
0
0
0
0
0
0
1
1
0
0
1
0.181146025878004
0
1
0
1
0
0
0
1
0.5
0
0
0
0
1
0
0
1
0
1
0
1
0
0
0
0
0
0
0
0.192452830188679
0
1
0
0
0.454545454545455
1
0
0
0
0
0
1
0.727272727272727
0
0
0
0
1
0
0
1
1
0
0
0
1
1
0.2
1
0
0
0
1
0
0
0
0
0
0
0.285714285714286
0
0
0
0
0
0
0
0.875
0
0
0
0
0
0
0.363636363636364
0
0
0
0
0
0
0
1
1
0
0
0
0
0
1
0
0
0
0
0
1
1
0
0
1
0
1
0
0
0
1
0
0.75
0
1
0
1
1
0
0
0
0
0
0
0
0
0
0
1
1
0
1
0.431372549019608
0
0
1
0
0
0
0
0
0
0
0.372549019607843
1
0
0
0
0
0.666666666666667
0
0
0
0
0
0
0
0
1
0
0.25
0
0
0
1
0
0
1
0
0.258992805755396
0
0
0.38768115942029
0
1
0
0
0
0
1
0
0
0
0
0
1
0
1
0
0
0
1
0
0
0
0
1
0.507042253521127
1
0.25
1
0
0
0
0
0
0.542857142857143
0
0
0
0
1
0
0
0
0.4
1
0
0
0
1
0
0
1
0
0
0
1
1
1
0.441176470588235
0
0
0
0
0
0
0
1
0
1
0
0
0
1
0
0.5
0
0
0
0
1
0.333333333333333
0
0
1
0
0
1
0
0
0
1
0
0
0.5
0
1
0
0
1
1
0
1
0
0
0.5
1
0
0.445255474452555
1
0
1
0
1
0
0
0.285714285714286
0
1
0
0.5
0.48
0
0
0
1
0
1
1
1
0
1
0
0
1
0
0.26865671641791
0
1
0
0
1
0
0
1
1
1
1
0
0
0
0
0
0
0
0
0
1
0
0
0
0
0
0
1
0
0
0
0
0
0
0
1
0
0.666666666666667
0
0
0
0
0
1
1
0
0
0
0
1
0
0
0
1
0
0.238924050632911
1
0
1
0
0.340425531914894
0
0
0
1
0.333333333333333
0
0
0
0
1
0
0
0
1
0.333333333333333
0
0
0
0
1
0
0
1
0
0
0
0
1
0.590909090909091
0
0
0.5
0
1
0
0
0
0
0
0
0
0
1
0
0
0
0
0
0
0
0
0
0
0
0
0
1
0
0
1
0
1
0
0
1
1
0.666666666666667
0
0
0
0
1
0
1
1
1
0
1
0
1
0
1
0
1
0.433333333333333
1
0
0.636363636363636
0
0
0
1
1
0
0
0.333333333333333
0
0
0
0
0
0
1
0
0.377551020408163
0
1
0
0.3
0
0
0
0
0
0
0
1
0
0
0.56
0
0
0
1
0.354838709677419
0
1
1
1
1
0.368421052631579
0
0
0
0
0
1
0
0
0
0
0
0
0
0
0
1
0.785714285714286
0
0
0
0
1
1
0
1
0
1
0
0
1
0.285714285714286
0
0
0
0
0
0
0
0
0
0
1
0
0
0
0
0
1
0
0
0
0
1
1
0
0
1
0
1
0
1
0
1
1
0
0
0
0
0
0
0
0.3125
0.448979591836735
0
0
0
0
1
1
1
1
0.625
0
0
0
0
0
0.509316770186335
0
0
0
0
1
0
0
0.115384615384615
0
0
0.485549132947977
0
0
0
1
0
0
0
0.652173913043478
1
1
1
0
0
0
0
0
0
0.28125
0
1
1
0
0
0
1
0
0
1
0
0
0
0
1
0
0
0
0
1
0
0
1
0
0
0
0
0
1
0
0
0
1
0
1
0
0
1
0
0
0
0
0
1
0
0
1
0
1
0
1
0
0
0
1
0
0
1
1
0
0
0
0
1
0
0
1
0
0
0
0
1
0
0
0
0
0
1
0
1
1
0
0
0
0
0
0.208955223880597
0
0
0
0
0
0
1
0
0
0
0
0
0
0
1
0
0
0
1
0.166666666666667
0
1
0
0
0
0
0
0
0
0
1
0
1
0.288135593220339
0
0
0
0.340909090909091
0
0.454545454545455
0
0
0
0
0
0
1
0
0
0
0
0
0.3
1
0
0
0
0
0
0
0.549738219895288
0
1
0
0
1
0
1
0.513513513513513
0
0
0.373134328358209
0
0
1
0
0
1
0
0
0
0
1
0
0
0.615384615384615
1
0
0.6
1
0
0
0
1
0
0
0
0
0
0
0
0
0
0
0
1
0
0
0
0
0
0
1
0
0.308823529411765
0
0
0
0
0
0
0.75
0
1
0
0.5
0
0.560975609756098
0
0
0
0.384615384615385
0
0
0
1
0
0
1
0
0
1
1
0
0.833333333333333
0
0
0
1
1
0
0
0
0
0
0
0
0
0
1
0
1
0
0
0
1
0
0
0
0
0.857142857142857
0
0
0
0
0
0
0
1
0
0.328467153284672
1
0
0.244444444444444
0
0
1
0
1
0.375
1
0
1
0
1
1
0
1
0.4
0
0
1
1
0
0
1
0
0
1
0
0
0
0
0
0
0
0
1
0
0
0
1
1
0.666666666666667
1
0
0
1
1
1
0
0
1
0
0.454545454545455
1
0.154857560262966
1
0
0
0
0
0
0
0
0
1
0
1
0
1
0
0
0
0
0.5
0
1
0
0
0.5
0
0
0.714285714285714
0
0
0
0
0.275229357798165
0
0
1
1
0
0
1
0
0.192307692307692
0
0
0
0
0
0
0
1
0.166666666666667
0
0
0
0
0
1
1
0
0
0
0
0
0
0.75
0
1
0
0
0
0
0
0
1
0
0
0
0
0
1
0
0
0
0
0
0.568627450980392
0
0
1
0
0
0
0
1
0.285714285714286
0
1
0
0
0
1
0
1
0
0.28256880733945
0.285714285714286
0
1
0
0
1
0
0
0
1
0
0
0
0
0
0
1
0
0
0
0
0
0
0
0
0
0
0
0
0
0
0
0.75
0
0
0
0
0
0
0
0
1
0
0
1
0
0
0
0
1
0
0
0
0
0
0
0
0
0
0
1
0
0
0
0
0
0
0
0
0
1
0
0
0
0
0
0
0
1
0
1
0
0.475
0
0
1
0
0
1
0
0.28
0
0
0
1
0
0
0
0
1
0.271052631578947
0
0.242105263157895
0.2
1
1
0
0
0
0
0
0
0.692307692307692
1
0.289473684210526
1
0
0.25
0
0
1
0
0.333333333333333
0
1
0
1
1
0
0
0
0
0
0
0
0
0
1
0
0
0
1
0
0
1
0
0
0
0
0
0
1
0.416666666666667
0
0
1
0
0
0
1
1
1
0
0
1
0
0
0.419354838709677
0
0
0
0
1
0
0
0
0
1
1
1
0
0
1
1
1
0
0
0
0
0
1
0
0
0.346644010195412
0.6
0
0
1
0
0.222602739726027
0
0
1
0
0
1
0
1
0
1
1
0
0
0
0
1
0
0
0
0
0
0.50561797752809
0
0.5
0
0
1
0
0
0
0
0
0
0
1
0
0
0.152542372881356
0.333333333333333
0
0
0
0
0
0
0
0.273809523809524
0
0
1
0.375
0
0.0859375
0
0
1
0
1
0
1
0
0
0
0
0
0
0
0
0
0
1
1
0
0
0
0
0
0
0
0
0
0
0
1
0
1
0
1
0
0
1
0.214285714285714
1
1
1
0
0
1
1
0.5
0
0
1
0
0
0.648648648648649
0
0
0
0
1
0
0
1
1
0
1
0
0
0
0
1
0
0
0
0
1
0
0
0
0
0.6
0
0
1
0
0.0769230769230769
0
1
0
0
1
0.714285714285714
0.5
0.5
1
0
0
0
0
0
0
0.666666666666667
0.375
0
0
0
0.4
1
0
0.75
0.5
0.5
0
0
0
0
0
1
0
0
0.222222222222222
0
0
0.4
0
0
0.769230769230769
1
0
0.333333333333333
0
0
0
0
0
1
0
0.48
0.333333333333333
0
0
0
1
0
1
1
1
1
0.5
0
0
0
0
0
0
0
1
0
0
0
0
0
0
0
1
1
0
0
0.666666666666667
1
0.78125
0.818181818181818
1
0
0
0
0
1
1
0
0
0
1
1
1
0
0
0
0
0
0
1
0
0
1
0
0
0.407407407407407
0
0
0.5
1
0
0.5
0
0
0
0.2
0
0
0
0
0.666666666666667
0.5
0
0.5
0
0
0
0
0
0
0
1
0
0
0
0
0
1
0
1
0
0.75
0
0
0
0
0
0.3
1
1
0
0
0
0
0
0
0
0.333333333333333
0
0
0
0
0
1
1
0
0
0
0
0
0
0
0
0
0
0
0
0
1
1
0
0
0
0
0
0
0.5
0
0
0
1
0
0.448275862068966
0
0
0
0
1
0
1
1
0
0.516129032258065
0
1
1
0
1
0
0
0
1
1
1
1
0
1
0
0
0
0
0.385714285714286
0
1
0
0
0
1
0.75
1
1
0
0
0
0
0
1
0
0
0
0
0
0
0
0
1
1
1
0
0
0
0
1
1
0
0
0
0
0
0
0
0
0
1
0
1
0
0.388888888888889
0
0
0
0
0
0
0
0
0
1
0.5
0
0
0
0
0
0
0
0
0.5
0
0
0
1
1
0
0
0
0
0
0
0
0
1
1
0
0
0
0
1
1
0
0
0.782608695652174
0
0
0
0
0.333333333333333
0.445054945054945
0
0
0
1
0
1
0
0.666666666666667
0
0
0
0
0
1
0
0
0
1
1
0
0
0
1
0
0
1
0
1
0
1
1
0
1
1
1
0
0
0
0
0
0
0
0
0
1
0
0
0.533333333333333
0
0
0
1
0.333333333333333
0
0.527090694935218
0
0
0
0
0
0
0
1
0
0
0
0
0
0
0
1
0
1
0
0
0
0
0
0
0
0
0.5
0
0
0
0
0
0
1
0.222222222222222
1
0
0.5
0.777777777777778
0
0
0.690140845070423
0.5
0.666666666666667
1
0.461538461538462
0
1
0
0
0
0
0
0
0
0
0
0
0.75
0
0
0
1
0
0.551724137931034
0.333333333333333
0
0.666666666666667
0
0
0
0
0
0.5
0
0
1
0.666666666666667
0
0.509433962264151
1
0
0
0
0.4
0
0
0
0
0
0
0
0
0
0
0
0
0
0
0
0
0
0
0
0
0.166666666666667
0
0.333333333333333
0
0
1
0
1
0
0
0
0
1
0.833333333333333
0
0
0
0
0
0
0
0
1
0
0
0
0
0
0.615384615384615
0.923076923076923
1
0
0
0
1
1
0
1
0
0
0
0
0.666666666666667
0
0
0
0
0
0
0
0
0
0.666666666666667
1
0
0
0.666666666666667
1
0
0
0
0
0
0
0
0
0
0
0
0
0.75
0
0
0
1
0
0
0
0
0
0
0
0.548387096774194
0.142857142857143
0.5
0
0
0
0
0
0
0
0
0
0
0
0
0
1
1
0
0
0
0
0
1
0
0
0
0
1
0
0
0
0
0
0
0
0
1
0.4
0.333333333333333
1
0
0
0
1
0
0
0
0
0
0
0
1
0
0
0
1
0
0
0
0
0.666666666666667
0
0.333333333333333
0
0
0
0
1
0
0
0
0
0
0
1
0.75
0
0
0
0.4
0
0
0
0
1
0
0
0
0
0
0
0
0
0
0
0
0
0
0
0
0
0
0
0
0
1
0
0
0
1
1
1
0.604651162790698
1
0
1
0
0
0
0
1
0
0
0
0
0
0
0
0
0
1
0
1
1
0
0
1
0
0
0
0
0
1
0
0
0
1
0
1
0
0
1
0
0
0
0
1
0
0
0
0
0
0
0
0
0
0
0
0.666666666666667
0
1
1
0
0
0
0
1
0
0
0
1
0
0
0
0
0
0
0
0
1
1
0
0
0
0
0.8
0
1
0
0
1
0
0
0.333333333333333
0
0
1
0
1
1
0
0
0
0
0
0
0
0
0
0
0
0
1
1
0
1
1
0
0
0
0
0
0
0
0
0
0
1
0
0
0.5
0
0
0
0
0
0
0
1
1
0
0
0
0
0
0
0
0
0
0
0
0
0
0
0
0
0
0.5
0
1
1
0
1
1
0
1
0
0
0
0
0
0
0
0
0
1
0
0
1
0.4
1
0
1
0
0
0
1
0
0
0
0
0
0
0
0
0
0
0
0
0
0
1
0
0
0
1
0
0
0
1
0
0
0
0
0
0
0
0
0
0
0
0
0
0
0
0
0
0
0
0
0
0
0
0
0
0
0
0
1
0
0
0
0
0
1
0
0
0
0
0
0
0
0.5
1
0
0
0
0
0
0
0
0
0
1
0
0
0
0
0
0
0
0
0
0
0
0
0
0.35
1
0
1
0
1
1
0
0
0
0
0
1
1
0
0
0
0
0
0
0
1
1
0
1
0
0
0
0
0
0
0
0
0
0
0
0
0
0
1
0
0
0
0.333333333333333
0
0
0
0
0
0
0
0
1
0
0
0
0
1
0
0
0
1
1
0
0
1
0
0
0
0
0
0.5
0
0.777777777777778
0
0
0
0
0
1
0
0
0
0
0
0
0
0
1
0
1
1
0
1
0
0
0
0
0
0
0
0
0
0
1
0
0
0
0
0
0
0.5
1
0
0
0
0
0
1
0
0
0
0
0
0
0
0
1
0
0
0
0
0
0
0
0
1
0
0
0
0
0
0
0
0
0
0
0
0
0
0
1
0
0
1
0
0
0
1
0
0
0
0
0
1
0
0
0
1
0
0
0
0
1
0
0
0
0.524590163934426
1
0
1
0.75
0
0
0
0
0
0
0
0
0
0
1
0
0
0.111111111111111
0
0
0
0
0
0
0
0
0
0
0
0
0.298507462686567
0
0
0
0
0
1
0
1
1
0
0
0
0.666666666666667
0
0
0
0
0
0
0
0
0
0
0
0
0
0
0
0
0
0
0
0
1
1
0
0
0
0
0
1
0
1
0
0
0
0
0
0
1
0
0
0
0
0
0
1
0
0
0
0
1
0
0
0
0
0
0
0
0
1
0
0
0
0
0
0
1
0
0.467532467532468
0
0
0
0
0
0
0
1
1
0
0
0
0
0
0
0.75
0
0
0
1
0
0
0
0
0
1
0
0
0
0
1
0
0
0
0
0
1
0
0
0
1
1
0
0
0
0
0
0
0
0
0
1
0
0
0
0
0
0
0
0
0
0
0
0
0
1
1
0
1
0
0
1
0
0
0
0
0
0
0
0
0
0
0
1
1
0
0
0
1
0
0
0
0
1
0
0
0
1
0
0
0
0
0
1
0
1
0
0
0
0
0
0
0
0
0
0
0.666666666666667
0
0
0
0
0
1
0
0
1
0
1
0
0
0
0
0
0
0
0
0
0
0
0
0
0
0
0
0
0
0
0
0
0
1
0
1
0
0
0
1
0
0
0
0
0
0
0
0
0
1
0
0
1
0
0
1
0
0
0
1
0
0
0
1
0
0
0
0
0
0
1
0
0
0.875
1
0
0
0
0
0
0
0
1
0
0
0
0
0
0
0
0
0
0
0
0
0.666666666666667
0
0
0
0
0.627118644067797
0
1
0
0
0
0
0
0
1
0
0
0
0
0
0
0
0
0
0
0
0
0
0
0
0
0
0
0
0
0
1
0
0
0
0
0
0
1
0
0
1
0
1
0
0
0
1
0
0
0
0
0
0
1
0
0
0
0
0
0
0
0
0
0
0
0
0
0
0
0
0
0
1
0
0
0.5
0
0
0
0
0
1
0
0
0
1
0
1
0
0
0
0
0
0
0
0
0
0
1
0
1
0
1
1
0
1
0
0
0
0
1
0
0
1
1
1
0
0.485148514851485
1
0
0
0
1
0
0
0
0.636363636363636
0
0
0
0
0
0
0
0
0
0
0
0
1
0
0
0
0
0
0.666666666666667
0
0.714285714285714
0
1
1
0
0
1
0
0
0
0
1
1
0
0
1
0
1
0
0.636363636363636
0
0
0
0
0
0
0
1
0
1
0
0
0
0
0
0
0
0
0
0
0
0
0
0
0
0
0
0
0
0
0
0
0
0
0
0
0
0
0
0
0
0
0
0
0
0
0
0
0
0
0
0
1
1
1
0
0
0
1
0
1
0
0
0
0
0
1
0
0
0
0
0
0
0.462962962962963
0
0
0
0
0
0
0
0
0
0
0
0
0
1
0
0
1
0
1
0
0
0
0
0
0
0
0
0
0
0
0
0
0
0
0
0
0
0
0
0.5
0
0
0
0
0
0
0
0
0
0
1
0
0
0
0
0
0
0
0
0
0
0.484848484848485
1
1
0
1
0
0
0
0
0
0
0
0
0
0
1
0
0
1
0
0
0
0
0
0
0
0
0
0
0
0
0
0
0
1
1
1
0
0
0
0
0
0
0
0
0
0
0
0
0
0
0
0
0
0
1
1
0
0
0
0
0
1
1
0
0
0
0
0
0
0
0
0
0
1
0
0
1
0
1
0
0
0
0
0
0
0
1
0
0
0
0
0
0
0
0
0
0
0
0
1
0
0
0
0
0
0
0
0
0
0
0
0
0
0.5
0
0
0
0
0
0
0
0
0
0
0
0
0
0
0
0
0
0
1
0
0
0
0
0
0
0
0
0
0
0
0
0
1
0
0
1
0
1
0
0
0
0
0
0
0
0
0
0
0
0
0
0
0.388888888888889
0
0
0
0
0
0
0
0
0
0
0
0
0
0
0.65
0
0
0
0
1
0.594594594594595
0
0
0
1
1
0
1
0
0
0
0
0
1
0
0
1
0
0
0
0
0
0
0
0.333333333333333
0
0
0
0
0
1
1
0
0
0
0
1
0
1
0
0
0
0.5
0
0
1
1
0
0
1
0
1
0
1
0
0
0
0
0
0
0
1
0
0
1
0
1
0
0
0
0
0
0
0
1
1
0
0
0
0
0
0
0
0
0
0
0
0
0
1
0
0
0
0
0.5
0
0
0
1
0
0
0
0
0
0
0
1
0
0
1
0
0
0
1
0
0
0
0
0
0
0
1
0
0
0
0
0
0
0
0
0
1
0
0
0
0
0
0
0
0
0
0
0
0
0
1
0
0
0
0
0
1
0
0
0
0
0
0
0
0
0
0
0
0
0
0
0
0
0
0
0.5
0
0
0
0
0
0
0
0
1
0
0
0
0
0
0
0
0
0
0
0
1
0
0
0
0
0
1
0
0
0
0
0
0
1
0
0
0
0
0
0
0
0
0
1
1
0
0
0
0
0
0
0
0
0
0
0
0
0
0
0
0
0
0
0
0
0
0
0
0
0
0
0
1
0
0
0
0
0
0
0.772727272727273
0
0
0
0
0
0
0
0
0
0
0
0
0
0
0
0
0.160349854227405
0
0
0
0
0
0
0
0
0
0
0
0
0
0
0
0
0
1
0
0.5
0
1
0
0
0
0
0
0
0
0
0
0
1
0
1
0
0
0
1
0
1
1
0
0
0
0
0
0
0
0
1
1
0
0
0
0
0
0
0
0
0
0
0
0
0
0
0
0
0
0
0
0
0
0
0
0
1
0
0
0
0
0
0
0
0
0
0
0
0
0
0
0
0
0
0
1
0
0
0
1
0
0
0
0
0.672727272727273
1
0
0
0
0
0
0
0
0
0
0
0
1
0
0
0
0
0
1
0
0
0
1
0
0
0
1
0
0
0
1
1
0
0
0
0
0
0
0
0
0
0
0
0
0
0
0
1
0
0
0
0
0
0.2
0
0
0
0
0
0
0
0
0
1
0
0
0
0
0
0
0
1
0
0
1
0
0.4
0
0
1
0
0
0
0
0
0
0
0
0
0
0
0
1
1
0
0
0.5
0
0
0
0
1
0
0
0
0
0
0
0
0
0
0
0
0
0
0.642857142857143
0
0
0
0
0
0
0
0
0
0
0
1
0.666666666666667
0
0
0
1
1
0
0
0
0
1
0
0
0
0
0.8
0
0
1
1
0
0
0
0
1
0
0
0.5
0
0
1
0
0
1
0
0
0
0
0
0
1
0
0
0
0
0
0
1
0
1
1
0
0
0
0
0
0
0
0.5
0
0
0
0
0
0
1
0
0
0
1
0
0
0
0
0
1
0
0
0
0
0
0
0
0
1
0
0
0
0
1
0
0
0
0
0
0
0
0.666666666666667
0
0
0
0
0
0
0
0
0
0
0
1
0
0
0
0
0
0
0
0
0
0
0
1
0
0
0
0
0
0
0
0
0
0
0
0
0
0
0
0
0
0
0
0
0
1
0
0
1
1
0
0
0
0
0
0
0
0
0
0
0
1
0
0
0
0
0
0
1
1
0
0
0
0
1
0
0
0
1
0
0
0
0
0
0
0
0
0
0
0
0
0
0
0
0
0
0
1
0
0
0
0
0
0
0
0
0
0
0
0
0
1
0
1
0
0
0
0
0
0
0
0
0
0
0
0
1
0
1
0
0
1
0
0
0
0
0
0
0
0
0
0
0
0
0
0
0
0
0
0
0
0
0
0
1
0
0
0
0.666666666666667
0
0
0
0
0
1
1
0
0
0
0
0
0
0
1
1
0
0
0
0
0
1
0
0
0
0
0
0
0
1
0
1
0
0
0
0
0
0
0
0
0.588235294117647
0
0
0
0
0
0
0
0
0.333333333333333
0
0
0
1
0
0
0
0
0
0
0
1
0
1
1
0
0
0
0
1
0.384615384615385
1
1
0
0
1
0
0
0
0
0.567567567567568
0
0
0
0
0
0
0
0
0
0
0
0
0
0
0
0
0
0
0
0
0
0
0
0
0
0
0
0
0
0
0
0
0
0
0
0
0
0
0
0
1
1
1
0
0
0
1
0
0
0
0
0
0
1
0
0
0
1
0
0
0
0
1
0
0
0
0
0
0
0
1
0
0.5
0
0
0
0
0
0
1
0
0
0
0
0
0
0
0
0
0
0
0
0
0
0
0
0
0
0
0
0
0.833333333333333
0
0
0
0
0
0
0
0
0
0
0
1
0
0
0
0
0
0
0.571428571428571
0
1
0
0
1
0
0
0
0
0
0
0
0
0
0
0
0
0
0
0
0
0
0
0
0
0
0
0
0.515625
0
0
0
0
0
0
0
1
0
0
0
0
0
0
0
0
0
0
0
0
0
0
0
0
0
0
1
0
0
0
0
0
1
1
1
0
0
0
0
0
0
0
0
0
0
0
0
0
0
0
0
0
0
1
0
0
0
0.5
0
0
0
0
0
0
0
0
0
0
0
1
0
0
0
1
0
0
1
0
0
0
0
0
0
0
0
0
0
0
0
0
1
0.5
0
0.509090909090909
0
0
0
0
1
0
0
0
0
0
0.75
0
0
0
0
0
0
0
1
1
1
0
0
0
1
0
0
1
0
1
0
0
0
0
0
0
0
1
0
0
1
0
0
0
0
0
0
0
0
0
0
0
0
0
0
0
0
0
0
0
0
0
0
0
0.5
0.380952380952381
1
0.666666666666667
0
0
0
0.5
0
0
0
0
0
0
0
0
0
0
0
0
0
0
0
0
0
0
0
0
0
0
1
1
1
0
0
1
1
0
0
0
0
0
0
0
0
1
0
0
1
0
0
0
0
0
0
0
0
0.5
0
0
0
0
0
0
0
0
0
0
0
1
0
0
0
1
0
0
0
0
0
1
0
0
0
0
1
0
0
0.382352941176471
0
0
0
0
0
1
0
0
0
0
0
0
0
0
0
1
0
1
0
0
0
0
0
0
1
0
0
0
0
0.333333333333333
0
0
0
0
0
1
1
1
0
1
0
1
1
0
0
0
0
0
0
0
0
0
0
0
0
0
0
1
0
0
0
0
1
0
1
0
0
0
0
0
0
0
0
0
0
0
0
0
0
0
0
0
0
0
0
0.346153846153846
0
0
0
0
0
0
0
0
0
0
0
0
0
0
0
0
0
0
0
1
0
0
0
0
0
1
0
0.5
0
0
0
0
0
0
0
0
0
0
0
0
0
1
0
0
0
0
0
1
0
0
0
0
0
0
0
0
0.5
0
0
0.333333333333333
0
0
1
0
0
0
1
0
0.426829268292683
1
0
0
0
0
0
0
0
0
0
0
0
0
0
1
0
0
0.55
0
0
0
0.333333333333333
0
0
0
0
0
0
0
0
1
0
0
0
0
1
0
0
0
0
1
0.4375
0
0
0
0
1
0
0
0
0
0
0
0
0
0
0
0
0
0
0
0
0
0
0
0
0
0
0
0
0.166666666666667
0
0
0
0
0
1
0
0
0
0
0.285714285714286
0
1
1
0
0
0
0
0
0
0
0
0
0
0
0
1
0
0
0
0
0
0
1
0
0
1
0
0
0
0
0
0
0
1
1
0
0
0
0
0
0
1
1
1
0
0
0
0
0
