3
1
1
1
0.916666666666667
0
0.982142857142857
0.823529411764706
0.936170212765957
1
1.74576271186441
0.5
0.666666666666667
0
0.956521739130435
1.75
0.75
1
0.75
0.5
0.962962962962963
0.5
0.0384615384615385
0.931034482758621
0.933333333333333
0
0.44
1.90909090909091
0.833333333333333
0
0
0
1
3
0.4
0.981132075471698
0.857142857142857
0.7
0.666666666666667
0
0
0
1.75
0.869565217391304
0
0.98780487804878
1.5
1.5
0.952380952380952
0.333333333333333
0.5
0.9375
2
1.90909090909091
0.8
0.666666666666667
0.75
0.723076923076923
0
0.586989409984871
0.958333333333333
1
1.12720848056537
1.0125
0.857142857142857
0.1875
0.948051948051948
0.75
0.95
2
0
1
1
1.625
1
0.5
1.5
0.980582524271845
0.5
1
0.666666666666667
0.5
0.666666666666667
2.93333333333333
1.44444444444444
0.888888888888889
1.5
1.33841131664853
1
1.875
0
0.962962962962963
0
1.25
1
0
1
0
2
0.5
0.5
1.15625
5.5
1.66666666666667
0
0.775
1.8
0.571428571428571
0.6
0.5
0.875
1.03896103896104
0
1.75
0.0833333333333333
1.92307692307692
0.214285714285714
1.64285714285714
0
1
1
0.833333333333333
0
0.333333333333333
1.33333333333333
0.294117647058824
0.8
0.833333333333333
0.941176470588235
2.97058823529412
0.5
1
0.888888888888889
0
1
0.8
0.666666666666667
2
0
0
0.8
0.153846153846154
0
0
0.96875
0.476190476190476
0.5
0.875
0.666666666666667
1
0
0.75
0.0240963855421687
0.973684210526316
0.5
0.990825688073395
0.8
0.875
0.952380952380952
1
2
1.16666666666667
0.888888888888889
0
2
0
4.8
1
0
0.8
2
0
1
1
0.5
0.764705882352941
0.0588235294117647
0.632911392405063
0
1
0.450819672131148
0
0.857142857142857
3
0.0757575757575758
2.94444444444444
1
0.972972972972973
1.5
3.75
1.26315789473684
0
1
0.4
0.727272727272727
0.428571428571429
1.94117647058824
0.875
2.85714285714286
0.965217391304348
1.5
0.666666666666667
1.66666666666667
0.875
1.12690355329949
1
0.9
0.5
0.0625
0
0.5
0.991304347826087
0.666666666666667
2.5
0.0666666666666667
1
0
1.54545454545455
0.644859813084112
1
1.66666666666667
2
0
1
1
1.92307692307692
0.313725490196078
0.4
1.5
3.90909090909091
1.75
1.5
0
0
1
2.66666666666667
0.9375
1.5
2
0.906976744186046
0
0
0
0.714285714285714
1.25
3.984375
0
2.125
0.652777777777778
0.666666666666667
1
0
0.361111111111111
0.794871794871795
0.833333333333333
0.5
1.75
0
1.78571428571429
0.333333333333333
0.5
0.75
0.5
1.33333333333333
1.33333333333333
1
0.951219512195122
0.75
1.03030303030303
0
2
0.75
2.5
0
0
1.92307692307692
0.5
0
0
0.9375
1.66666666666667
0
1
1
1
0
0
0.142857142857143
0.970588235294118
0.916666666666667
0.8
1
0.9375
0.857142857142857
0.972222222222222
0.833333333333333
4
2
0.923076923076923
1
1.03225806451613
0
1
0
0.954545454545455
1
0.5
1
0.5
0.666666666666667
0
1
1.05555555555556
0.5
1.88235294117647
0.969072164948454
0.833333333333333
0.833333333333333
0.666666666666667
0
0
1.5
1
0.5
0.933333333333333
0
0
0.857142857142857
0
0.470588235294118
2.10843373493976
0.25
1
1
0.5
1
1
0.888888888888889
0.25
1.5
1.875
0.333333333333333
0
0.993788819875776
2
0
0
1
0.909090909090909
1.66666666666667
1
0.692307692307692
2.5
0.4375
1
0.5
0.0454545454545455
0.714285714285714
0
0.983333333333333
0.7
0.210526315789474
0.857142857142857
0.130434782608696
0.966666666666667
1.5
0.5
0.8
1.5
0.956521739130435
2.25
0
0
0
1.00913242009132
1
0.371308016877637
0.75
1.24038461538462
1
0.974789915966387
0.5
2.42857142857143
0.857142857142857
0.8
0.833333333333333
0.8
0.666666666666667
0.416666666666667
0.888888888888889
2.5
0.666666666666667
0.75
0
0.857142857142857
1
1.5
0.317647058823529
0.2
0
3
1
0.923076923076923
0.833333333333333
0.91304347826087
0.0666666666666667
1.75
0.5
0.666666666666667
2.0261780104712
0.5
0.0689655172413793
0
0
0.875
0.9375
0.933333333333333
0
0
0.75
3
0.95
1.06666666666667
0.909090909090909
0.855855855855856
0
0.857142857142857
1
0
0.961538461538462
0
1.83333333333333
0.928571428571429
0.714285714285714
0.481481481481481
0.6
0
0.666666666666667
2
1
0.8
1.91666666666667
2
0.5
0
0.928571428571429
0.4
0
0.5
0.875
0.996960486322188
0
0
0
1
0.888888888888889
1
0.333333333333333
1
0.5
0
2
0
1.66666666666667
0.5
0.8
0.4
1
0.5
0.666666666666667
0
1
1
0.75
0
0.818181818181818
1.91666666666667
0.826086956521739
0.333333333333333
0.5
1
0.176470588235294
1.75
0.5
0
0
0
0
1
0
1
0.55
0.888888888888889
1.11111111111111
1.8
0.241379310344828
0.923076923076923
1
2
1.5
0
0.928571428571429
1.5
0.928571428571429
0.0434782608695652
1
0.75
0.384615384615385
0
3.5
3
1
1.125
0
1
0
2
1.5
0
3.5
0.972222222222222
2.66666666666667
2
0.777777777777778
0.857142857142857
0.5
1
0.392857142857143
1
0
1
0.55
1
0
0.8
0.8
0.962962962962963
1.05185185185185
0.666666666666667
1.5
4
1
0
1
0.98974358974359
0
1.25
0
1
1
0
0.75
0
0.466666666666667
1
0.833333333333333
0.833333333333333
1.94444444444444
0.875
0
0
1.75
1.375
0.285714285714286
0
2.5
2.4
0.5
0.5
0.923076923076923
1.5
0
0
1.4
0
1.04166666666667
0.976744186046512
1
0.75
1.46153846153846
0
0.5
0
1
3
0.8
1.5
0
1
0
1.10975609756098
0.888888888888889
0.897058823529412
1
0.5
1
0
0.0105263157894737
0.833333333333333
0.875
0
2.5
0.909090909090909
0.666666666666667
0.666666666666667
1.66666666666667
2
2
4
1
3
0.5
0.857142857142857
0.96969696969697
0.916666666666667
0.5
0
0.514285714285714
1.01369863013699
1.5
0.666666666666667
1
0.75
0
1.12441860465116
0
1.66666666666667
1
1.5
1
1
0
2.85714285714286
0.95
0.916666666666667
0.5
0
1
0
2
0.5
0.233333333333333
1.5
0.941176470588235
2.25833333333333
0
1
0
0
0
1
1.5
0
0.5
0.666666666666667
0.5
0
0.0645161290322581
1
0.666666666666667
1
0
1.83333333333333
1.8
0
0
0
1.5
0
0.916666666666667
0
0.9
0.666666666666667
0.9375
1.5
0.666666666666667
1
0.0793650793650794
0
0.75
1.10769230769231
1
0
2.01298701298701
1.5
1.91666666666667
1
0.666666666666667
0.888888888888889
1
0.846153846153846
0
0
0
3
1
0.113636363636364
1.9375
0.5
0.833333333333333
0.666666666666667
1
2
0.75
1
0
1
1
1
2.93333333333333
0.857142857142857
0.869565217391304
0.8
1
2.4
0.916666666666667
0
2
1
1
2
0.503703703703704
2
1.66666666666667
0.666666666666667
0
1.83333333333333
1
0.875
0.952380952380952
0.666666666666667
0.507352941176471
1
0.9
0.666666666666667
0.8
0
0
0.8
0.5
0
0.246575342465753
1.5
0.666666666666667
0.5
0.92
0
1.96666666666667
0.75
0.95
0
3
0
0.970588235294118
0.666666666666667
0
0.875
0.625
0.846153846153846
0.75
0.8
0.928571428571429
0.8
0.9375
0.032258064516129
0.0526315789473684
0.0188679245283019
0.5
7
1
1
1.5
0.846153846153846
0
1
0.388888888888889
1
0.888888888888889
2
0.139130434782609
0
0.5
1
0.980392156862745
0.9375
1.88461538461538
2
0
0
5
0.869565217391304
0.666666666666667
0
0
0
0.666666666666667
1
1
0.833333333333333
2
0
0.978260869565217
0
0.857142857142857
1
0.75
0.05
1.85714285714286
1
1
0.8
0
1.66666666666667
0.5
0.947368421052632
0.75
0
2
0.875
1.5
0.025
0.333333333333333
0.15625
1
1
1
1
0
0.75
1
0
1
0.5
0.666666666666667
1.12121212121212
1
0.833333333333333
0
0.451612903225806
2.66666666666667
0
0.5
0
0
1
1
0.916666666666667
1
0.833333333333333
1
1.1093023255814
1
1
1.44444444444444
1
0
0
1.85714285714286
2
0
0.967741935483871
1
0
1
0
0
0
1
1
1
2
1
0.964285714285714
2.5
1.33333333333333
1
0.0111524163568773
0.547619047619048
0
0.7
1.5
0.5
0.5
1.4
0
2.9
1
1
2
1
0.75
0.8
1.85714285714286
1
0.106382978723404
1
0
0
4
5
1
1
1
0.666666666666667
1
0
3.75
2
0
1.85714285714286
1
1.33333333333333
0.75
3
0.5
1.75
0
1.85714285714286
0.9
1
1.25
0.5
0.5
1.93333333333333
1
0
1
0.923076923076923
1
0.0666666666666667
1
0
1
1
0
3.5
1
2
0.555555555555556
0
0
1.5
0.666666666666667
0.857142857142857
0.8
0.923076923076923
1.6
1
0
0
0.9
1
0
0
2.66666666666667
0
0.833333333333333
0
1.33333333333333
0.666666666666667
6.875
2
1
1
0
1
1
0
0.4
2.8
1
0
0
2
0.666666666666667
0
1.03571428571429
1
1.25
0.5
2.06818181818182
0.2
1
1
2
0.8
2
2
0
0.5
0.5
0
2
1
1.78571428571429
0
0.666666666666667
0.125
0
0.96551724137931
0
1.5
1
1.66666666666667
1.83333333333333
0.857142857142857
0.67741935483871
0.5
1
0
2
0.464435146443515
0
0.8
1.01666666666667
0
0.24
0.5
0
0
0
2.75
1
0
0
0
0
0.5
2.75
0.9
1.6
0.857142857142857
0
0.666666666666667
1.9
1
0
0.5
0.0714285714285714
1.83333333333333
0.0212765957446809
1
0
1
1.5
1
1
1
0.346590909090909
0.380952380952381
0.5
1
0
0
1
0.75
0.928571428571429
1
0
2
0
1.96
1.5
1.05882352941176
0
1
0.5
0
0.833333333333333
0.8
0.5
1
0
0.727272727272727
0
0
0
0.666666666666667
0.909090909090909
0.888888888888889
1.83333333333333
0
2
1.5
0.909090909090909
0.2
0
0
2
0.5
0.507692307692308
0.75
0.5
1
1
0.8
1.66666666666667
0
0
0
1
1.5
1
1
3
0.857142857142857
3
0.5
0.75
1
2
0.285714285714286
0.833333333333333
0.5
1
0
0.75
2
0.9
1
0.666666666666667
0.851851851851852
0
0.5
0.375
0.5
0.5
1
0.981651376146789
1
0.344236760124611
0.333333333333333
0
0.5
0.5
2
1.33333333333333
3.5
0
3
0.666666666666667
0.8
0
1
0
0
3.5
0.666666666666667
0.653061224489796
0
0
0
2.5
0
1
0.75
0.592356687898089
0
0
1
0.578947368421053
0
0.75
0.666666666666667
1.03030303030303
0.8
0
0
1.1
0.25
1
0
1.66666666666667
0
1
2.75
1.75
2.8
2
2.92857142857143
2
0.5
0.5
0.5
0
1
2.66666666666667
1.71428571428571
2.5
0
2
2.5
1
1.66666666666667
0
0
1
0.833333333333333
0.2
0.5
0
3
1.5
0.952380952380952
0.923076923076923
0
1
1
2
0.888888888888889
1.85714285714286
0
0
0
2
1
0
0.5
0.5
0.572463768115942
0.666666666666667
0.666666666666667
2
0.5
0.5
2
0
1
0
0.333333333333333
0.5
1.5
0
2.5
0.666666666666667
0.5
1.5
2.5
3
2.875
0.75
0.75
0.833333333333333
2
1
1.85714285714286
0.666666666666667
1.5
0.666666666666667
4.66666666666667
1
0
1
0
2
1
0.5
1.88888888888889
0
1.66666666666667
1
0
0.8
0.888888888888889
1.90909090909091
0
0
0.666666666666667
0
1
1
0.75
2
1
0
1.00131578947368
1.66666666666667
1
0.833333333333333
1
0.652173913043478
0.777777777777778
1.96428571428571
0.16
1
0.666666666666667
0
1.5
2
0
0.666666666666667
0
0
0.454545454545455
1.92857142857143
0.5
2
2
0
0
1.66666666666667
0
0.5
1
0.875
1.33333333333333
1.66666666666667
1.05263157894737
0.909090909090909
0
1.83333333333333
0.666666666666667
1
0.844660194174757
0
0.75
0
1
1
1.33333333333333
1
0
0.909090909090909
0.666666666666667
1.16666666666667
1.02595628415301
1
0.75
1
1
0.5
2.5
1
0.75
1.08333333333333
2.5
0
1
1
0
0.714285714285714
0.952380952380952
1.85714285714286
0.75
1
0.875
1
1
0
1
0
2
1
0
0
0.666666666666667
2
1
0
0.25
0.8
0.859649122807018
2.92857142857143
1.66666666666667
2
0.5
1
1
1
0
1
0
1.85714285714286
1.5
0
0.5
0
1.75
1
1.85714285714286
0.25
0.63953488372093
0.142857142857143
0.5
0.5
1
0.962962962962963
0.666666666666667
0
0
1.83333333333333
0.894736842105263
2
0.5
0.8
1
1
1.5
1.66666666666667
2
0.5
0.75
0.9
0.666666666666667
0
0.5
0.75
0
0
0
1
1
1
0.75
0
4
0
2
0
0.368932038834951
0
2.66666666666667
0
0.0344827586206897
2
0.25
0
1
3
0.75
0.8
1.5
0.5
1
0
0
3
1
0.75
1
0
2.8
4
1
8.66666666666667
0.75
0.823529411764706
1
0.0769230769230769
0
0
0
0.333333333333333
0.666666666666667
1.36842105263158
0.8
2
2.5
1
0.666666666666667
2
3
0
4.66666666666667
0.666666666666667
1.00650515926424
0
0
1
0
0.928571428571429
1
0.666666666666667
0
0.823529411764706
1.5
2.5
4.85714285714286
1.66666666666667
0.75
0.5
0.5
0.5
0.6
0
1.83333333333333
0.75
0
0
1.5
0.666666666666667
0.75
1
0
1
0
1
0
1
0.666666666666667
1
0.8
0
1
0
0
0.75
0
0
0
1
1.05555555555556
0.5
0
1
1
1
0.75
0.8
1
1.5
0
1
0
1.33333333333333
0.833333333333333
1
1
2
2.5
1.75
0
0.5
2.5
2
0.75
1
0
0.857142857142857
1
0
0
0.84
1
1
2.5
1
2
0
0.916666666666667
1.83333333333333
0
0.5
0.666666666666667
1
0.75
0.5
1
0.5
1
2.11111111111111
0
0
0.46875
1.5
0
0
2
0
3
2.5
0.666666666666667
0.75
0.5
0.428571428571429
1.8
0.923076923076923
0.333333333333333
1.75
0
1.09090909090909
0.666666666666667
1
1
0.333333333333333
0
1
0.875
0
1.5
1.0168776371308
0.8
0.24
0.8
0.5
0
0.5
1
0
0.888888888888889
0.75
1.45454545454545
0.666666666666667
0.909090909090909
1.5
0
1.66666666666667
2.00146627565982
1.66666666666667
0.5
2
0.888888888888889
0
0.72289156626506
0
0
0
0
1.02325581395349
1
2
1.66666666666667
0.833333333333333
3.16666666666667
0.036697247706422
1.5
0.8
0.940677966101695
1
2.5
5
0
0.75
1
0
1
1
0
0.333333333333333
1
1.42222222222222
4
0.666666666666667
0.936170212765957
2
1.5
2
1
0.888888888888889
2
1.25
2.8
0
0.954545454545455
0
0.857142857142857
0.6
1
0.9
0
1
0
1.13333333333333
0.5
0.888888888888889
2.5
1
2
0
0
0.5
2
0.5
0
2
0.982517482517483
1.9
2
1
0.666666666666667
0.333333333333333
0
1
0
0
1
1
0
1
0.666666666666667
0.121212121212121
1
0.5
0.0571428571428571
0.5
0
1
0
1.75
1
1
0
0
0
1
1
0.8
0
1.5
0
1
0
1
0.5
1
0
0.1
0.75
0.5
2
1.06493506493506
3
0
1.2
0.666666666666667
1.375
1
0
0
0.666666666666667
0.5
0
0
1.5
0
0
2
1
2.5
0.666666666666667
3.5
1.94117647058824
0
2
1
0
1
1.4
0.5
1
0
0
0.666666666666667
0.5
2
0
1
1
0
0.5
2.66666666666667
0.222222222222222
0
0
2
1
0.5
1.33333333333333
0.833333333333333
1
1
1
0
0
1
1
0
0.8
0.5
0
1
0.75
0
0.5
2
2.66666666666667
1.66666666666667
2
0
0
0
0
1
2
0
2.5
1.83333333333333
0
0.222222222222222
3.66666666666667
0.5
1
1.33333333333333
1
0.5
0
0
0
0.186046511627907
1.00829875518672
1
0
1
0
0.2
0
1.5
2
1
2
1.9047619047619
0.555555555555556
1
1
0.5
0.5
0
1
0
0.5
0.985915492957747
4
1.20689655172414
0.5
0.75
2
0.962962962962963
0.5
0.9
0
1.01449275362319
1
0.5
0
0
2
0
0
1
0.5
0.666666666666667
1
3.66666666666667
0.923423423423423
0.5
0
1
3.33333333333333
0.888888888888889
0.5
4
0
2.5
0.5
2.66666666666667
0.857142857142857
1
1.66666666666667
2
0.45374449339207
0
0.5
3
2
1
0.75
3
1
0.5
0.6
1.8
2
1
0.0333333333333333
0
1
0.833333333333333
0
0.666666666666667
0
0.5
1
3.61538461538462
0.375
0
1
0
0
0
0
1
1
0.857142857142857
0
0.888888888888889
1
2.5
0.333333333333333
1.14655172413793
0
1
0
1
1
0.5
0.5
1
1
1
0
1
0
0
1.85714285714286
1
0
2.5
0
0.75
0
1
1.75
0
0
1
1
0
2.4
1
1
0.987220447284345
0
0.666666666666667
0
0
0.166666666666667
1
1
1
1
0.666666666666667
2.16666666666667
0
1
1
1
0.5
0.5
2
0
0.909090909090909
2
0.666666666666667
2
1.1078431372549
1
0
1
0
0
3.83333333333333
1.04477611940299
1
0.8
0
2.81818181818182
0.5
0
0
3
3
1
2.5
0
1.06944444444444
0.35
1
0
1.83333333333333
2
0
0
1
1
0.5
1
0
0
0
0
0.5
0.666666666666667
0
0.666666666666667
1
0
0.5
0.5
0.666666666666667
1
1.5
0
0
0.6
1.00201612903226
1.5
0.5
2
0
0.5
0
0.8
1.5
2.5
1
3
1.15789473684211
0.5
0
0.0396039603960396
0.75
0.4
0.0416666666666667
1
0.875
1.2
0
0
0
1
1.66666666666667
0.8
0
0.75
0
1
0
0
2
0
0
2
1
1.04833836858006
0
2
0.5
1.75
0.25
1
1
1
1
0.666666666666667
0.857142857142857
0.333333333333333
1
0.666666666666667
0
0.956416464891041
0
0.888888888888889
1
0.857142857142857
1
0
0
1
0.75
0.5
0.2
0
1.66666666666667
0
0.5
0.12280701754386
1.66666666666667
0.875
1
0.5
3
0
3
4
1.10810810810811
0.5
2
1
1
1.66666666666667
0
1
3
0
1
0
2
1
0
2
0.321678321678322
0.666666666666667
0.5
1.85714285714286
5.5
0.75
1
0.75
1
1.66666666666667
1.69230769230769
1.03940886699507
0.333333333333333
0
1
0
0.666666666666667
0
0.75
0
2.66666666666667
0
0
0.916666666666667
2
1
2
2
0
0
0
1.08465608465608
1.4047619047619
0.0625
1
1
0
1.83333333333333
0
2.5
0.5
0.5
2
0
0
0
1.5
1
2
1.03903903903904
0
0.5
0
1
0
1
1.5
0
1.5
1
1
1
0.5
0.75
0.5
2
0
0.5
0.8
1.36363636363636
1
1
3
0.5
0.0714285714285714
1
0
0.564814814814815
0.833333333333333
0
2
1
1
0.956521739130435
1
0
1
0
0
1.08163265306122
0
1
0.666666666666667
1
1
1.66666666666667
0
1
1
1
0
0.5
0
1
2
0.5
5
0.992424242424242
1
0
1
0
1
1
0.6
0
0.5
0
0
0.8
0
1.5
1.75
1
1.66666666666667
0
0.4
0.666666666666667
1
0.5
0.411764705882353
1
1
3
3.5
0.5
0.857142857142857
1.66666666666667
1
2
0
1
0
0
0
1
1
0
0.75
1
1
2
1
0
0.5
2
0
1
0
0.5
0
0
1.5
0
0.5
0
0.454545454545455
1
1
0
0.752577319587629
0.5
1
0
1
1.66666666666667
0.666666666666667
1
1.5
0
0
1
1
1
2.66666666666667
1
0
1
3.8
0
1
0
0.666666666666667
2.8
2.5
2
0.75
0.5
0
0
1.5
0
3.4
0
0.8
0
0
0.5
1
0
2.83333333333333
1
0
0
0
0
1
1
1
1
0.5
0
1.66666666666667
0
0.5
1
0
0.75
1.5
0
0.148148148148148
0
1.02222222222222
1
1
1
0.5
0.598039215686274
2.75
0
0.666666666666667
2.75
6.5
2.66666666666667
0
0.833333333333333
1.75
1
0.0306122448979592
2.5
1.08571428571429
1.8
2
1
0
2
0.5
1
0
1
1.5
2.875
0.666666666666667
1.5
0
1
0
0
0
0
0
2.5
0
2
1
1
0.5
2.66666666666667
3
0
0
0.8
0
0
1
0.142857142857143
1.8
0
0.142857142857143
1
3
2.8
3
0
1
1
0
0
2
0
0
0
0
0.333333333333333
2
2.66666666666667
1
1
3.66666666666667
1
0.5
0.666666666666667
1.66666666666667
1
0
0
0.25
0
0
0
1
0.888888888888889
3
1.5
2.5
0
1
1.75
0
0.9
1
1
1
0
0
1.5
0
1
1
0
0
1
1
1
1
1.33333333333333
1
0
1
0.5
0.5
0
3
2.5
0
1
0.5
1
2
0.333333333333333
0
3
1
1.18181818181818
4
0
1
1
1.5
0
0
0
2
0
1
0
1
0.5
2
0
0
1
0
1.5
0
1.05882352941176
0
0.833333333333333
0
1
0.714285714285714
0
0.8
0.909090909090909
0.571428571428571
0
0.833333333333333
0
1
0.5
0.833333333333333
1
0
0
0
1.5
1
2
0.714285714285714
4.66666666666667
0
0.5
2
0
0.666666666666667
4
1
1.5
1
2
1
0.333333333333333
0.833333333333333
1
1.5
0
1.03225806451613
0
1
0.977272727272727
1.0421686746988
0.666666666666667
3
0.8
1
1
3.5
0
0
1
0
0
0
0
1
0
1
1
0.75
0
1
1.008
0.5
0.75
1.5
2
1
0.5
0
0.666666666666667
1
0.666666666666667
2
1.5
0.142857142857143
0
1
0.75
0
0.666666666666667
3
0
0
1
1
0.666666666666667
0
0
1
0
1.91666666666667
1
0
0
0
0.5
0
2
3.66666666666667
0
0.5
0.666666666666667
0
1.5
0
0
1
2.66666666666667
1
0
2.75
2
3
1.66666666666667
0
0.5
0
2
0.5
0.5
0
0.857142857142857
2
2
0
0
0
2
1
3
0
1.42857142857143
0
0
2
0.666666666666667
0
2
0
1
0
2.75
0
0.5
1
1.875
0.5
1
0.5
0
0
0.499021526418787
1
0
3
2.16666666666667
0.970588235294118
1
0.857142857142857
0.333333333333333
0
0
1
1
3
0
0.75
1
0
0.046875
0.25
0.333333333333333
0
0.933333333333333
1
0.5
2
0
3
1.53846153846154
1.75
3.6
0
1
0.666666666666667
2
0.75
1
0
0
0.5
0.5
0
0
0.5
0.379310344827586
0.526315789473684
0
3
1
0.8
0
0
0.997920997920998
1.01828865222181
0
1
1
0.5
0
0.5
1
1
0.0163934426229508
0
0
3
0
1.5
0.857142857142857
0.875
0
1
1
1
1
0
0.0869565217391304
1
0
0
0
1.84615384615385
1
2
1
1.5
1
2
1
0
0.839506172839506
0.833333333333333
2
2
0
1
1
0
0.928571428571429
2
6
0
1.5
2.5
0.5
0
1
1
0.5
1
1
1
0
1
0
3
2
2
0.666666666666667
0.5
2
0
0.833333333333333
1
1
1
0.454545454545455
2
1
0.5
0.994750656167979
0.5
1.375
0
0
0.8
0.810782241014799
0.5
2
1
1.75
0.9
1.5
1
0
0
1
1.5
0.575
2
1
0
0.666666666666667
0.75
0.75
1
0
0
1.5
0
0.5
0.436974789915966
1
2
3.5
0
1
0
2
2
1.5
2
1.5
0.5
0.5
0
1
1
0
1
0
0
0.875
0.5
0
1
0
2
4
0
0.666666666666667
0.75
2
0
0.75
2.5
2
0
1
3.8
0
2
3
0.75
0
0.75
0
2.42857142857143
0.666666666666667
0.888888888888889
0
1
0
1
1.75
1
1
1.66666666666667
1.5
1
1
0.5
0.75
1
0
0
0
0
0
0
3
0.666666666666667
0
2
0
0.0720720720720721
0
0.5
0
2.66666666666667
2
0
0.0952380952380952
0.666666666666667
3.5
2
1
1
1
0.5
1
0
0
3.25
1
0
0.5
0
2
0.215753424657534
0
0
0
3
0.714285714285714
2
1
1
1
0.666666666666667
0
1
0.75
0
0
0
2
0
2
1.5
0.5
1
0
0.833333333333333
2
0
2
1
0.417989417989418
1.5
0.5
0.5
0
1.66666666666667
0
0
0
0.666666666666667
1
0
0
0
3
1.66666666666667
1
1
1.5
0
0
0
1
0
0
0.5
0.1875
0
0
0
0.666666666666667
1
0.666666666666667
1.14285714285714
0
1
1
0.666666666666667
0.5
1
0.666666666666667
1
1
2
0
1
1
1
1.5
0
0
0
1
0
1
1.66666666666667
0.666666666666667
0
0.898550724637681
1.5
0
1
0.5
0
1
1.75
3
1
0
1.5
2
1
0.5
0.8
1.5
2
1.5
0
1.5
0
0
0.5
0
1.85714285714286
0
0.75
1
3
1
0.666666666666667
0.967741935483871
1.66666666666667
1
0.5
1
0.993103448275862
0.666666666666667
2
2.75
0
1
0
1.66666666666667
0
1.0625
1
0
0
0
0
1.01234567901235
1
0.666666666666667
1
0.5
1
0.833333333333333
2.09459459459459
3
1.1
0
1
1
1
0.5
0.25
1
0
0
0.5
1.5
0
1.5
2.33333333333333
0
2
0
0
0
2
0
0
1
1
0.666666666666667
1
0
1
0.923076923076923
0.5
2
0
1
0
1.83333333333333
2
0
0
0
0
0.431578947368421
0
0
2
1
0.5
1
1
0
1
0.5
1
0
1.33333333333333
0.857142857142857
1
0.25
1
1
1
2.04444444444444
2.5
0
1
0
2
0.25
2
1.66666666666667
0
0
1.5
0
1
1
0
0.666666666666667
1
3.66666666666667
0.5
0
1
0.5
2
0.5
0.5
0
1
1
1
0
0.5
0.5
1
0
0.375
0
1
1.5
0.5
0
1
1
0
0
1.5
0.857142857142857
0
0
0
0
2
0
1.8
1
3
1
0
0
1.24700598802395
2
0.928571428571429
1
1
0.75
0
0.5
0.242424242424242
0
0
1
0
0
0
0.666666666666667
1
2
2.5
0
1
1
2
0
0.5
1.2
1
0
1
0
1
1
0.133333333333333
1
0
4
1.15974440894569
0.5
0
0.75
1
1.5
1
0
0
0
0
0
1
1
1
0
2.7
1.5
0.5
0
1
0.666666666666667
1
2
0.990697674418605
0
0.666666666666667
0.5
0.875
1
0.5
0.25
0
0.666666666666667
0
1
0
1
1
0.75
1
0
1
0.916666666666667
0
1
3.66666666666667
1
2.5
1.83333333333333
0.5
0
0.666666666666667
0.555555555555556
1.30588235294118
0
0
0.833333333333333
0.75
1.33333333333333
0.5
1.5
2
1.5
0
0.5
0
0
2
1
0
0.666666666666667
1
2
0.666666666666667
0
0
0.75
0
1.6
2
0
1
1
0
0.5
0.666666666666667
1
1.75
1
0.5
1
1.33333333333333
1
1
1
1.8
0
0
0.75
0
1
1.5
0
1
1
0.2
1
0
0
3
1
0.625
0
1
0
2.5
0.666666666666667
2
0
0.666666666666667
1.5
1.75
0.5
1
0
2
1.5
0
2
1
0
1
0.666666666666667
1
1
0
0
2
7.66666666666667
6
1
0
0
0.666666666666667
0
0.982758620689655
0.666666666666667
0
2.5
0
1.00990099009901
2.5
0
1
0
0
1
0
3.5
0.294117647058824
0.5
3
0
1
0.5
1
1
0
0.388888888888889
0.6
0
1
0
2
0
1
0
1
2
0.111111111111111
0.5
0
0.5
0
0.298850574712644
1
1
0
0.75
2
0.5
1
0.666666666666667
0.5
3.66666666666667
0.645
0
0.941747572815534
1
1
1
1
1.83333333333333
0
1
2
0.939393939393939
0.5
2.5
0
0
0
2
2
0
0
2.88888888888889
0.5
1
1
0
2.66666666666667
1
1.42274052478134
1
1
0
0
1.5
0
1
0.555555555555556
1
0
0.8
0.4
1
2
1
0.5
2
2
1
1.16911764705882
0
0
0
1
0.5
0
0.176795580110497
0
0
0
1
0.916666666666667
0
2
0.472222222222222
1.06521739130435
1
0.888888888888889
0.12
0.666666666666667
0.5
0
0
1
0.972972972972973
0.75
0
0
2
0.714285714285714
0
2
0
1.5
0
2
2
0.5
0.0952380952380952
0.5
0
0
0.75
0
1
0
1
0
0.333333333333333
0.5
0
0
0
1
1
2
0
0.285714285714286
2
0.75
1
0
1
1
4
0
1.01950867052023
0
0.5
1.66666666666667
0
1
0
1
0
1.00260190806592
0
0
2
2
0
0.431578947368421
1
0
0
1.5
2
0.666666666666667
0
1
0.666666666666667
0.5
1
2
0
0.5
1
0
2
0.75
0.5
0
0
1.5
1
0
1
0
0.666666666666667
1
0.253333333333333
1.05299145299145
0
1.33333333333333
0
0
0.0851063829787234
0
1
1.33333333333333
0.5
0.666666666666667
1
0
0
1
0.5
0
0
0.5
0
0
0
0.226666666666667
0
2.4
0.875
2
0.5
0
0
0.5
1
3
3
1
1
0
0
1
0.5
1
0.5
0.818181818181818
1
1
0
0
0
0
0.5
0.0857142857142857
0
1
1.6
1
1.31632653061224
1
2
1
1.03589743589744
1
1
0
1
0.75
0
0
3
1
0.857142857142857
1
0
0
0
1
1.5
0
0.666666666666667
1
0.5
0
1
1
1
0
1
0
1
1.8
0.32
2.33333333333333
0
1.66666666666667
1
0
1
0
1.75
0
0.5
0
0.5
0.5
0.8
2
1.14285714285714
0.0408163265306122
0
0
0.285714285714286
1.66666666666667
0
0
1
3.8
1
1
0
0.0373831775700935
0
0
0.75
1
0
1
1.5
0
1
0.5
0
1
0
0.75
1
1
0
0
1
1
0
1
0.342281879194631
1.8
1
0
0
0.5
0
1
1
1
0
0.0882352941176471
0
0
1
1
1
0
1
0.5
3
1
0
1.07843137254902
0
0.5
1.06666666666667
1
2
0
0
0
0
0
2
0.666666666666667
0.5
1
0
0
0
1
0
0
0
1
3
0.666666666666667
0
0.166666666666667
1
2
0
0.5
0
1
0
0.5
0
0.5
0
1
2
2
0
0
1
0.75
0.0357142857142857
6.5
0
0
1
0.5
2
0
0
1
1
1.5
2
0
0
1.5
1.5
1.85714285714286
0.5
0
0.166666666666667
1.1
0.835051546391753
2.5
0.466666666666667
0
2
0.8
1.66666666666667
1
1.2
0.5
0
1
0.5
0.5
2
1
1
0
0
0.145985401459854
0
0
2
1
1.5
1
0
0
3
1
2
2
1
1.10974456007569
0
1
1
0
2
0
1.5
1
0
0
0.5
0.333333333333333
0
0.5
0
1
1
2
1.5
1
1
0.5
0
1
0
1
0
0
0
2
1
0
0
1
0
1
0
0
2
1
1
0.857142857142857
1.75
0.75
1
0.333333333333333
0
2
0
0
0.857142857142857
1
0
0
1
1
0
1
0
1
2
1
0
1
0.5
1.00528169014085
0.887448559670782
1
0.00338983050847458
1
0
2
0
0.8
0.75
0
0
0.789473684210526
0
0.5
2.5
0
0.666666666666667
0
1.75
0
1
2
1
0
1
1
0
0
1
2
0
1
0
0
0
1
1
1.0084547128746
1
0
1.19538188277087
0.5
1.75
1.5
0
0
0.5
0.958333333333333
0
1.83333333333333
1
3
0
0
0
0.5
0.666666666666667
1
5
1
0.5
2
1
3
0
0
0.75
1
0
0
0
0
2
1
0.968253968253968
0
0
0.788288288288288
4
1
0
1
0.5
3
3.5
0
0.791208791208791
0.5
1
1
1
1
0
4
0
1
4.33333333333333
2
0.5
0
1.5
3
2
2
1
2.5
0
1.01639344262295
0
0.857142857142857
1
3
2
1
0
0
0.333333333333333
0
0
0.75
0.5
1
1.5
1
1
0
0
1
1
0
0.5
2
0
1
0.5
1
2
4
0
0
0.5
1
1
1
0.96551724137931
1.03703703703704
0
1
0
0
1
2
1.6
0.75
0
0
0
0
1
0
1
1
3
0.5
0
1
1
0
2.5
1
1
0.5
2
1
1
1
1
0
2
2
0.997076023391813
0
0
0
0
1.90909090909091
0.75
1.5
0
2.5
0
1
2
0.666666666666667
0.666666666666667
1.5
0
1
1.66666666666667
1
1
0.875
0
1
0.5
0.5
1
1
0
1.5
1
1
0
0.8
0
1
0
0.5
1
1
0
0
2
0
1.5
0.5
0
1
1
0.75
0.263157894736842
0
0
0
0
1
1
0
0
0.5
0
2
1
2
0
2
2
0.2
0
1
0.8
1
1
1.02564102564103
0
1
1
0
0.5
1.8
0
3
2
1
0
0.38
1
1
0.5
1
0.5
1
1.00801603206413
0.444444444444444
1.5
0
1.11678832116788
1
0
0
2
2
1.75
1.5
1
0
1
1
0.8
0.666666666666667
0
1.66666666666667
0
0
0.96
0
0
3.66666666666667
0
0
1
0
0
0
0
0
2
1
1
1
1
1
0
2
0
0.5
0.5
1
1
0
0
1
0
0
1
0
1
0
0
0
1
1
1
0.333333333333333
1
0
1
1
0
1.55555555555556
0
0.5
0
3.5
1
0
0.5
2
2.66666666666667
1
1
1.5
0
0
0
0
1
0.25
0
0
2.66666666666667
0
0
0.6
0
0
1.5
1
0.5
1
1
0
0
0
0
0
3
1
0
1
0.902654867256637
0
1
0
0.666666666666667
2
1
0
1
1.5
1.5
1.66666666666667
2
1
0.975
1
0
1
1
1
0.375
1
0
1.5
2.4
0
2
0
0.333333333333333
0.5
0
0.99504132231405
1
0.5
1
1
0
4
1
8
0
2
0
4
0
0
1
1
0
1
0
0
1.11247318418633
0
1
0.5
0
0.849148418491484
0
0
0.666666666666667
0
1.06666666666667
1
1
0.638888888888889
0
0.96
0
1
0
0.666666666666667
0
0.5
0
0
1
1
2
1
1
1
0
0.714285714285714
0
0
0
0
2
4
2
0
2
1.5
0
0.8
0
1
0
0
1
1
1.5
1
0.25
0.75
0
1
1
0
0
0
0
3
0
1.5
1
2
0
0.5
2
0
0
1
0
0
1
0.666666666666667
2.66666666666667
0
0
0
0
0
1
0
1
1
0
1
1
1
0
0
0.5
0.111111111111111
1.5
1
0.5
0.818181818181818
0
1.5
3
1.5
0.666666666666667
1
2
0.333333333333333
0
0.5
1
0
1.5
1
1
1.5
0
1.5
0.5
1
0.5
0
0.666666666666667
0
0
1
0.666666666666667
0
1
1
1.5
0.5
0
0
0
0
0.5
1
0
1
1.5
1
0
0.75
0
0
0.5
0
6
0.5
0
1
0
0.117977528089888
0
1
0
0
1
0.833333333333333
2.66666666666667
0.1875
0
0
0
0.5
0.861788617886179
1
0
0
0
0.833333333333333
1.75
0
2
1
2
1.4
3
0
1
1
0.5
0
0.857142857142857
0
1
1
0
0
1
2
1.5
0.5
0.666666666666667
1
1
2
1
0
1
0
0
1.75
0
0.5
3
0
2
0
1
0
1
2
1
0.5
1
0.666666666666667
0
1
0.307692307692308
0
1
0
1
1
1
0.03125
0
0
1
2
0
1
0
0
0
1
2
1
0.6
1
0.4
0
0
0.25
1
0
0
0.5
2
0.5
1
0
0.75
2
2
0
1
0
0
0
0
0
0.666666666666667
1
1.93333333333333
0.601485148514851
1
0.5
2
0.857142857142857
1
1
0.5
1
0
1.5
1
0
2
0
0.5
0
0
0
0
0.8125
0
0
0.5
1
2
1
1
0.171428571428571
1
1
0
2.5
0
1
4
1
0.988235294117647
0
0
0
1
0
1
2
0.5
1.75
0
0
3
1
3
2
0
0
1.5
1
0
0
2.5
2
0.939393939393939
1
1
0
0.5
1
0
0
0.25
0.925925925925926
0.333333333333333
1
0
1.75
1
0
0
0
1
0.645945945945946
0.0909090909090909
0
0
0
0
0
1
2
0
1
0
0
1
2
0.666666666666667
0
0
1
0.5
0.95
1
0
1
0.5
2
0
1.07
5
0
0.5
3.5
0
2
0.5
0
1
0
1
0
0
1
0.667774086378738
2
1
0
1
1.01366459627329
1
0
0
1
0
0
0
1.45454545454545
0.246268656716418
0.5
0
1
1
1
0
0
2.5
0
0.986666666666667
1.00645161290323
2
0
0
1
0
3
0.5
1
1.6
0.5
0.0909090909090909
0
0.875
0.5
0.5
0
0
1
0
1
0.25
0
0
0
1
0
0
0
0
2
1
0.5
1
0
0.946428571428571
0
1
1.5
1
1
1
1
1
1.5
0.5
0
8.33333333333333
1
0
0
1.66666666666667
0
0
0.5
1
2
1
2.75
1
1
0
0
1.33333333333333
2
1.33333333333333
0.5
0
0
1.07458563535912
0
3
0
1
4
1
3
3.5
1
0
1.5
0
0.5
2.5
1
1
0
0
0
1
2
0
0
0
1
0.5
0
0
1
1
1
3
0
1
0.9679037111334
1
0
0
0
1.09090909090909
0
0.8
1
0
1
0.563636363636364
0
1
0.5
1
0
1
1
0
0.0181818181818182
0
0
0
1
0
1
1
2
1
0.763779527559055
2
1
0
0
0
0
0
1
1.33333333333333
0
2
1
0
6
1
1
2
0
0
1
1.5
0.5
3
1
1.89285714285714
0.111111111111111
1.5
1
2
1
1
0
1
0
1
0
0
0.0909090909090909
1
1
6.5
0
0
1
0
1
2.5
1.24201223657376
0
0
1
0.4125
1
0.987577639751553
0.873646209386282
1
1
2
1.5
3
1
0
1
0
1
0
0
0
1
0
0
3
0
1
0
0
0
0
1
3
0.5
0
2
0
1
0
0
0
0
0
1
3
0
1
1
0
1
1
0
0.666666666666667
2
0
3
0.5
3
2
0.758620689655172
1
1
0
1.0174672489083
0
0.5
0
0
0
1.88617886178862
1
0
1
1.5
0.333333333333333
1
0.77536231884058
2
0
0
0
1
2
2
1
0
1
0
0.5
0
0
1
0
1
0
1.5
0.5
0
2
3
0
1
0
1
0
0.1
0
3
1.14285714285714
0.5
2
0
0
1.5
0
1
2
1.5
0
0.166666666666667
0.5
0.965909090909091
1
3
0
0
1
0
0
1.75
0
1.4
2
1
1.14285714285714
0
0
0
0
1.83333333333333
0
1
1
1.66666666666667
0.5
0
0
0
0.5
0
1
1
1
0
0
3
0.746835443037975
0.909426987060998
0.5
1.5
0.5
0
0
0.666666666666667
0.666666666666667
0.996056338028169
1.5
0
1
0
1
0
0
0
0
1.5
1.08955223880597
0
0
0.833333333333333
0
1
0
2
0
0.664179104477612
0.666666666666667
1.25
1
0.966346153846154
1
1
7
2
0
1
2
0.5
0
1.0699481865285
4
0
2
1.75
1.5
2
4.5
0
0
0
2
0
2
0
0
3.5
1
1
0
1.5
0.666666666666667
4
1
1
0
1.5
1
0
0
1.07142857142857
1
0
0
0
0
1.55555555555556
5
1
0
0
0
1
1
0.666666666666667
1.00431034482759
0.666666666666667
0.333333333333333
0
1
1
0
0
2
1
1
0
2
5
2
0
2
0
0
0
0
0.5
0
1
1
1.66666666666667
3.66666666666667
0
6
1.5
0.363636363636364
0.5
2
0
0
0
1
0.963636363636364
0
1
0
1
0
2
3
1.75
0.8
1.66666666666667
1
4
0
1
0
1
1
0
0.988795518207283
0
0
0
3
0
1.25
0
0
1
2
0
4
1
0.5
1.75
2
0
0.962962962962963
0
1
1
1
1
1
0
1
0.5
0.5
1
6
0
1
0
0
0
0
1
2
1
0
0
2
1.5
1
2
1
0
0.941176470588235
2
2
1
1
0
2
2
0
1
0
0
0
0.666666666666667
3
1
0
1
0
0.5
0
0
0.5
0
1
1
0
1
2
1
1
1
1
0.75
0
1.5
1.5
0
4
0.666666666666667
3
0
1
0
1.83333333333333
1
0
2
0
0.666666666666667
0
1
1
2
1
0
1
0
0.0316205533596838
1
4
0
0
0
1
1
0
0
3
0
1.8
0.5
1
0
1
1
1
1
1
1
1
0
1.75
0
0
0.5
0.5
0
0.5
1
0
1
0
0
2
1
0
6.5
1.0045871559633
3
0.75
0
3.5
0
0
1.5
0
0
0.571428571428571
1.66666666666667
0
0
0.9
1
0.403973509933775
2
0
0
1
0
3.5
1
1
0.785714285714286
1
1
0.5
1
0
0
1.5
0
0
0
0
0
0.333333333333333
0
0
0
0.333333333333333
1.66666666666667
0
1.03074877420427
1
0
0
0
0
0.1
0
0
3
0
1
0
1
1.00526315789474
0
1
1
0
0
0
1.5
0.5
1.5
0
0
1
0
2
1
1
0
2
0
1
0
4
0
1.5
0
0
0
0
1
1
0.508474576271186
1
0
2
1
0
2
1
1
2
1
1
0
1
0
1
0.954545454545455
2
2
0
1
0
0.5
0
0
0
1
0
0
0
1
0
0.5
1
0
1
0
0
0.5
2
0
1
1
1
0
0
0.5
0
0
0
2
2
1
0
0.3671875
0.5
0
0
0
1
1
1
1.75
0
0
0.5
2
0
0
0
1.2
0
0
1
0.25
0
1
1
1
1
0
0
0
0
2
1
0
1
0
4
1
0
1
0.576923076923077
0.5
0
0
0
1
2
1
2
0
1
1
3
1
0.8
0
0
1
1
0.666666666666667
0
0.5
0
1
0
0
1
1
0
0.5
1
1
1
2.5
1
0.5
0
0
0.5
0
0
0
1
3
0
1.8125
1
1.17857142857143
0
1
0
3
0
0
1
1
1
0
0
0.5
0
3.33333333333333
1.80185979971388
3
1
2
0
0
0
0
0.666666666666667
2
1.5
0.5
0
0
1.5
0
0
1
1
1
0.404255319148936
0
0
3
1
0.850746268656716
1
1
2
0
0
0
0
0
0
0.204166666666667
3
0
0
1
1.66666666666667
0.666666666666667
2
1
1
1.5
1.66666666666667
1
1
0
0
1
0
0.326923076923077
0.829268292682927
1
3
2.5
1
3
0.5
0
1
1
2
0
0
0
0.961290322580645
2
0
0
2.5
0
1
0
0
1.17576318223867
1
0
2
0
1
2.07407407407407
0.388888888888889
1
0
0.5
0.76
0
0.581497797356828
1
0
0.5
1
0
1
0
1
0
0
3.5
1.86363636363636
0
2
1
1
2.5
1
0
0
0.434782608695652
0
0.5
0
0
0
0
0.9
1
1.75
0
3
1
1
0
4
1
0
1
0.5
0
0
0
0
0
0
1
0
1
0.5
3
0.75
0
1
0
1
1
0
1
0.5
1
0
0.5
2
0
1
1
0
0
0
0
1
0.5
0
0
0
0
1
0
3
2
0
0
0
0
2
0
0.5
1
0.142857142857143
0
2
1
0
0
2.5
0.940652818991098
0
1
4.66666666666667
1
2
0
0
1
0
1
0
0.588235294117647
0.0240384615384615
0
2.5
0
1
0
1
0
0
2
2
0
1
0
0.938674579624134
0
0
3
0
0
0.5
1
1
2
0.428571428571429
1
0.666666666666667
1.5
2
0.8
1
1
0
1
0
0
1.5
0
1
0.5
0
1
1
0
0
3
0
0
0
1
1
2
1
1
0.75
1
1
0.213333333333333
3
0
0.5
0
1
1
0
0
2
0
0
1
0.666666666666667
0
1
1
2
2
0
1
1
1
1
1
0
0.666666666666667
1
0.5
0
1.05698005698006
0
1
1
1
0.666666666666667
0
0.5
5
2.5
0.5
2
0
1
1.66666666666667
0.5
2
0
3
0
1
2
0
0.5
1.66666666666667
0.303333333333333
2.66666666666667
1
0
1
0
0
1.5
1
1
0.8
0
1
0
0
0
0
0.967136150234742
0
3
0
0
0
0
0
0.5
1
0
0
2
0.9
0
0
0
0.462962962962963
0
0
0.5
0
0
2
1
1
0
1
0
1
2
1.66666666666667
0
1
2
0
2
0
0.5
0.5
0.5
1
0.5
0.5
1
1
0
1.66666666666667
0
0
1
1
0
0.826086956521739
0.666666666666667
1
3
0
1
0
0
0.5
0
0.987179487179487
1
0
0
1
1.5
1
1
2
0
0
1
0
0.571428571428571
0
1
2
1
0
1
0
1
1
1
0.5
3
1
1
1
1
0.205128205128205
0.5
1.08333333333333
1
0.5
0
0
1
0
2
2
0
1
3
1
0
1.5
2
0
1
1
0
1
2
2
0
1.09090909090909
0
1
0.846153846153846
0
0.944444444444444
0.333333333333333
0
1
0
0
0
2.5
0
3
1
1
2
0
0
2
1
0
0
0
2
0
2
1.66666666666667
1
0
1
0
1
1
0
0
1
0
0
1
1.5
1
1
1
1
3
1
1
0
1
1
0
0.5
3
0
1
1.5
0
0
0.5
2
1
0
0.5
1
1
1
1
1.5
0
0.666666666666667
1
2.91666666666667
1.0025
1
2
2.5
2
1
1.5
1
1
2
1
1
2
1
1
2
0
0
1.77227722772277
2
1
0.5
0
0.666666666666667
0.5
0
0
1
1
0
0
0
1
0
1
1
0
0.975975975975976
0.5
1
0.953488372093023
1
1.5
0
0.293103448275862
1
0
0
0
2
1
0
0
1
1.5
1
1.5
1
1.66666666666667
0
1
1.66666666666667
0
1
1
2
0
0.5
2
2
1.55555555555556
0
2
0
3
1
0
0
0.192307692307692
0
0.857142857142857
2
2
0
0.615384615384615
0.5
0
1
0.666666666666667
2
1
0
0
0
1
0.333333333333333
0.666666666666667
1
2.5
1.5
2
0
0
0.5
1
1
0
1.5
1.66666666666667
0
0
1
1.5
1.5
0.780487804878049
0
0
0
1
2
1
1.5
1
0
0
0
0
0
0
2
0
0
0.333333333333333
0
0.666666666666667
0
1
1.21428571428571
2
1
0
0.666666666666667
0.5
1.75
0
1
1
1
0
0
2
1
0
0
0
0
1
5
0
0
0
1
0
1
0
1
0
1
0
3
5
1
0.5
1
0
0
1
1.99926793557833
0
0
1
0.5
1
0
2
0.842105263157895
1
0
1
1
0
0
0
0.435897435897436
1
0.666666666666667
0.5
1
1.66666666666667
0.666666666666667
2
0
0
0
1
0
0
0
1
1
0
1
0
2
1
2
0
2
2
1
2
2
0
1
1
0
0
0.0344827586206897
1
1.5
2
0
1
0
1
1
1.5
1
0
0
1
1
1
0
0
0
0
4
0
0
2
0
0
0
0.973009446693657
0.5
0
1
1.5
1
1
1
2
0
1
1
0
0.5
0
0.5
0.5
0
0
0
0
0
2
0
2
0
1
0
0
1
0
0.774193548387097
1
0
3
3
0
1
0
2
0
1
2
0
1
0.977272727272727
0
4.5
0
1
0
2
0
1
0
0.702970297029703
1
1
1
0.5
0
1
0
1
2
0
0
0
1
1.3
0
0.5
1
0
0
1
0
0.957983193277311
2
3.5
2
1
2
0
0
0
1
1
1
0
2
1
0
1
0
0.547619047619048
1
0.5
2
0
1
0.5
1
1.03333333333333
0
1
1
0
0
0
1
1
2
0
1
1
1
1
0
0
0
1
2
0
1
1
0
1
0.666666666666667
1
0
0
0
0
0.5
0
2
1.33333333333333
0.909090909090909
0.5
1
0
1
0
3
0
0
1
2.5
1
0
1
0
0.00359712230215827
1
1.66666666666667
0
0
2
2
0
0.2
3
0
0
0
3
3
0
1
0
1
0
1
0.5
2
1.5
2
0
2
0
1
0.490909090909091
0
1
2
0
1
0
0
0.943396226415094
2
1
1
0
2
0
1.02147971360382
0.666666666666667
2
2
0
0
1
0.333333333333333
0
2
0
0
0.666666666666667
1
0
0.5
1.5
1
0.5
0
0.666666666666667
1
1
0
0
1
0.5
0
1
1
1
0
1
0
0
1
2
1
0
1.2
0
4
2
0
1
1
2
2
5
0
1
2
0
0
1
3
1
1.66666666666667
1
0
0.982978723404255
0.5
1
0
2
0.5
2
0
0
1
1
1.0197628458498
1
2
1
0
0
3
0
0
2
1
0
1
0
1.04819277108434
1
0
2
1
1
0
2
0.166666666666667
0
0.815789473684211
1
1
0
0
0
0.0847457627118644
0
1.5
0
0
1
1
0
2
1
1
0
0.991525423728814
1
0.85
1
0
2
0
3.5
0
0.027027027027027
0
0
0
3
3
0
2.5
1
1
0
0.666666666666667
0
1
0
0
0
1
0
0
1
1
1
1
1
1
1.94444444444444
0
0.5
0.0666666666666667
1
0
0
0.5
1
1
1.66666666666667
0
0
0
0
0.993258426966292
0
1
0.5
2
3
1
0.0909090909090909
1.5
0
0.285714285714286
3
0
1
2
0
4
0.25
1
0
0.5
1.01204819277108
0
0.5
0
1
0
0
1
1
3
0
2
0.759036144578313
1
0
0
0
1
1.25496688741722
1
0.647798742138365
0.5
1
0
2
2
1
0.312977099236641
0
0
0
0
0
1
1
0
1
3
0
0
3
0.666666666666667
0
1
0
0
0
0
3
2
0
0
0
2.51346499102334
1
1
0.5
3
1
1
0.5
1
0
1.01081081081081
0
0
0
3
0
0
1
0
1
0
0
1
1
1
0
0.5
0
0
2
0
2.66666666666667
1
0
1
1
1
0
0
0
2.94907407407407
0
0
4
0.53968253968254
0.0294117647058824
5
1.75
1
0
0
0.333333333333333
1
0
1
1.5
0
0
0
1
0
5
2
1
1
0
0
2
0
1.02120343839542
1
2
0
2
0
1.5
0
0
0.5
1
3
0
0
1
0
0
0.995044052863436
1
1
1
0
1
0.5
0.866666666666667
1
1
0
0.5
0
3
1
0
1.05015197568389
2
2
0
0
1
1
0.5
1
0
1
0
1.06716417910448
0
0.5
0
0
2
0
0
0.0769230769230769
0
1
1.12081513828239
0
1
0
0
0.555555555555556
2
3
0
0
2
2
0
0
0
0
1
1.5
0
0
3
0
0
1
0
1
0
0
0
1
2.97560975609756
0
0
2
1.5
2
1
1
0.5
0
0
0
1.03809523809524
0.333333333333333
0
0.5
1
0
1
0
0
0
0
1
0.2
0
0
0
1
2.5
0
2
3
1
0
2
0.957446808510638
1
0
0
0
1
1
1
0
2
1
1
3
0
0
2
2
0
1
1
1
1
1
1
3
0
2
4
0
2
0
0
1
1
0
0.5
0
2
1
0
1
1
0.5
0.5
1
1
1
2
1
0
0
3
1
0
1
0
1
1
0
1
0
0
0
1
0.5
1
0
3
3
1
1
0
3
1
0
1
1
0
0.5
1
1
0
1.5
2
0
3
1
0.774193548387097
1
1
0
2.5
1
1
1
1
1
1
0
0
1
1
0
1
0
0.637254901960784
0
0
0
0
0.999404052443385
1
0
0.5
0
2
0
1.5
0
0
0
2
0
0
1
0
0.8
1
0
1
0
0
2
0
2
1
0.5
0
0
1
0
0.5
0
0
1
0
2.5
0
1
0
0
1.5
4
0
1
0
0
0
0
2
0
0.5
1
2
0
1
0
0
0
0
0.5
0.5
2
1
1
0
0
0
1
0.681818181818182
0
2
1.5
0.1
1
1
0
0
0
0.5
0
1
1
0
2
0
0
1
0
1
1.5
1
0.846153846153846
0
1.5
0
0
1
3
2
1
2
0.666666666666667
0
3
1
0
1.5
0.5
0
1
0.924778761061947
2
0
1
1
0
1
1.00970873786408
0
0
0.666666666666667
1
1
1.5
1
1
1
1
1
5
0
0
2
2
1
0.5
1
1.21428571428571
0
1
1
0
1.03793103448276
0
1
1
0
0.988843813387424
0.5
1
0
0.5
0
1
0
1
2
1
0
0
0
1
0
0
0
1
0
0
1
2
0
2
2
0
1
2
1
2
0
1
0
0
1
1
2
0
2
1
1
1
0.963414634146341
0
0
0
0
0
2
1
0
0
0
1
0
2
0.5
1
3
1
0.988372093023256
0
1
0
0
0
2.5
2
1
0.5
1
0.444444444444444
1
1
2
1
0
0
1
0
0
2
2
0
1
1
1
1
0
2
0
1
1
1
0
1
0.428571428571429
0.780487804878049
0
0
1
0.666666666666667
0
5
0
0
2
0
0
0
3
0
1
1
3
1
2
0
0
0.91304347826087
1
0
1
1
0
0
0
1
0
1
3.66666666666667
1
0
0
0
0
1.92173913043478
1
2
1
0
0
0
0
1
1
0
0
0
0
2.5
0
0
0
1
2
1
2
0
0
0
0
2
1.5
4
0
0.5
0
1
0
1
6
2
1
1
0
0.642857142857143
0.5
0
1
0
2
1
0
0
0
2
0
0
1
0
0
2
0
1
1
1.5
0
2
2
0
2.9
0
0
1
1
2
0
1
1
2
0
4
0
1
0
0
0
0.5
0
1
0.653125
0
1
0
0
0
1
1
1
4
1
0
0.737704918032787
0
3
0
2
1
3
0
1
0
0
0
3
2
2
1
0
1.5
0
1
0.5
1.04166666666667
0
0
1
1.33333333333333
1
1
2
0.5
0
2
2
0.5
1
0
1
0
0
0
0
0
0
1
1
1
1
0
1
0.952153110047847
0
0
2
0.5
0
2
0
0.947239263803681
0
0
1
1
1
2
0
1
1
0
1
0
0
1
0
2
0
0
1
2
0
2
0
0
0
0
2.5
1
0
1
1
0
2
0
0
0
0
1
0
1
0
0.947368421052632
2
0
1
0
1
1.77325581395349
0
0
1.33333333333333
0
0
1
0
0.5
0
0
0
1
2
0
1
1
0
0
0
2
0
1
0
0.5
2
2.33333333333333
1.5
0
2
1
1
1
0
0
2
1
0
0
0
1
0
0
1
0
0
0
0.5
1
2
0
3
1
1
0
0
0.666666666666667
0
0
0
1
3
0
1
0
0.5
0
1
1
0
2
1
0
0
0
0
0
2
0
2
0
2
0
1
0
1.33333333333333
2
1
2
2
0.961240310077519
0
4
0.981308411214953
1.5
0
0
1
1
1.89090909090909
0
2
0
0
0.91304347826087
1
0
0
1
0.508474576271186
2
1
3
1
1
0
0.173469387755102
2
0
0
1
0
0.5
2
0
0
0
2
1
0
2
0
0
1
0
2
0
0
0
2
1
1
0.940740740740741
0
0
1.02898550724638
1
0
0.28125
0
3
0
0
0
0
1
0
0
0.5
2
0.5
0.4
0
0
0
1
1
0
0.539473684210526
0.5
3
0
1
1
0.230769230769231
2
2
0.367088607594937
0
2
0
0
0
0
1
0.5
1
0
0
1
0
1
0
0
1
0
0
0
1
0.492957746478873
1
4
2
0
1.5
3
0
0
0
2
1
0
1
0
0.4
0
0
0
0
0
2
1
0
3
0.994252873563218
0
0
0
1
1
0
1
4
0
1
1
2
0
0
0.777777777777778
1.25
3.5
1
0.480132450331126
0
0
0
0
0
1
0
2
1
0
1
0
0.555555555555556
1
0
2
2
0
0
1
1
1
1
2
1
1
0.335195530726257
1
0
0.388888888888889
1
2
0
0
1
0
0
1
0
1
0
0
1.15275310834814
2
1.03703703703704
0
0
1
0
1
0
2
0
1
1
1
1
1
0.5
0
1
2
0
0
1
0
1
0
1
0
2
0.5
2
1
1.42857142857143
2
0
0
3.5
0
2
4
0
1
0
1
2
1
1
0
0.5
0
0
1
0
0.25
1
0
1
0
1
2
1
1
1
1
0
0.5
0
1
1
0
4
2
0
1
1
1
1
0.5
0
1
0
0
1
0
1
0
0
3
0
2.5
1
1
0
1
0
0
0
0
1
0
0
1.33333333333333
0
3
0.25
1.5
0.5
0
2
1
1
0
0
0
1.04537189367045
0
0
0
0
0
0
0
1
1
0
0
2
1
0
0.333333333333333
2
0
0
1
2
1
0
0
0
1
0
0
1.14655172413793
0
1
1
1.2
1
1
1
2
2
0
1
1
0
0
3
0
1.06330749354005
0.75
2
0
0.960526315789474
1
0
0
2
1.5
1
2
0.661971830985916
2
3
1
0
2
1
0
0
0
0
0
0
2
0.5
1
0
1
2
0
0
1.046875
1
0
0
1
1.5
0
1
0
1
1
1
1.01645569620253
0
3
0
2
1
3
1
2
1.5
1
0
1
1
2
0
1
0
3
0
2
0
0
0
1
0
0
1
0
1
3
3
0
2
2
1
1.01739130434783
0.222222222222222
1
0
1
2
0
0
0.0769230769230769
1
1
0
0
1
0
0
1
2
0
1
0
0.983783783783784
0
1
1
0
0
2
1
0
2
0
0
1
0.37007874015748
0
0
0.571428571428571
0
0
0.428571428571429
2
0
2
0
0
0
0
0.025
1
1
1
0
2
0
0
0
0
1
0
0
2
0
1
0
1
1
0
0
0.5
0
0
0
1
0
0.666666666666667
1
0
0.968421052631579
0.225352112676056
2
0
1
0
0
0
3
0
2
1
1
0
0
1
1.11111111111111
1
2
0
0
1
1
2
0
1
0
0
1
1
0
0
0
2
2
1
1
1
2
1
0
1
0
1
0
0
2
0.991304347826087
0
0
0
0
1
1
0
0
1
1
0
1
1
0
0.666666666666667
0
0
0
2
0
2
0
0
1
0.5
0
1
1
0
1
0
0
0
0
1
1
1
1
2
1
1
0
1
2
1
1
1
0.5
0
0
1
0
0
1
1
0
1
1
0
0.142857142857143
0
1
1
0
1
0
2
0
1
1
1
1
1
0
0
1
0
0
0
0
1
1
0
0
0
0
0
5
1
0
0
1
0
0
1
0
2
3
2
1
1
1
0
0
0
0
1
2
0
2.66666666666667
3
0
3
0
1
1
0
0
0
5
0
1
0
0
1
0
1
0
1
1
0
0
2.5
0
0
1
1
0
1
2
0
0
1
1
2
1
0
1
1
0
1
0
1
0
1.5
0
0
1
0
0
1
2
0.207547169811321
0
0
0
1
0
0
0
0
2
0
0
0
1
0
1
0
1
2
1
0
0
0
0
1
1
0
0
1
1
4
0.5
0
1.28571428571429
2
0
0
0
0.602150537634409
1
1
0
0
1
1.5
0
2
2
1
0
2
0
0.928571428571429
0
2
2
0.5
1
2
0
0
1
0
0.62962962962963
1
0.5
1
1
0
1
1
1
0
1
0
0
0
0
1
1
0
1
1
0
0
0
0
2
1
0.333333333333333
0
3
1
3
0
0
1
0.666666666666667
0.5
1
0
1
0.8
0
0
1.00925925925926
1
0
1
1
0
0
2
1
4
0
0
0
1
1
0
0
0
1
0
1
0
0.0714285714285714
1
0
0
0
0.333333333333333
1
0
0
1
1
0
0
1
0
1
0
0
0
1
1
1
3
2
0
1
1
1
2
0
1
1
0
2
0
0
1
0
0
0
0.896551724137931
0
1
1
0
1.45454545454545
0
3
0
3
0
0
1
0.2
0
1
1
0
1
3
1
0
2
0
1
0
0
4
0
0
0.5
2
1
0
1
1
0
0
0
1
0
0
2
1
0
1
1
0
0
0
0
0
1
1
0
0
0
1
0.666666666666667
1
3
0
0
2.5
1
1
2
2
1
0
0
1
0
1
1
0
2
1
0
1
2
1
0
0
0
0
0
0
0
0
0.98989898989899
1
2
0
1
1
0
0
1.02272727272727
0
0
1
1
0
3
0
0.833333333333333
0
2
1
1
0
4
1
1
1
2
0
1
0
1
0
0
1
0
0
1
0
0.5
0
0
0
0.5
2
1
1
1
1
2
0
0
0
0
1
2
0
0
1
2
1
0
1.5
1
1
1
1
2
1
2
0
1
1
1
9
1
0
0
0
1.5
0
1
0
1
0
5
0
1
0
0
0
0
0
0
4
0.0375
0
0.833333333333333
1
0
1
0
0
0
0
0.67479674796748
1.08616944243302
1
0
1
0.333333333333333
1
0
0
1
0
0
2
1
0
0
0
1
1
0
0
1
1
1
0
1
2
0
3
2
1
0
0
0
0.666666666666667
0
0
0
0
0
1
1
0
0
3
0
0
0
0
1
1
3
1
0
1
0
0
1
1
1
1
1
2
0
1
1
1
2
0
0
1
1
0
2
1
0
1.5
0.5
0.975
1
0
1
0
1
0.756756756756757
0
1.5
0
1
1
1
0
1.01072386058981
0.5
2
1
0
0
1
2
1
0.5
1
0
1.5
1
1
0
0
0
0.1
1
1.5
0
2
0
0
4
0.6
0
1
2
2
0
0
0
0
0
5
1
1
1
1
1
1
1
1
0
0
1
0
2
2
0.217391304347826
1
0
0
1
0
0
0
1
0
0
5
0
1
0
0
3
0
0
1
0
3
1
1
1.5
0
0
0
0.724137931034483
0
1
0
0.333333333333333
0
3
1
0.970588235294118
0
0
2.5
0
0
1
1
0
2
1
1.5
0
2
1
1
2
0
2
0.571428571428571
0
1
1
0
1
0
1
0
0
0
1
1
0
0
0
0
1
1
1
4
1
1.5
0
1
2
2
1
1
1
1
2
1
4
0
0
1
0
0
0
0
0
1
0
1
1
0
0
2
1
0
1
0
1
1
3
1
1
2.5
1
3
2
1
0
0
1
2
0
2
0.952380952380952
1
1
0
2
0
0
1
0
1
1
1
1
0
1
0
0
1
2
0
0
2
0
1
0
0.587378640776699
0
0
1
0
0
1
0
0
0.339071856287425
0
0
1
1
2
0.75
1
2
0
0
0
0
1
0
1
0
4
0
0
1
1
3
0.995007132667618
2
1
0
1
1
0
1
1
2
0
0
1
0
0
0
0
0
1
1
0
0
0
1
1
0
1
0
0
1.01369863013699
1
0
2
2
1.79545454545455
0
0
2
2
1
0
0
0
1
0
1
0
0
0
1
0
1
0
1
0.5
0
0
0
0
0
1
0
0
2
0
0
0
3
1
0.9375
0
1
0
1
1
1
1
0
1
0
0
1
0
2
0.0588235294117647
0
0
1
0
1
0
1
0
0
0
4
1
0
0
1
0
0
0
0
0
0
0
0
0
0
0.5
0
2
1
2
1
0
0
1
0
1
0
1
1
0
0
2
2
0
0
3
1
1
1
0
0
1
1
1
0
0
1
1
0
0
0
0.9
0
1.19879518072289
0
0
0
0
0
0.9
0
1
1
1
2
0
1
1
0
1
0
1
1
0
0
1
1
0
1
1
1
1
0.990610328638498
0
1
0
1
0
1
1
1
0
1
0
0
0
0
0
0
0
0
1
1
0
0
0
1
0.0833333333333333
0
0.901098901098901
0
1
1
1
0
1
0.971428571428571
0
0.5
0
0
0
1
0
2
0.0666666666666667
0
0
0
2
2
0
0
0
1
0
1
1
1
1
1.12765957446809
6
0
1
0
0
1
2
1
0
0
1
1
1
1
0
0.25
0.5
0
1
0.5
1
1.01063829787234
2
2
2
1
0
0.5
0
2
0
0
1
0
0
1
1
1
0
0
0
2
0
0
0
0.5
1
0
1.28527607361963
0
1
0
0
0
1
0
0
1
2
1
0.983333333333333
0.375
0
1
2
0
0
0
0
2
0
0
0
3
1
1.33333333333333
0.845238095238095
1
3
1
0
0
1
0
0.5
1
2
0
0
0.5
0
0
0
0
2
0
1
1
1
0
3
1
3
2
0
0
0
0
1
0
1
1
0
0
0
0
1
0
0
1.33333333333333
1
0
1
1
1
1
0
2
0
1
1
0
1.30992885864522
2
1
1
0
0.661764705882353
1
4
1
0
0.666666666666667
0
0
0
1
1
0
1.88888888888889
0
0
1
0
2
0
1
2
1
1
0
0
0
1
1
1.33333333333333
0.137931034482759
0
1
1
0
1
1
0
2
0
0
0
0
0
0
0.5
0
1
0
2
1
1
2
6
1
2
0
1
3
0
0
0
0
0
0
1
2
0
0.714285714285714
1
0
1
0
0
2
0
1
1
0
0
1
2
1
1
3.5
0
0.621621621621622
0
2
0.0434782608695652
0
0
1
1
1
0
1
0.396694214876033
1
0
0
0
0
1
0
1
0.962406015037594
1
1
0
1.07692307692308
0
0
2
0
0
0
0
0
1
1
0.138888888888889
0
0
1
1
0.909090909090909
1
3
0
1
0
0.107142857142857
0
1
1
0
0
0
0
1
0
0
1
0
4
2
1
3
1.625
1
0
0
0
1
0
1
0
1
0
0
0
0
0.9
1
1
1
0
1
0
1
0
3
1
0
0
1
0
1
2
0
1
0
0
3
0
0.5
1
0
0
1
0
0
1
0
1
1
0
1
0
1
0
2
1
0.454545454545455
0.986301369863014
0
1
1
0
0
0
1
1
0.833333333333333
0
3
1
1
2
0.149920255183413
1
0
1
0
0
0
1
1.02459016393443
0
1
0.282258064516129
1
0
1
0
1
1
1
0.791666666666667
0
2
0
1
0
1
0
0
1
1.09302325581395
0
0
1
3
0
1
1
0
1
1
1
1
1
0
0
0
0
0
2
0
2
1
0
1
1
0
0
0
0
1
1
1
1
0
2
1
0
0
0
2
3
0
1
1
0
1
0
0
1
0
0
0
0
0
1
0
1
1
0
0
0
0
0
1
1
0
2
4
0
0
0
0
0
0
0
3
0
1
2
1
1
1
1
1
0
0
0.989648033126294
1.5
1
1
0
3
0
0
0
2
1
2
1.5
1
0
0
0
0
1
1
2.8125
0
0
1
0
0
0
0
2
0
1
0
0
0
0.474358974358974
1
1
0
0.826086956521739
0
0.421052631578947
1
1
1
1
0
0
1
0
0.5
0
2
1
1
2
1
1
0
1
2
0
1.11619718309859
1
0
1
0
0
0
1
0.445945945945946
0
0
1
1
1
4
1
0
0
0
0
1
0
0
0
2
0
1.5
0
0.428571428571429
0
0
0
0
0
0
3
2
1
0
0
0
0.5
0
3
1
0
2
0
1
0
1
1
3
0
0.972340425531915
0
1
0
1
1
0
0.957446808510638
0
0
4
0
0
0
0
2
2
0
0
0
1
1
2
1
0
1
0
0
2
1
0.142857142857143
2
0
0
0
0
0
0
0
0
0
0
0
0
0
0
1
0
0
0
0
1
2
1
0
3
0.3
0
1
2
0
1
1
2
1
1.66666666666667
0.854054054054054
1
1
0.990196078431373
0
1
0
1
0
0.933333333333333
0
1
2
1
0
0
1
0
0.857142857142857
2
0
5.5
1
0
6
1
0
2
0
0.666666666666667
1
1
0
0
2
0
2
0
1
0.5
2
4
0
0
2
1
0
1
0
1
1
0
0
0
0.452380952380952
0
1.01529331202922
3
0
0
0
0
1
1
0
0
0
0
0
0
1
0
1
0
0
1.4
0
1
0
3
0.5
1
0
0
0
2
2
1
1.01694915254237
2
0
0
0
1
2
1
1
1.93548387096774
0
5
0
0
1
2
1
3
0.8
2
0
1
0
1
0
0.5
0
1
0
0
1
4
1.83333333333333
0
0
0
0
1
0
1
2
0
0
0
0
1
0
0
0
0
0
0
0
0.204545454545455
4
1
0
2
0
1
0
1
0.434782608695652
1
0
6
1
1
0
3
0
0
1.00856627592426
1
0
0
0
0
0
3
0
0
0
1
0
3
0
2
1
0
1
2
2
0
3
1
1.5
0
3
2
1
1
3
0
0
0.767441860465116
4
6
1
1
2
1
1
0
2
2
2
1
4
2
1
0
0
0
0
0
1
0
2
1
2
1
1
2
1
0
0
0
0
0
1
1
0
2
0
1
0
1
1
1
1
1
1
1
1
1.1969696969697
1
1
1
0
2
0
1
0.96875
1
2
1
0
1
0
0
1
0
0.840095465393795
1
0.575342465753425
0.94
0
4
1
3
0
0
0
2
0.1875
0.666666666666667
0.515151515151515
2
0
2.07692307692308
2
0
1
1
0.857142857142857
0
1
0
1
1
2
1
0
1
1
0
0
1
0
0
0
1
0
0
2
0
1
2
1
0
1
0
2
0.5
1
0
1
1
1
0
0
0
0
1
0
0
0
2
0
1.00632911392405
0
0
2
0
1
0
0.5
1
1
1
1
5
0
0
0
3
0.8
2
0
2
1
1
0
1
0
1.00677966101695
1.60606060606061
2
1
1
3
1.00454545454545
0
1
0
2
0
0
1
0
0
1
1
1
2
0
1
0
1
1
0
4
1
0.638461538461538
0
0
1
0
1
0
0
2
1
1
0
2
0
1
2
1.29136690647482
0.835526315789474
1
1
1
0
3
0
0
0.763157894736842
2
0
0
0.863636363636364
1
2.96153846153846
0
0
0
1
0
0
2
2
2
0
1
0
2
0
1
0
0
1
0
1
1
0
0
3
0
1
0
0
0
2
2
0
0.176470588235294
0
2
2
1
1
1.11217183770883
0
0
0
1
1
2
0
1.14285714285714
1
0
3
1
2
0.254237288135593
2
0
0
1.5
0
0
0
1
0
1
0
1
1
0
2
2
1
0
1
0
0
1
1
0
0
0.8
0
0
2
1
1
0
1
0
0
2
0.9
0.45
1.375
0
1
1
1
0
0.5
1
1.77777777777778
0
1
3
0
0.928571428571429
0.666666666666667
1
0
0.833333333333333
2
1
0
0
1
0
0
0
1
0.111111111111111
2
2
2
0
1.5
1.8
2
0
1.42857142857143
0
0
0
2
0.928571428571429
0.8
0
0.967741935483871
0.833333333333333
0
0
0
1.66666666666667
1
0
1
2.33333333333333
0
3
0
1
3
2.5
0
0
1
0
1
1
0
1
0
1
0
0
1.5
0
2
2.66666666666667
0.0909090909090909
1.37777777777778
0.75
0
1.5
0
1
0
0.5
0
1
0
0
0
0
1.5
1
2
0
0
0
0
0
0
0
2.5
0
0
0.451612903225806
0
1
0.142857142857143
1.8
0
2.00625
0
0
0
0.857142857142857
0
1.5
2
1
1.66666666666667
0.5
0.666666666666667
0
2
3
0
1
0
4
0
1
0
0
0
0
0
0
0
0.5
0.5
0.6
0
0
2
3
0
1
0.75
2
1
0
0
0
1
0
0
1.21739130434783
0
0
0
0
0
1.5
0
0
0
1
0
1.5
0
0
0
0
0
3
2
0
0.5
2
3
0
0
0
0
0
1.66666666666667
0
0
1
0
0
0.688888888888889
0
0
1
1
0.5
0
1
1
0
1.98581560283688
0
0
4
0
2
0
0
0
1
0.111111111111111
1
0
0
1
0
2
0
0
0.557692307692308
0
1
0
1
0
0
0
0.5
1
0.5
0
0
0
0
1
0
0
0
0
1
0
0
2
0
1
0
0
2.5
1
0
0
0
0
3
1
3
1.5
0.00493827160493827
0
0
2
0
0
0
0
2.01449275362319
1
1
3
0
0
1
0
0
0
1
1.11764705882353
0
1
0
0
0
2
0
0
0.75
1
0
0
1
2
0
0
0
1
0
2
0
2
1
1
0
3
1
0
0
1
1
1
0.939393939393939
3
0.333333333333333
0
1
2.33333333333333
0.96958174904943
1
3
0
0
0
2
0
0
0
0
0
0
0
0
1
1
2
0
0
2
0
0
0
0
2
0
3
1
3
1
1
0
0
0
0
1
0.5
0
1
4
0
0
4
0
0
0
0
2
0
0
3
0
0
0
1.00277667592225
3
0
0
0
0
0
1
1
1
2
0
0
0
0
1
1.5
0
0
2
0
1
1.33333333333333
3
0
3
0
0.666666666666667
1
0.944444444444444
0
2
0
0
0
0.00247524752475248
0.0769230769230769
0
0
0.481481481481481
0
1
0
0.666666666666667
2
1
0.0666666666666667
0
0.333333333333333
0
0
0
0
2
0
0
1.5
1
0
0.0208333333333333
0
0
0
1.5
4
0.0555555555555556
0
2
0
0.666666666666667
0
0
0
3
0.939393939393939
0
1
0
0.0425531914893617
0
0
1
1
0
3
0
2
2
0
1
1
0
2
0
0
1
0
0
0
0
0.5
1.33333333333333
1
0
1
1
0
0.111111111111111
0
1
0
1
1
1
0
0
1
1
1
0
0
1
0
0
1
1
0
0
0
0
1
0
0
1
0.238095238095238
0.075
0
0.75
0
1
0
0
1
0
0
0
0
0
1.17647058823529
0
3
0
1
2
0
0
0.333333333333333
0
0.166666666666667
3
0
1
0
0
0
1
0
0
4
0
0
0
0
1
0
5
0.714285714285714
2
1
3
0
2
0
1
0
0
0
1
0.227722772277228
0
0
1
3
2
2.5
3
1
2
0
0
0
0
0
0
1
1
0
2
1
0
0
1
1
0
0
0
0
0
0
1
1
0
1
0
4
0
0
0
0.285714285714286
1
0
1
1
1
0
2
0
0
0
1
0.5
0
2
0
0
0
0
3
0
0.297872340425532
0
0.0909090909090909
0
0
3
0
0.666666666666667
3
3
0
0
1.66666666666667
0
0
0.0833333333333333
0
0
0
0
0
0
1
0
1
1
0
3
3
0.25
3
1
1
0
1
1
0
0
4
1
0
0
0
0
3
3
1
0
4
0
0
1
0.0099009900990099
4
3
1
1
1
0
1
0
2
2
0
0
2
3
2
2
1
3
3
0
0
0
0
1.5
1
3
0
0
1
0
0
0
1.57142857142857
0
1
1
1
0
1.75
3
1
7
0.5
0
0
1
0
0
0
0
0
0
1
1
1
0
0
0
1.66666666666667
0
1
0
1
0
1
3
0
0
1
1.5
0
2.25
2
0
3
0
1
1
1
1
2
0
0.0588235294117647
0
2
1
1
0
0
1
0
0
1
4
1
0
1
1
0
2
2
4
1
1.5
1
2
1.2
1.5
3
3
0.5
2
1.5
1
0
2
2
1
1
0
0
1
1
1
0
2
1
1
1
1
2
1
0
0
3
1
0
1.25
1
0
1
0
0
0
0
0
0
1
0
1
1
0
0
0
0
1
0
0.666666666666667
2
0.5
0.0119047619047619
0
0.166666666666667
2
2
0
0.5
0
1
0
0
1
2
0
0
4
1.21323529411765
1
0
0
0
0
2
0
0.5
3
0
0
0
0
1
1
1
2
0
1
1
1
4
4
3
0
2
1
1
0
3
0
1
0
0
0
0
0
2
0
0
1
0
0
0
2
1
0
1
0
0
1
0
1
1
4
1
0
2
0
0
0
1
1
1
1
0
1
1
0
3
0
2
0
0
0
1
2
0
1
1
0
2
0
0
0
2
1
1
0
5
0
1
1
0
0
1
0
0.0128205128205128
0
1
2
2
2
0
0
0
1
2
0
0
0
1
1
1
4
0
1
1
0
0
2
0
3
1
0
0
0
0
3
0
1
0
2
0
0.5
0
2
0
0
1
0
0
1
2
1
0
1
1
4
0
0
1
1
0
0
1
1
0
5
1
2
0
0
0
1
0
1
2
0
1
0
0
1
1
0
0
0
0
2
0
0
2
0
0
1
1
0
0
2
1
0
0
6
0
0
0
1
3
0
0
0
0
0
1
0
1
1.2
1
0.142857142857143
0
1
4
0
1
1
1
1
0
2
0
0
0
2
0
4
0
1
0
0
1
2
0
0
1
1
0
0
0
1
0
2
1
1
1
0
1
1
4
0.111111111111111
1
0
1
3
1
3
6
0
0
0
0
3
0
0
1
1
2
0
1
0
0
0
1
1
0
0.143884892086331
0
1
1
0
0
3
1
1
1
0.888888888888889
0
0
2
1
1
2
0
0
0
1
0
2
0
0
1.5
0
0
1
0
1
0.985795454545455
1
1
2
1
1
1
0
1
0
1
1
0
0
1
0
0
0
1
0
1
1
1
0
2
1
1
0
2
0
0
3
0
0
0
3
1
1
1
2
0
4
3
1
0
1
1
1
1
1
1
0
0
1
0
0
0
0
0
1
0
1
0.5
0
1
0
1
2
0
1
0
3
4
0
1
0
0
3
0
0
0.221374045801527
1
4
1
0
0
3
1
0
1
0
0
2
2
2
0
0
0
1
1
0
0
0
0
0.5
0
1.5
0
1
3
5
0
1
1
0
1
1.5
0.25
0
4
1
2
0
0
2
1
0
2
1
0
0
0
0
0
1
2
5
1
0
1
0
0
0
1
0
1
0
0
1
0
0
0
1
2
0
1
0
4
2.5
0
5
1
2
1.5
0
0
2
1
0
2.5
0
1.5
0
0.333333333333333
1.57142857142857
2
1
0
0
0
1.5
0
0
0
0
0
4
0
1
0
0
0
1
0
0
3
1
0
0
0
0
0
0
1
1
1
4
0
1
0
0
0
0
0
1
0
0
1
2
0
0
0
0
0.5
0
1
1
1
0
1
1
3
0
1
0
1
1
2
2
0
0
1
2
1
0
1
0
1
0
0
0
0
0.1
1
1
1
1
1
0
2
0
0
0
0
0
4
0
0
0
0
4
0.125
3
0
0
0
0
1
1
2.5
0
0
1
1
1
0
0
0
0.333333333333333
0
0
2
1
0.6
1
1
1
2
0.100977198697068
1
0.666666666666667
0
0
0
2
0
2
4
1
0
0
0
2
1
1
0
0
1
1
0
1
0
1
1
2
0
0
0
1
0
2.5
0
0
1
0
2
2
2
3
1
1
2
0
1
0
1
1
2
3
1
0
0
0
3
1
1
1
0
2
1
0
1
1.5
1
1
0
0
0
0
1
0
0
1
1
1
1
1
1
1
1
0
2
1
3
1
0
1
1
0
0
1
1
3
1
0
1
0
0
1
0
1
0
0
1
0
1
0
0
1
2
3
1
0
1
1
0
0.0309951060358891
1
2
0
1
1
1
2
2
1.54901960784314
1
0
0
1
1
0
1
0
4
0
0
3
0
2
0
1
0
0
0.5
1
0.225806451612903
2
0.933333333333333
0
0
2
0
0
1
0
3
0.5
1
0
2
0
4
1
2
0.0845070422535211
4
0
1
1
0.985294117647059
0
1.5
0
1
2
5
1
0
0
2
0
1
1
2
1
0
1
0
1
0
0
1
0
0
0
1
0
0
0
0
1
1
5
1
0
0
1
1
0
2
0
2
0
0
0
0
0
0
0
1
2
1
0
1
0
1
1
3
3
1
1
0.692307692307692
0
1
4
0
0
0
0.0289855072463768
0
1
1
4
0
0
2
0
1
0
1
0
1
0
1
2
0
0
2
0
1
0
0
2
0
1
1
1
0.5
2
2
0
0
0
0
4
1
0
0
0
2
0
1
0
4
0
0.666666666666667
0
0
2
2
0
1
0.5
0
1
0
0
0
1
0
0.0352564102564103
0
2
1
0
1
1
1
0
2.33333333333333
1.5
1
3
1
0
2
1
0
0
3
1
1
0
1
0
0
2
0
1
0
1
0
1
0
2
0
0
0
0
1
1
4
0
0
0
1
1
2
0
0
0
0
2
1
0
3
0
0
1
0
0
0
0
1.5
1
2
2
1
1
0
1
0
1
0
0.333333333333333
0
1
4
0
1
1
0
1
1
0
0
0
0
1
1
2
1
0
0
4
1
1.5
1
0
0
1
0
2
0
0
1
1
3
1
7
0
1
1
0
1
1
0
1.5
0
0
1
0
1
2
1
0
0
0
0
2
2
1
1
2
0
5
3
3.28571428571429
0
1
0
0
1
0
2
0
3
0
2
1
1
0
1
1
4
2
0
0
0
0
1
0
1
0
1
0
1
0.661016949152542
0
1
0
3
0
3
1
0
0
0
0.666666666666667
2
1
2
0.0285714285714286
0
1
1
0
0
0.298507462686567
0
1
0
1
1
0
0
0
1
0
1
0
0
0
0
0
5
4
0
0
0
3
0
0
0
0
1
0
1
0
0
1
0
0
2
2
1
0
2
1
0
0.666666666666667
2
0
0
0
1
1
0
2
2
0
0
0
0
2
1
0
2
4
1
4
0
0
3
6
0
2
3
0
0
2
0
1.5
3
2
1
1
1
0.333333333333333
1
1
3
0
1
0
1
0
1
0
0
0
0
0
0
0
0
1
1
3
1
1
1
0
0
0
3
1.5
0
3.5
2
2
1
1
0
1
0
1
0
0
0.5
0
1
1
0
1
1
1.5
1
1
1
2
1
0
0
0
2
1
1
2
1
0
1
1.5
2
1
2
0
0
0
0
2
0
0
0.5
0
0
1.5
4
1
0
2
0
0
2
2
1
0
0
1
0
1
0
1
0.5
0
1
2
0
0
0
1
0
0
2
0
1
0
0
2
3
0
1
1
1
0
0
0
0
1
1
2
0
0
0
0
1
2
0
2
1
0
1
1
1
2
0
0
2
0
0
2
1
1
0
0
0
1
0
0
1
0
0
5
0
0
2
1
0
2
3
0
2
1
0
5
0
1
2
0.64
1
1
0
2
0
0
1
0
2
1
0
0
0
1
0
1
2.02838827838828
0
6
1
0
6
1
0
1
0
0
0
2
0
2
1
3
2
2
1
0.25
0
1
1
0
0
0
5
0
1
0
3
0
0
1
3
0
1
0
0
1
0
1
1
0
2
1
0
1
1
0
1
1
1
2
0
3
2
0
0
5
0
1
2
1
1
1
1
0
0.5
1
0
0
4
0
0
1
1
0
2
1
4
1
1
1
0
0
0
0
1
0
1
1
0
1
0
4
0
1
1
4
1.5
0
1
0
0.292035398230089
1.5
0
3
2
1
0
2
2
1
0
1
0
1
2
1
0
0
0
3
3
0
1
0
1
0
1
1
0
0
2
1
0
0
0
0
0
1
0
0
0
1
0
1
1
0
1
1
1
1
1
0
1
1
0.0232558139534884
0
2
0
0
2
0
0
2
1
0
2
0
2
1
0.666666666666667
0
1
3
3
0
0.4
0
0.307692307692308
0
0
1
0
0
0
2
0
0
4
2
1
5
0
1
0
1
0
2
1.5
0
1
0
2
2
0
0
1
0
2
2
1
1
0
0
4
1
0
0.777777777777778
0
0
0
2
0
1
1
0
3
2
1
1
0.0212765957446809
0
2
0
0.523809523809524
1
2
0
1
0
0
0
1
0
1
0.368421052631579
1
0
0
0
1
0
1
0
0
0
1
0
1
0
0
3
1
2
0
0
3
1
1
1
0
0
0
1
1
0
1
0
0
4
0
1
0
0
0
1
4
1
0.0769230769230769
0
0
1
3.83333333333333
3
4
1
1
0
1
0
0
4
0
0
1
0
1
0
3
0
2
0
0
0
1
0
1
0
1
2
5
2
1
0
0
1
0
0.1
0
1
1
1
1
1
2
1
2
0
0
0
0
1
0
0
1
0
1
2
2
1
1
1
1.23880597014925
0
1
3
2
0
0
1
0
1
0.5
0
0
0
3
0
1
2
2
1
0
2
1
2
0
0.666666666666667
1
2
1
1
0
0
0
0
0
0
0
0
1
1
1
1.5
0
5
0
1
1
2
1
1
3
0
0
1
1
1
6
1
1
0
4
1
2
0
0
1
0
0
0
0
1
0
3
0.391304347826087
1
0
1
1
1
7
1
0
0
1
4
3
0
0
2
0
1
0
1
1
1
2
0
1
0
2
0
4
0
1
0
0
1
0
0
0
3
3
1
1
4
1
0
0
0
0
1
0
2.66666666666667
2
1
1
0
1
0
3
0
0
0
0
0.75
0
0
1
1
0
0
1
1
1
1
1
1
0
4
3
0
1
2
1
0
0
1
0
1
0
2
1
2
0
1
2
0
2
1
0
1
0
0
0
0
1.15
0
0
0
2
0
2
0
0
0
1
2
2
0
2
1
1
1
0
0
2
0
0
0.0769230769230769
2
0
0
0
0
3
0
0
0
1
2
2
1
0
0
1
0
0
1
0
1.5
1
1
0
0
1
1
0
0
0
1
1
0
4
0
3
1
0
1
5
1
3
0
0
1
1
0
1
1
4
5
1
0
3
0
0
0
0
0
1
1
1
1
1
0
3
0
1
2
0
6
2
0
1
1
0
1
2
3
1
1
0
1
1
1
1
2
2
0
0.51830985915493
2
1
2
0
2
1
2
1
1
0
0
0
3
0
4
0
0
2
0
0
1
0.166666666666667
0
1
0
0
0
1
0.833333333333333
1
8
0
0
0
1
2
0
2
4
1
0
2
1
0
0.5
2
1
0.5
2
0
0
1
0
1
0
0
0
1
0.5
1
0
0
1
0
0
2
2
1
1
0
1
0
2
0
1
0
0.1484375
0
0
0
1
2
0
0
0
1
0
2
3
0
0
1
0
1.5
1
0
2
1
0
0
0
0
3
0
2
2
2
0
0
2
1
0
0
1
6
0
1
1
0
1
0
1
1
1
1
1
1
0
0
2
1
0
1
1
2
2
0
1
0
1
0
1
0
0
3
0
0
1
0
1
1
0
3
1
2
0
1
1
1
0
0
0
0
0
0.25
1
2
2
0
2
0
7
1
3
3
3
0
0
1
1
0
0
0
1
0
2
0
2
2
2
0
0
3
0
1
0
0
1
0
3
1
1
0
0
1
1
2
0
1
3
2
2
1
1.16666666666667
0
2
1
0
0
0
0
0
0
0
2
0
0
1
1
0
0
1.25
0
0
1
0
0.018018018018018
0
0
1
0
0
0
0
0
0
0
0
1
0
0
1
0
1
1
0
0
0
2
0
1
0
1
0
0
0.8
1
0
0
0
4
3
0
0
3
0
3
0
1
1.33333333333333
0
0
0
0
1
0
0
0
0
0
0
0
0.5
0
2
0
0
1
0
0
0
1
0
0
0
3
2
0
1
2
0
0
0
1
0
1
3
0
0
3
0
0
0.0208333333333333
2
0
2
1
1
0
2
0
0
0
1
1
1
1
0
3
2
1
1
2
0
0
1
0
1
0
6
0
0
0.35
19
0
2
1
1
3
0
0
0
0
39
3.33333333333333
4
1
1
0
3
1
0
1
0
2
2
2
1
0
1
1
2
0
1
0
0
0
1
1
0
1
0
1
0
0
1
1
1
1
0
0
0
2
1
0
2
0
0
0.896265560165975
0
1
4
0
1
0
1
0
1
1
7
0
0
1.5
3.5
4
0
0
0
1
1
0
2
2
0
0
0
0
3
3
1
0
3
1
0
0
0
5
1
1
98
0
0
0
2
0
1.33333333333333
1
3
3
2
0
0
1.75
4
0
0
0
0.4
0
0
0
0
2
0
1
0
0
0
0
0
0
0
0
0
2
0
0.0555555555555556
0
1
2
0
0
5
2
0
0.0131291028446389
0
0
2
1.20833333333333
0
0
2
0.285714285714286
0
0.0454545454545455
0.5
0
0.333333333333333
0
0.333333333333333
5
1
1.5
1
1
1
0
0
0.0740740740740741
1
1.5
6
1
0
5
1
1
0
1
2
3
1
6
0
2
1
1
0
0
0
0
0
0
0
0
0
1
1
2
0
0
0
0
0
0
1
3
1
0.236686390532544
1
1
0
1
1
1
0
0
1
0
1
0
1
1
0
0
5
3
1
6
0
2
2
2
1.2
0
0
1
0
0
0
0
0
0
2
0
1
2
1
0
0
0
2
0
0
0
2
0
2
