0
1
0
1
1
3
1.98214285714286
1.94117647058824
1.06382978723404
1
2
0
0
0
0
0
1.25
0
1
1
0
0
2
1
2
1
0
1
0
1.35714285714286
0
1
0
2
1.56
0
1
0
0
0
1
0
1
2
3
1
1
0
0
1
0
1
0
1.09090909090909
2
0
0
0.00769230769230769
1
0.00453857791225416
1
0
1.02296819787986
0.95
1
2
0
3
0
0
0
1.01492537313433
0
1
1
0
1
2.04854368932039
1
0
1
0
0
1
1
2
1
1.1316648531012
0
1
0
1.98148148148148
0
0
2
2
1
1
0
1
1
0
2
1
0
0
1
0
1
1
0
1.99350649350649
0
0
1
2
1
0
1
0
1
0
2
0
1
2
0
0
1
0
1.5
0
1
0
0
1
1
0
1
0
2
0
0
0
1
1.04761904761905
0
1
1
3
0
2
0.0481927710843374
0
0
1
1
2
1
2
0
0
2
1
1
0
0
0
3
1
1
0
2
0
0
1.76470588235294
0
0
0
0
1.04918032786885
0
0
0
0.371212121212121
2
1
5
0
1
1
0
1
1
3
0
1
1
1
0
0.5
1
1
0
1.01522842639594
1.8
0
1
0.9375
3
0
1
3
0
1
1
2
1.45454545454545
0.934579439252336
1
0
1
2
1
1
0
1
2
0.5
0
0
0
3
1
1
0
0
0
1
0
0
0
0
0
1.75
1
1
1
1.01388888888889
1
0
1
0
0
0
0
1
1
2
2
1
1
1
0
1
0
0
4
0
1
2
0.5
0
1
2
2
1
1
1
2
0
1
0
1
0
1
1
1
0
0
1
0
2
1
1
3
0
2
0
1
1.03225806451613
0
1
1
3
0
0
1
1
1
0
3
2
0
0
0
1
0
2
1
0
2
0
0
1
2
0
1
1
1
1
2
2
1
1
0
2
1
0
0
0
1
1
2
0
1
3
0
3
0
0
0
2
0
0
0
0
0
0
0
1
0
0
0
1
0
1
0
1
0
1
2
0
0
1.00913242009132
0
1.91139240506329
0
0.990384615384615
0
0
0
2.14285714285714
0
2
1
0
1
0
1
0
1
0
2
1
0
1.16666666666667
0
3
2
1
0
1
1
0
0
1
0
1
0
0
0
1
1
1
0
1
0
2
4
0
2
0
0
0.00900900900900901
1
0.285714285714286
2
1
1
1
0
1
1
1
1
0
0
0
1
1
0
0
1
1
0
1
0
0
0
1
0
1
0
0
0
1.33333333333333
0
0
0
0
1
0
1
1
0
0
1
0
1
1
1
0
0
1
1.90909090909091
0
0.956521739130435
2
1
0
1
0
0
4
2
3
2
0
1
1
0.975
1.05555555555556
0
1
0.896551724137931
0
0
1
0
1
0
2
1
1
0
1
0
2
2
1
1.16666666666667
0
0
0
1
1
1
0
0
0
2
0
0
1
1
1
0.0428571428571429
1
0
0
0.0166666666666667
2
0
1
0
1
0.00185185185185185
1
0
0
0
1
0
4.22051282051282
1
1
1
0
1
1
1
1
0
0
4
0
1
0
1
1
0
0
0
0
1
0
0
2
1
0
2
1
0
1
0.708333333333333
2
0
0
0.0769230769230769
6
1
1
1
0
1
1.5
0
0
3
1.03658536585366
3
0
0
1
0
0
0.978947368421053
3
0.125
0
2
1
1
0
0
1
0
0
2
1
0
2
1
1
1
1
1.01428571428571
0
0
1
1
1
0
0.0313953488372093
3
1
0
0
1
0
0
2
2
0
0
0
0
0
0
0
2.51111111111111
0
0.0588235294117647
2.00833333333333
0
2
1
0
1
1
0
1
1
0
0
2
0.645161290322581
0
1
0
2
0
1
0
0
0
0
2
2
1
2
1
1
0
2
2
1
0
0
1.00384615384615
1
1
0
0.5
1
0
0
1
0
0.0769230769230769
0
0
2
0
0
0
1
3
0
1
1
0
2
1
2
1
0
0
1
0
2
0
0
0
0
1
0
0
0
0
0.992592592592593
3
0
1
0
0
2
1
1
2
0.0514705882352941
1
0
1
0
0
1
1
1
1
2.01369863013699
1
0
1
2
0
0
0
0
0
1
2
1
3
1
2
0.625
1
1
2
1
0
0
1
0
0
0
0
1
0
0
2.23076923076923
1
0
1
2
1
0
0.0260869565217391
1
0
2
0
3
0
1
1
2
0
1.04347826086957
0
0
0
1
0
0
2
1
0
1
0
1
1
0
2
1.05
0.142857142857143
1
1
0
0
2
3
3
1
1
1
0
0
2.7
0
0.09375
1
0
1.00306748466258
1
0
0
3
1
0
2
3
2.66666666666667
1
2
1
0
0
1
0
0
1
0.333333333333333
0
2.08333333333333
1
1
3
0
0
0
1.30555555555556
1
1
0
1
0
0
3
0
1.66666666666667
3
0
2
0
0
3
0
3
0
1
0
0
1
0
0.0238095238095238
0
0
2
0
0
0
0
0
0
2
0
0
1
2
0
0
1
2
1
1
1
1
0
0
0
0
0
2
0
0
2
0
0
1
1
1
0
0
1
1
1
1
0
1
1
0
1
0
0
0
0
1
5
1
1
3
1
0
2
0
0
0
1
0
0
0
1
0
0
1
0
1
0
0
1
0
1
0
1
1
0
1
0
0
0
2
0
2
1
2
0
0
0
1
2
0
0
2
0.892857142857143
1
1
0
1
5
2
2
1
2
0
3
2
1
1
1
1
1
1.78571428571429
0
2
0
0
3
2
1
0
1
0
1
0
0
0
0
0
0.0251046025104603
4
0
0
0
0
1
0
0
0
3
1
0
0
2
0.873563218390805
0
1
1
2.01818181818182
1
1
1
1
1
1
2
1
1
0.957446808510638
1
2
0
1
1
0
1
1.65340909090909
2
0
1
1
1
1
0
2
1
1
0
2
0
1
0
2
0
1
0
0
1
2
1
4
2
1
0
0
0
2
1
0
2
1
0
1
3
0
0
2
2
0
3
3
1
0
0
1
0
2
1
0
0
0
0.2
1
3
1
0
0
0
0
0
0
0
1
3
2
0
1
2
1
1
0
0
1
0
0.833333333333333
0
0.00611620795107034
0.0833333333333333
1.99532710280374
0
1
0
1
0
1
0.5
0
0
0
1
1
1
2
0
1
1
1
2
1
1
1.5
0
0
1
1
0
1
1
0
1
1
3
0
1
1
1
1
4
1
1
1
0
0
0
1
1
0
1
1
2
0
2
0
0
0
0
2
0
0
0
0
2.66666666666667
0
0
1
1
1
1
2
1
2
0
0
0
1
0
1
0
0
1
1
0
0
1
2
0
2
0.00966183574879227
2
0
0
2
2
0
0
0
1
1
1
0
0
0
1
1
0
1
1
1
1
2
2
1.66666666666667
1
0
1
0
1
1
0
1
0
4
0
0.8
1
1
4
0
1
2
0
0
0
2
0
1
0
1
0
2
1
0
1
0.767982456140351
0
0
0
1
0
2
0
2.08
1
1
0
1
0
3
1
0
1
1.09090909090909
0
2
2
1
1.33333333333333
0
0
1
1
2
3
1
0
0
1
0
1
0
0
0.00970873786407767
0
1
0
0
0
1
1
0
1
1
1
0.00409836065573771
1
2
1
0
0
0
0
2
1
0
0
1
0
0
1.71428571428571
0
1
1
1
1
0
0
1
0
0
0
2
1
3
3
0
1
1
0
0
0
0.928571428571429
0
0
1.5
3
2
0
0
3
1.33333333333333
0
0
0
0
0
1
0
1
1
0
1
2
1
1
1
2
1
0
0
1
0
0
1
0
0
0
1
0
0
2
1
1
0
0
0
0
1
1
0
2
1
0
2
1
0
0
0
0
1
0
0
1.82758620689655
1
2.25
1
0
0
1
1
1
0
2
1
0
1
1
2
1
1
0
0
0
0
2
1
0
2
0
0
1
1
2
0
1
0
1
0
0
2
0
1
1
1
2.98839165545087
2
0
0
0
0
0
1
1.5
0.970588235294118
0
0
2
0
0
0
1
1
1
0
0
2
0
0
2
0
2
1
1
1
2.5
0
1
1
2
1
0
2
0
0
0.5
0
0
4
2
1
1
1
1
1
3
1
2
2
1
1
2
0
2
0.0350877192982456
0.166666666666667
0
0.0220525869380831
0
2
0
2
0
0
0
2
0
1
0
2
1
1
1.01
0
0
2
1
0
0
0.0833333333333333
1
1
0
1
0
0
1
0
1
1
4
0
0
2
1
0
0
0
0
0
1
0
0
1
2
1
2
2
1
0.333333333333333
2
0
1
4
2
0
1
0
1
2
1.0084388185654
1
0.04
0
0
0
1
1
0
1
1
3
0
1
0
2
0
0
1
0
0.166666666666667
1
2
1.01204819277108
1
0
0
1
0.255813953488372
2
1
1
0
0
0
1
1
0
0
0
0
1
0
1
1
1
0
1
1
0
1.02222222222222
0
1
1
0
1
0
2
0
0
0
0
1
0
1
1
3.4
2
0
0
1
0
0
1
1
0
1
3
0
1
0
2
1
0
0
0.0034965034965035
1
0
0
2
0
2
0
1
0
1
3
1
1
1
0
1
0
1
0
0
1
1
0
1
1
1
0
1
1
2
1
0
0
0
2
2
0
0
0
0
1
0
0
0
0.038961038961039
0
1
0.4
2
1
0
0
0
0
2
0
1
1
1
1
0
2
0
1
1
0
1
1
1
0
2
0
1
0
2
0
1
0
0
0
0
0
1
1
1
2
2.5
1
0
1
0
0
1
1
0
5
1
1
2
1
0
0
0
1
0
1
2
1
0
1
0
1
3
0
1
1
0
1
1
1
0.166666666666667
1
0
1
1
0
1
0
1
0
2
0
2.02325581395349
0
0
0
1
4
1
0
1
0
0
1
1
0.444444444444444
0
0
0
1
0
1
0
0
0
0
0
0
1
0
0
0
1
1
0
0
2
1
1
0
0
0
1
1.5
1
2
1
0
0
1
1
0
2
0
0
2
0
1.5
0
1
0
1
0
1
4
1
1
0
2
0
1
0
1
1
0
1
0
0
1
0
0
2
1
2
0
1
0
0
0
2
0
1
2
1
0
0
1
1
2
2
0
2
1.00862068965517
0
1
1
0
1
2
0
0
0
0
1
0
2
1
0
0
1
1
1
1
1
1
2
1
2
0
0
1
3
1
2
1
1
1
0
1
1.66666666666667
1
1
2
0
1
1.83333333333333
2
0
0
2
1
1
1
0
1
0
0
1
0.0196078431372549
0
2
1
0
0
0
1.02985074626866
2
1
1
0
1
2
3
0
0
1
0
0
0
1
2
1
2
0
0
0
1
0
0
1
2
1
0
2
1
0
1
0
1
2
1
0
0
1
0
0
1
0
2.00806451612903
1
0
0
1
1
3
0
0
0
0
1
0
3
2
1.85148514851485
1
0
0.666666666666667
2
0
0
2
0
0
1
0
0
1
0
1
1
0
1
0
0
2
0
3
1.00302114803625
0
1
0
1
2
1
2
1
0
2
2
0.333333333333333
0
0
1
0
2
1
0
1
1
0
0
1
1
0
0
1
1
0
1
0
0
1
0
0
0
0
0
0
0.027027027027027
0
0
2
2
1
0
0
0.25
1
0
0
0
0
0
0
0
1
1
1
1
2
0
2
2
0
0
0.0246305418719212
1
0
0
0
1
0
0
2
0
1
3
0.0833333333333333
0
2
0
0
1
0
2
0.00529100529100529
1.04761904761905
0
1
0
1
0
1
0
0
1
1
1
1
0
0
1.2
1
1.01201201201201
2
0
1
0
2
2
0
1
1
1
0
0
1
3
0
3
2
0
1
0.272727272727273
1
0
0
0
0
0
1
0.99537037037037
0
0
0
1
1
0
0
0
0
2
3
0.0127551020408163
0
1
0.333333333333333
1
0
0
1
1
1
0
2
0
4
0
1
1
1
0
2
1
1
2
1
0.00873362445414847
0
1
0
2
1
0
0
0
0
0
1
1
0.6
1
1
2
1
1
0
0
1
1
0
0
0
0
1
0
0
0
0
0
1
3
2
0
0
1
1
1
0
0
1
1
0
0
0
2
0
2
1
0
0
1
0
0
2.92783505154639
2
3
0
1
1
0
1
4
0
4
1
0
2
0
1
1
1
0
2
1
0
1
1
0
0
0
3
0
1
1
0
0
0
1
0
0
0
0
1
0
1
1
1
1
2
0
0
2
1
0
1
0
0
0
2
1
2
1
3
0
0
0.0222222222222222
0
1
0
2
0.00980392156862745
1
0
1
1
0
0
0
0.166666666666667
0
0
0
1
0
0
1
0
1
0
2
0
1
1
0.5
1
1
0
0
3
0.285714285714286
0
0
0
0
1
0
0.0416666666666667
0
0
1
0
3
1
1.75
3
1
1
1
1
0
1
0
0
3
0
1
1.5
1
0
0
0
0
2
1
0
4
0
0
0
0
2
0
0
4
1
1
1
2
0
1
0
0
0
1
0
1
1
1
0
0
1
0
2
1
2
1
1
1
0
1
0
0
3
0
1
0
0
0
0
0
2
0
1
1
1
0
0.5
1
4
0
0
1
0
1
3
0
0
0
2
0
0
0
2
0
1
0
1
1
3
0
1
0
1
2
2
0
1
0
0
0
0
0
0
1
2
0
2.09090909090909
0
1
1
0
3
1
0
0
0
0
2
1
1
1
1
0
2
0
0
2
3
0
0
2
0
0
2
1
1.16666666666667
1
0
0
0
0
0
0
0
1
0
3
1
2
0
3
1
0
0
0
2
0
1
1
1
0
1
0
1
2.008
0
0
1
0
1
2
0
0
1
2
0
0
1
1
0
0.0403225806451613
1.74193548387097
1
0
1
1
2
0
0
1
0
1
0
0.0208333333333333
0
0
3
2
3
0
0
0
0
1
2
2
0
1
2
0
0
1
0
0
2
0
0
0
0
2
0
0
0
3
1
1
2
0
1
1
1
1.33333333333333
0
0
1
1
0
0
0
3
1
1
1
0
1
0
0
1
0
0
1
1
1
0
0.0273972602739726
1
1
0
0
0.0196078431372549
0
1
1
0
0.956521739130435
1
0
0
1
1
0
0
0.96875
0
0
3
1
0.5
1
0
2
0
0
1
1.4
3
0
1
0
2
0
0
1
1
1
1
2
1
0
1
2
1
0
2.2
1
1
0.00311850311850312
0.000697759823723834
1
2
2
1
2
1
0
1.5
1
1
0
1
1
0
0
0
2
2
1
2
1
0
0
1
0
1
0
1
0
0
0
0
1
1
0
0
0
1
1
1
0
1
1
0
1.07142857142857
1
1
0
0
0
1
0
1
0
1
1
0
1
1
1
0
0
0
0
1
1
0
1
1
0
0
0
2.01010101010101
2
2
0
3
0
0
0
2
1
0.00739957716701903
1
0
0
2
0
1
0
2
3
1
2
0
1
0
0
0
0
2
0
1
1
0
2
1
1.02521008403361
1
0
0
1
1
0
0
0
0
0
0
1
1
0
0
0
0
1
2
0
0
3
0
1
2.71428571428571
1
1
1
0
2
0
0
0
1
0
0
2
0
0
2
1
0
1
0
2
0
0.333333333333333
1
0
3
1
1
0
0
2
0
0
0
0
0
1
0
0
1
5
0
0
0
1
1
0
0
0
0
1
1
1
0
0
1
2.61904761904762
1
1
0
2
1
1
1
0
1
2
1
1
2
0
0
3
0
2
1
0
0
1
0
1
1
0
0
0
0
1
2
1
1
1
2
0
2
0
0
1
1
0
0
0
0
0.00529100529100529
1
1.5
1
1
1
2
4
0
0
0
0
0
0
0
1
0
0
0
1
1
0
1
0
3
3
0
1
1
0
1
1
2
1
1
0
2
1
1
1
0
1
0
1
2
1
1
0
1
1
0
1
2
0
0
0
0
1
0.0579710144927536
1
1
1
0
1
0
0
0
0
0
0
0
1.4
0
0
1
0
0
2
0
0
0
2
1
0
1
1
1
2
0
5
0
1
2
1
1
0
1
2
0
0
0
1
0
0
0
2
0
3
4
0
0
0
1
1
2
1
1.33333333333333
0.027027027027027
1
0
0
0
0
3
0
1
3
0
1
1
1
2
2
0.916666666666667
0
0
0
1
1
0
0
1
0
1
0
0
0
3
0
1
1
1
1
0
2
2
2
0
0
2
0.810526315789474
2
0
0
0
0
1
1
1
2
1
0
1
0
0
1
1
0
0
1
0
0.5
2
0
0
0
2
2
1
1
1
0
0
0
0
1
2
1
0
1
0
0
2
2
0
0
1
0
0
1
1
0
3
2
1
0.875
0
1
0
1
2
0
0.833333333333333
0
1
0
0
1
1
1
0
0
1
0
2
0
0
2
1
0.0239520958083832
0
0
2
1
2.5
1
1
0
1
2
1
0
2
1
2
2
0
1
0
0
0
0
1
0
2
1
0
2
2
1
2
0
0
1
0
2.02129925452609
1
0
0
0
1
1
0
1
1
1
0
1
2
0
2
0.3
1
2
1
0
1
0
0
0.00930232558139535
1
2
1
0
1
2
0
1
1
0
1
1
1
2
2
0
1
1
0
1
0
0
0
2
0
1
2
0
0.833333333333333
0
1
2
0
0
1
1
0
0
2
2
1
1
2
0
0
1
1
0
0
3
1
0
3
0.25
0
2
0
0
1
1
0
0
1
1
0
0
0
0
1
0
1
0
1
0
0
1.33333333333333
1
0
0
0
4
1
0
3
0
3
0
1
0
0
0
1
1
1
2
3
2
1
0
1
3
0
1.5
2
0
0
0
1
1
0
0
0
2
0
0
0
2
0
0
0
0
0
2
1
0
0
0
0
0
1
2
2
0
0
0
0.0588235294117647
0
0
1
1
0
0
2
2
0.166666666666667
3.6
1
0.5
0
2
0
1
1
0
2
1
0
2
1
4
0.977011494252874
1
1
1
0
0.037037037037037
1
2
0
0
3
0.0166666666666667
1
0
0
0.5
3
0
2
3
1
2
0
1
1
1
1
1
1
2
0
1
0
1
1
3
3
1
0
0.0087463556851312
0
1
3
2
1
4
0
0
1
0
0
0.153846153846154
1
1
1
0
0
0
2
0
1
1
2
1
1.5
1
0.955801104972376
3
1
0
0
0
0
1
0.0555555555555556
0
0
2
1.08
1
0
0
0
1
1
0
1
1
1
0
1
0
1
0
0
0
0
0
1
0
2
2
1
0
1
0
1
0
0
1
0
0
0
0
2
0
1
0
1
1
2
0
0
1
0
1
0
3
0
0
0
0
0.333333333333333
0
4
1.0112749349523
2
0
2
1
2
0.0421052631578947
1
1
1
0
0
1
0
1
3
0
0.95
2
0
0
3
1
0
2
0
0
5
0
0
0
1
1
0
0
2
1.01965811965812
0
1
2
0
1
1
1
2
0
1
0
1
2
0
2
1
1
0
1
0
1
1.96
1
0
2
1
0
0
2
1
1
0
0
0
0
0
0
0
0
0
1
0
0
0
2
1
3
0
0
0
3
0
0.4
1
0.0561224489795918
1
1
0
0.0153846153846154
1
0
0
1
1
1
1
0
1
0
1
0
2
0
1
0
0
0
0
0
0
2
2
3
0
3
2
0
0
1.72
0
1
2
2
1
1
1
0
2
1
1
0
0
1
0
0
0.785714285714286
2
0
0
1
2
2
1
1
0
1
2
0.00934579439252336
1
0
0
1
1
1
0
2
2
1
1
0
0
0
0
0
1
0
0
1
1
1
0
0
0
2
3
0
2
0
1
0
2
1.05882352941176
1
0
0
0
0
1
2
0
2
2
3
1.01960784313725
2
2
0
1
0
3
0
0.666666666666667
1
0
0
0
3
1
0
0
1
0
1
0
0
1
1
0
1
0
0
1
0
2
1
2
1
0
2
1
0
1
1
1
3
0
1
1
0
1
2
0
1
2
0
1
1
1
0
0
1
1
2
3
1
2
2
1
0
0
0.0206185567010309
0
0
0
1
0
2
0
0
0
1
1
0
1
1
1
0
1
1
0.978102189781022
1
3
1
0
1
1
0
0
0
0
0
1
1
0.054399243140965
0
0
0
0
0
0
1
1
1
3
1
1.16666666666667
2
1
1
0
0
0
0
1
2
0
3
0
0
0
1
0
1
0
0.037037037037037
1
1
1
1
0
0
1
0
1
0
0
0
0
0
0.333333333333333
0
1
2
1
0
2
0
1
0
0
1
1
0
1
3
0
1
0
1
0.0387323943661972
2.01090534979424
0
0.993220338983051
1
1
0
3
0
1
6
1
0
1
2
1
1
1
1
2
0
0
2
1
0
1
1
1
1
1
2
1
0
2
2
1
1
0
0.000920810313075506
1
0
0.00088809946714032
1
1
2
1
0
1
0
0
0
0
1
2
0
0
1
1
0
1
0
0
1
0
0
1
1
0
1
2
2
0
3
0
1
2
1
0
0
0
1
0
0
2
0
0
2
0.010989010989011
0
0
0
2
0
0
0
0
0
0
0
2
1
0
1
1
0
1
0
1
0
1
0.142857142857143
0
0
2
2
0
0
0
1
2
0
0
0
0
1
0
1
0
1
0
0
0
1
2
0
1
1
0
2
1
0
0
1
0
0
2
0.0740740740740741
2
1
0
1
0
1
0
1
1
0
1
0
1
1
0
0
2
0
1
2
0
0
0
1
1
2
1
0
1
1
2
0
4
1
0
1
1
0
0
1
0
0
0
0
0
0
2
2
1
1
1
0
0
0
2
2
1
0
0
1
0
0
2
1
1
1
0
0
0
0
0
2
0
0
1
1
0
0
0
2
1
0
1
2
0
1
0
0
2
0
0
1
1
1
1
0
0
0
1
2
0
0.8
0
0
2
1
0
1.1025641025641
2
1
1
1
3
2
2
0
2
0
2
0
0
1
1
1
2
1
0.030060120240481
0.0277777777777778
2
2
0.0364963503649635
0
0
0
0
1
1
1
1
1
0
2
1
0.037037037037037
0
1
1
0
1
0
0
0
2
0
1
2
0
3
1
1
0
1
2
0
1
0
2
0
0
1
1
0
0
1
2
2
1
1
1
1
2
1
1
0
0
0
0
1
1
1
0
2
2.5
1.33333333333333
0
1
0
1
0
0
0
0
0
0
1
1
0
1
1
0
0
0
1
1
1
0
3
1
1
1
0
0
0
1
0
1
1
1
0
1
0
0
0
0
0.00884955752212389
2
0
0
0
0
0
1
0
0
1
0
1
1
0.0166666666666667
1
4
0
0
0
0
0
1
1
0
0
1
0
1
0
0
1
0
1
2
1
0
0
0
1
0
0
0
0
2
1
0
1
0
1
0
0
1.00214526509347
1
3
1
1
0.0121654501216545
0
0
2
0
0
0
1
0.0277777777777778
0
1
1
1
0
1
1
0
1
1
1
1
0
0
1
2
1
1
0
0
0
0
1
1
0
0
1
0
0
1
0
1
0
2
1
3
0
2
0
0
1
2
1
0
0
0
2
1
1
0
0
0
0.25
2
0
1
1
0
1
2
0
0.333333333333333
1
0
0
0
1
1
0
1
0
1
1
1
1
0
1
1
3
1
0
3
0
1
1
2
1
1
0
0
0
1
1
0
1
2
0
1.33333333333333
2
0
0
1
1
0
2
0
1
2
1
0
1
0
0
0
1
2
2
1
2
0
1
0
1
1
0
0
0
0
1
0
2
0
0
2
2
0
1
0
0
2
0
0
0
3
0
1
1
0
1
1
0
0
0
0
0
1
2
1
0
1
1
1.2
1
0
0
0
1
0
0
0
1
0
2
1
0
0
0
0
0
0
0
0
0
1
2
0
1
4
1
1
0
1
1
1
0
0
1
1
2
1
1
2
1
1
0
1
0
0
2
0
2
0
1
1
0
0
0
0
1
2
1
0
0
0
0
1
0
1
0
1.25
1
0
2
0
1
0
2
1
1
2
1
2
0
2
0
0
0
1
1
1
1
1.97277227722772
0
2
1
0
0
0
0
1
0
2.5
1
1
0
1
0
0
2
0
1
0.03125
2
0
1
0
1
1
1
1
1
0
0
2
2
0
1
1
0
1.5
0
1
0
0
1
0
2
0
1
0
0
1
1
2
0
1
0
1
1
0
0
1
0
3
2
1
0.5
0
2
0
0
1
0
0
0
1
0
1
0
3
0
2.01621621621622
0
0
0
1
1
1
0
0
1
0
2
0
0
0
0
0
1
2
1
2.01
2
0
1
0
1
1
1.01
0
0
0
0
0
0
0
2
0
0
1
0
1
0
2.00332225913621
1
0
0
0
0
1
2
0
1
0
1
1
2
0.992537313432836
0
1
1
3
1
1
0
0
2
1.00666666666667
0
0
1
2
1
1
1
0
0
0
1
1
1
0.0416666666666667
0.0087719298245614
1
0
1
2
2
1
1
1
1
1
1
1
1
2
0
1
0
0
1
0
1
0
1
1
1
0
0
0.0151324085750315
1
2
0
0
1
1
0
0
2
1
0
1.5
0
1
1
1
0
0
2
1
0
0
2
1
2
1
0
0
0
0
0
3
1
0
0
2
1
2
1
0
0
0
0
0
1
1
0
1
0
1
0
1
0
1
0
0
0
1
3
0
1
0.00300902708124373
0
1
1
0
0
0
0
2
0
2
0
1
1
0
2
0
1
1
0
0.0272727272727273
1
1
1
0
3
1
1
0
1
0.0118110236220472
2
1
1
0
1
0
1
1
1
1
0
1
0
0
0
1
1
0
0
0
1
1
1
0
0
0
1
2
1
2
1
1
0
1
0
1
2.5
2
0
1.02380952380952
0
0
3
1
0
3
0
0.0339904826648538
2
0
0
0
2
0.0062111801242236
0
0
1
0
0
0
1
1
2
2
2
1
1
0
0
1
1
0
1
1
0
2
3
0
1
2
0
1
0
0
3
2
1
3
0
3
0
0
1
0
1
0
1
2
0
1
0
0
0
0
0
4
0
0
0
1
0
1
1
0
2
0
1
0
1
0
0
1
1
0.0289855072463768
0
0
1
2
3
0
2
1
0
0
2
0
1
1
1
1
1
0
1
2
0
0
1
1
1
0
0
4
0
2
1
2
1.5
0
1
0
0
0
1
2
0
1
1
0
0.0227272727272727
1
1
1
0
0
1
1
0
2
1
0
1
1
0
1
2
1
0
1
1
0
1
0
1
1
1
1
1
0
0
2
2
2
0
0.0421940928270042
2.01109057301294
1
0
1
2
1
2
0
1
1
0
0
0
0
1
0
0
0
0
0
0
0
0
4
1
1
0
2
0.00746268656716418
1
0
1
1
1
1
1
1
1
1
0
1
3
0
1
1
0
3
0
1
1
1
1
1
0
0
1
2
0
0
1
0
1
2
0
0
0
1
0
0
0
1
1
1
0
2
0
1
0
0
0
0
0
0
1
0
1
2
0.00431034482758621
2
0
0
2
1
0
1
1
0
0
0
0
0
0
0
1
3
1
1
2
1.5
1
1
3
0
0
0
0
1
0
4
2
0
1
1
0
0
0
0
1
2
0
1
0
0
1.2
0
2
1
2
1
1
0
1
0
0.00560224089635854
1
1
2
1
1
0
2
1
0
1
4
0
0
0.5
0
1
0
0
4
0
2
0
0
1
1
0
0
0
0
1
3
0
0
0
1
0
0
1
0
1
0
0
0
1
3
0
0
1.05882352941176
1
0
1
1
3
2
1
0
2
0
0
0
0
0
0
1
0
0
1
0
1
1
2
1
0
2
0
1
1
0
0
0
4
0
2
1
3
1
1.33333333333333
0
0
1
1
1
0
0
0
1
2
1
1
0
0
0
1
0
0
1.39130434782609
1
0
0
0
1
2
0
1
2
1
2
0
3
2
1
1
0
0
2
1
2
0
2
0
0
1
1
1
0
0
2
2
0
0
1
1
0
0
0
0
1
0
1
0
0
0
0
0
0
1
0
1
3
0
1
0.00662251655629139
1.33333333333333
1
1
0
0
0
0.125
0
1
1
1
1
2
2
0
2
1
0
1
1
0
0
1
1
0
1
0
2
0.00091415274661348
1
2
1
0
1
0
2
3
0
2
1
0
0
0.996842105263158
2
4
0
1
1
0
1
0
0
0
1
0
1
1
0
0
0
0
0
1
1
1
1
1
2
1
0
1
0
1
0.0169491525423729
1
1
0
2
1
0
0
0
0
0
1.16666666666667
1
0
1
0
2
2
0
0
0
0
0
0
0
1
2
2
2
1
0
2
1
0
4
0
1
3
0
0
0
0
1
0
1
0
0
1
3
0
1
1
1
0
1.9921875
0
2
0
0
0
2
2
0
3
1
0
1
1
1
0
1
1
0
0
1
1
2
0
1
1
0
2
1
0
0
2
1
1
3
1
0
0
0
0
2
0
2
1
1
0
1
1
1
1
2
1
0
0
2
0
0
0
0
1
0
0
0
1
0
1
1
1
1
0
2
0
0.5
1
0
3
1
0
0
1
1
0
0
0
0
0
0.0178571428571429
0
0
0
1
1
0
0
1
1
1
1
2
1
0
0.00486409155937053
0
0
1
3
1
1
1
0
0
1
2
1
0
0
1
2
1
0
0
1
1
0
0
1
0
1
4
1
0
0
2
0
2
0
1
1
1
3
0
1
0
0
1
1
1
2
1
0
1
1
0
1
0
1.00914634146341
2
1
1
0
0.5
0
1
1
1
0
1
0
1
0.0193548387096774
0
1
3
0
0
0
2
1
2.0263644773358
0
1
2
0
1
1.11111111111111
3.98148148148148
2
1
1
1
1
0
1
0
1
0.333333333333333
0
0
0
1
0
3
0
0
2
1
0
2
2
1
1
1
1
3
0
3
1
3
1
1
0
0
0
1
3
0
2
0
0
0
1
0
2
0
1
1
0
1
3
1
2
1
0
0
2
1
1
2
1
2
0
0.5
1
1
0
0
0
0
1
3
1
1
4
0
0
3
0
0
1
2
1
0
0
0
2
0
0
1
2
0
0
0
0
0
1
0
0
0
0.0029673590504451
0
2
2
0
3
2
1
0
0
1
0
0
0.927884615384615
0
0
0
1
0
1
1
0
1
0
2
0
0
1.01285855588526
0
0
0
1
1
1.25
1
0
0
2
1
0
2
2
1
0
1
0
1
1
0
0.5
1
3
0
1
0
1
0
1
1
0
0
0
2
0
1
1
0
0
0
2
1
0
1
2
1
0
1
0
2
1
1
1
3
2
0
0
0
0
1
1
1
1
1
0
0
0
0
1
1
1
0.00949667616334283
1
0
0
0
0
2
1
0
0
0
0
2
0
1
3
0
0
2
2
1
1
1
1
1
0.01
2
0
0
1
1
2
0
1
3
0
0
0
0
0
1
2
0
1
1
0
0
1
2
2
1
3
1
0
1
0
1
0
1
1
0
1
0
0
1
1
1
2
1
0
1
0
1
0
1
0
1
1
0
1
0
1
1
0
1
3
1
1
2
0
0
1
0
1
2
0.0434782608695652
1.66666666666667
0
0
2
0
2
1
2
1
1.01282051282051
0
1
2
1
0
1
0
1
0
2
0
0
1
2
1
1
0
0
0
1
0
1
0
1
0
0
0
0
1
0
2
0
1
1
1
0
1
1
1
1
1
0
1
0
0
0.75
0
1
1
1
0.166666666666667
0
0
0
1
1
0
2
0
0
0
0
0
1
0
1
2
0
0
1
1
2
2
1
1
1
2
0
1
0
0
1
2
1
2
2
1
1
1
1
0
0
1
0
1
0
1
2
1
1
0
0
0
1
0
4
2
0
0
0
1
0
0
2.15151515151515
1
1
1
0
1
1
0
0
2
0
0
1
3
1
0.0119047619047619
1.00375
1
1
0
0
0
1
1
4
2
0
1
0
1
1
1
2
1
2.00990099009901
0
2
0
1
1
1
0
1
3
1
2
2
1
0
1
0
1
1
0
1
1
1
2
0
1
0.310344827586207
0
2
3
3
1
0
1
0
0
0
0
2
1
1
0
0
0
1
1
1
1
3
0
1
0
1.01388888888889
1
0
1
0
0
3
0
0
1
2
0
1
1
1.15384615384615
3
1
1
0
0
1
0
1
1
0
0.666666666666667
0
0
0
2
0
0
0
0
0
2
3
1
1.33333333333333
0
0
0
0
1
0
0
0
0
1
0
1
2
1
0
0
0
0
0
0
2
1
3
0
2
0
0
1
0.00595238095238095
0
0
0
0
1
2
0
1
0
0
1
0
2
0
0
1
2
1
2
0
2
1
1
1
1
0
4
0
1
0
0
0
2
0
1
0
0
1
0
0.00109809663250366
1
3
0
0
0
0
0
1.78947368421053
0
1
0
0
0
3
1
0
0
2
0
0
0
1
0
2
0
5
0
2
2
1
1
0
1
0
1
1
2
1
0
1
1
1
1
1
1
0
0
1
0
0
1
1
0
2
0
0
2
1
0
2
0
2
0
2
2
3
0
0
1
0
0
1
1
0
1
3
0.00134952766531714
0
1
0
0
1
0
0
0
0
2
2
1
1
0
2
1
1
0
0
3
0
0
1
1
1
1
1
0
0
2
0
0
0
0
1
1
3
0
2
0
3
2
1
1
0
1
0
1
1
0
0
0
0
3
0
2
1
1
1
1
1
0
1
2
0
1
1
0
0
0
1.25
2
0
0
1
0
0
2
2
3
1
1
1
0
1
0
0
1
1
1
2
2
1
1
0
0
0
1
0
1
1
0
1
0
0
0
0
3
0
0
2
0
0
1
2
1
0
1
1
0
1
2
2
3
0
0
0
0
0
1
0
1
2
0
0
0
0
0
0
1
2
0
1
3
0
1
1
0
2
1
0
0
0
0
0
2
0
0
2
0
1
1
0
1
2
0
1
1
1
2.5
1
1
2
0
2
0
0
0
0
0
2
2
0
1
2
0
0
0
0
0
0
0
0
2
0
0
0
2
1
1
1
3
0
1
0
0
0
0
1
2
0
0
2
1
0
0
0
0
1
0
2
0
1
1
0
1
2
2
0
1
0
1
0
1
2
0
0
2
2
2
0
1
0
0
0
1
0
0
0
0
1
1
0
1.33333333333333
1
1
0.00425531914893617
3
0
0
0
1
0
0
0
0
1
0.0118577075098814
1
1
0
2
1
1
3
0
0
1
3
1
0
1
1
0
0
3
0
1
0
1
0
2.01315789473684
0
0
2
1
0
1.93220338983051
1
0
0
1
0
1
0
3
0
1
0
0.000997008973080758
1
2.05
1
0
0
3
0
2
0
1
2
1
0
0
1
0
0
0
0
1
0
0
0
1
0
1
2
1
1
1
2
1
1
0
1
1
1
1
0
0
0
0
0
1
1.33333333333333
1
0
1
3
0.00224719101123596
0
1
1
1
1
1
0
0
1
0
0
1
1
2
1
0
2
0
1
0
1
0
1
1
0
1
0
0
1
0
1
0
0
1
1
0
0
1
0
1
0
1
0
0
2
0
2
1.02290076335878
0
0
0
0
0
1
2
2
1
0
0
0
0
1
2
0
1
1
0
1
2
0
0
1
2
2.00179533213645
0
1
3
1
0
1
0
3
1
1
1
2
0
1
1
1
1
1
1
0
0
4
0
0
1
1
1
1
0
1
1
1
1
0
1
1
1
0
0
0.00925925925925926
3
1
0
1.06349206349206
1
1
0
2
0
0
2
1
0
1
0
0
2
0
0
2
2
1
0
2
2
0
1
1
1.01489971346705
0
0
0
1
2
2
2
1
0
1
0
3
0
1
1
2
1
1
0
2
1
1
0
2
0
0
2
0
1
0
0
1
1.00607902735562
0
0
0
0
1
0
0
0
0
1
1
1
0
2
0
1
1
0
0
0
2
0
0.0356622998544396
3
0
0
2
1.01388888888889
0
0
0
2
0
1
0
1
2
0
2
1
1
1
0
1
0
0
1
0
0
1
0
0
0
2
1
1
0.5
0
0
1
0
2
1
1
0.019047619047619
0
0
1
0
0
1
4
2
2
2
1
1
0
0
3
0
0
0
0
1
1
2
1
1.06382978723404
0
0
1
1
2
2
1
0
1
0
1
0
1
0
1
1
1
0
0
0
1
0
1
0
1
0
0
1
0
1
1
1
1
1
2
0
0
1
0
1
1
1.5
0
0
0
1
1
0
2
0
1
1
0
1
1
0
0
0
1
1
0
1
0
0
0
1
1
0
2
0
1
0
0
1
1
0
2
1
1
1
0
2
0
1
0
0
0
2
1
0
0
1
0
1
0
0
2
0
1
0
0
3
0
2
0.00980392156862745
0
0
0
1
0
2
1
0
2
0
0
0
1
0
1
1
0
0
1
2
1
0
0
0
0
1
2
1
0
0
2
0
1
0
1
1
0
0
1
0
0
0
0
1
2
1
2
0
1
3
1
0
1
1
1
0
0
0
1
2
0
0
0
0
0
3
1
0
1
2
0
0
3
0.00757575757575758
1
0
0
1.1
2
1
2
2
1
1
1
0
1
0
0
1
0
0
1
1
2
0
1
1
0
1
1
2
0
0
0
0
1
2
1
1
0
1
0
0.5
0
0
0
0
0
2
1
0
0.00970873786407767
1
0
1
0
0
2
0
0
0
4
0
0
0
1
1
2
2
0
0
1
0
0
1
1
2.00344827586207
0
1
0
2
1
1.5
1
0
1
3
0
0
1
0
1
0
0
0
1
2
1
1
1
1
1
0
0
0
0
2
1
1
0
2
0
1
3
1
0
1
1
0
1
0
0
1
1
0.0121951219512195
0
1
1
2
0
1
1
1
0
1
0
1
0
1
2
0
1
0
1
0
1
0
3
0.5
1
0
0
1
1
0
0
0
0
1
0
0
2
3
1
0
1
3
0
0
0
1
0
0
2
0
0
4
0
2
1
0
0
2
0
1
2
1
0
0
3
0
2
0
0
1
0
0
2
0
0
1
0
0
0
0
0
1
1
1
2
2
1
0
0
1
1
4
2
0
0
0
0
2
1
1
1
0
0
1
1
0
2
0
1
1
0.0714285714285714
0
1
0
0
0
0
0
1
0
1
1
0
0
1
1
2
0
1
1
2
0
2
1
1
1
3
1
0
2
1
0
0
0
1
2
1
0
1
0
3
0
1
1
2
0
0
2
1.1
0
1
1
0
1
0
1
1
1
0
0
0
1
3
1
1
1
0
0
0
0
0
0
0
1
1
0
0
0
0
0
0.0491803278688525
3
0
2
0
0
0
1
0
0
1
2
0
1
0
0
0
0
3
2
1
1
1
1
1
0
1
0
2
1
4
1
0
1
0
1
3
0
0
2
0
1
0
1
0
2
1
1
1
0.0143540669856459
1
1
0
1
2
1
0
0.00368098159509202
0
1
0
2
0
1
0
2
1
0
0
1
1
1
0
1
1
0
0
2
1
2
0
2
1
1
1
1
1
1
0
0
0
1
1
0
0
0
2
0
1
1
0
1
0
0
0
0.0232558139534884
1
0
1
0
1
1
2
1
1
0
1
0
0
3.5
1
0
0
1
0
2
1
0
0
1
1
0
2
1
0
0
0
1
0
0
0
1
0
0
0
1
0
0
1
0
0
3
0
0
0
0
0
1
1
3
0
1
1
0
0
1
1
1
1
0
0
2
0
0
0
1
1
0
0
1
2
1
0
1
0
0
0
0
4
2
0.333333333333333
2
1
1
0
2.96124031007752
0
0
1
0
0
0
1
0
1
1
1
1
3
0
0
1
0
1
1.03389830508475
0
1
1
0
1
0
0.989795918367347
1
0
1
0
1
0
0
0
1
1
0
1
0
0
1
0
1
0
3
0
0
1
0
3
2
0.037037037037037
0
2
1
2.33333333333333
0
0
0
0
0
0
3
1
1
1
0
0
0
0
0
0
2
0.5
1
1
1
0
1
2
2
1
1
1.07692307692308
1
0
0.0354430379746835
1
0
0
0
2
0
0
1
0
1
1
1
0
2.5
1
1
2
1
1
1
0
1.01408450704225
0
1
1
2
3
0
2
0
1
0
0
0
0
1
0
3
0
0
2
2
1
0
1
0
0
1
2
1
2
1
2
1
0
0
1
1
0
0
0
0
0
0
1
0.00993377483443709
0
0
1
3
1
1
0
1
0
0
1
0
0
0
0
1
2
1
1
0
0
0
1
0
0
0
1.02793296089385
1
3
1
0
1
2
1
0
1
0
1
1
1.33333333333333
0
0
1.00177619893428
0
1
1
0
0
3
0
3
0
1
3
3
2
1
1
3
1
1
1
0
0
1
0
2
1
0
2
0
2
1
1
0.0204081632653061
0
1
1
0
1
0
1
0
0
1
0
2
0
1
0
0
1
2
2
1
3
0
0
0
0
0
0
0
1
3
2
0
2
0
0
0
1
3
0
0
1
0
0
1
0
1
1
0
0
0
0
1
3
0
0
0
1
0
0
0
1
0
0
1
1
1
2
1
0
0
1
0
2
1
1
0
0
0
1
1
1.5
2.97506277599792
0
0
0
0
0
1
0
1
1
0
1
0
2
0
1
0
1
0
1
0
0
1
0
2
1
2
0
0.0402298850574713
1
0
0
0
1
0
1
1
2
1
2
0
0
3
1
0
0.00710594315245478
1
1
2
0
0
0
1
0
0
1
0
0.971830985915493
0
0
0
0
0
0
1
0
1
1
1
1
1
2
2
2
1
0
2
2
0.015625
1
1
1
2
1
1
2
1
2
1
0
0.0265822784810127
2
0
1
2
1
0
2
0
0
1
1
0
3.5
0
1
0
3
0
0
0
0
0
0
0
1
1
2
1
0
1
0
1
0
3
0
0.0195652173913043
0
1
0
1
0
1
0
2
0
0
0
1
1
0
0
0
0
1
0
2
0.87027027027027
0
1
0
0
0
0
1
0
0
0
1
1
1.00787401574803
2
1
0
1
0
1
1
1
0
4
0
1
0
2.025
0
0
0
0
1
0
1
0
0
0
0
1
2
2
1
1
0
2
0
2
1
0
0
3
2
0
0
2
0
0.0105263157894737
2
0
1
0
1
0
4
0
1
0
1
1
0
2
0.625
1
1
1
1
1
3
0
1
0
1
1
1
0
0
1
2
0
2
0
0
1
1
2
1
0
0.984848484848485
1
1
0
1
0
1.00434782608696
1
1
1
0
0
0
0
1
1
0
0
1
3
0
0
3.5
1
0
0
0
2
0
1
0
1
0
0
1
1
0
0
0
2
2
2
2
1
3
3
0
1
0
1
0
2
2
0
1
0
0
0
0
0
1
1
1
0
2
1
0
0
0
0
0
1
1
1
0
0
1
1
1
1
1
1
1
0
2
1
2
3
2
0
1
0
1
1
0
1
1
0
0
1
1
1
1
1
1
1
0
1
0
1
1
2
0
0
4
0
0
1
1
1
2
2
2
1
1
1
1
1
2
2
1
0
1
1
1
1
0
1
0
0
0
0
0
0
1
0
3
1
4
1
1
1
0
2
1
1
1
1
2
2
1
1
0
0
1
2
0
0
0
0.679245283018868
0
0
0.5
0
1
0
0
0
0
1
1
2
0
0
0
0
1
0
1
1
0
0
1
1
1
1
1
2
1
0
0
1
0.285714285714286
0
2
1
0
3
0
1
0
0
1
2
0
1
1
4
0
1
2
0
0
0
1
0
2
0
0
0
1
0
0.990740740740741
0
1
1
2
1
1
0
1
1
1
1
1
2
1
0
0
0
0
1
1
0
0
1
0
1
2
1
0
0
0
1
1
1
0
1
0
1
2
1
1
1
0.00462962962962963
0
2
2
0
1
1
2
1
1
0
0
0
0
0
1
0
3
0
1
1
0
0
0
0
1
3
0
0
0
1
0
0
0
2
0
1
0
1
1
2
0
1
2
2
2
1
0
2
2
0
1
0
2
0
0
0
1
0
0
1
1
0.0344827586206897
0
2
1
0
0
0
1
0
0
1
2
2
3
0
0
0
2
0
0
0
1
0
0
1
2
0
2
1
2
1
2
1
0
2
0
2
0
2
1
2
2
2
1
1
1
0
0
0
0
1
1
0
0
1
0
2
1
0
0
1
0
0
0
1
1
0
1
1
1
2
1
1
1
0
0
1
0.0212765957446809
2
2
1
1
0
0
3
0
1
1
0
0
2
0
1
2
0
0
0
1
0
0
0
1
1
2
1
1
0
2
0
0
0
0
1
1
3
0
1
1
1
0
0
0
0
0
1
1
0
0
0
1
0
0
2
2
1
1
2
0
0
1
1
1
0
3
2
1
0
1
0
0
2
1
2
0
0
1
0
0
0
0
0
0
0.666666666666667
1
1
0
0
0
0
2
1
0
0
2
1
1
2
0
0
0
0
1
2
0
1
0
0
1
0
2
1
0
1
1
1.01626016260163
1.00724112961622
0
1
0
0
0
1
1
1
1
0
0
0
0
4
2
0
1
1
1
0
1
1
0
0
1
0
0
0
1
1
1
1
0.00952380952380952
1
1
1
3
1
2
1
1
0
0
2
0
3
1
1
0
1
0
2
0
0
0
0
0
1
3
1
2
1
0
1
1
0
2
0
1
2
0
3
1
1
1
0
0
0.0222222222222222
1
0
0
0
2
1
3
1
1
1
1
0
0
0
0
0
0
3
0
4
0
0
1
1
0
1
0.333333333333333
1
1
1
0
1
0
0
0
1
1
0
0
0
1
0
1
0
1
0
0
1
0
2
1
1
2
0
0.0344827586206897
1
3
0
0
0
3
0
1
0
0
1
1
1
0
0
0
0
2
0
1
2
0
0
1
0
0
0
1
0
0
0
1
1
3
1
2
0
1
1
0
0
0
0
1
1
0
2
1
0
1
1
0
1
0
0
0
0.4
0
1
2
0
0
0
0
0
2
0
0
1
0
1
0
0
1
1
0
3
1
0
0
1
0
0
0
0
1
2
3
0
1
1
0
0
1
1
0
1
3
3
1
0
0
1
1
2
2
1
0
0
1
3
1
0
0
1
0
0
0
1
1
0
0
1
1
0
1
1
1
0
0
1
1
1
0
3
0
0
0
1
1
0
1
0
0
2.05263157894737
3
1
0
1
1
0
1
1
0
0
0
1
0
0
0
0
0
1
1
1
0
0.0119760479041916
1
1
2
1
0
0
1
0
1
2
0
1
0
2
0
0
0
0
1
1
1
0
2.00071326676177
1
1
1
0
0
4
0
1
0
0
1
0
0
1
0
2
3
0
0
1
1
1
0
0
2
0
1
1
0.00560398505603985
1
1
1
0
0.0227272727272727
4
1
0
0
2
1
1
1
2
0
2
0
1
0
0
2
2
0
0
2
4
2
1
3
1
0
1
0
0
0
0
2
0
0
1
0
0
1
0
0
1
1
1
0
0
0
2
0
3
0.882352941176471
1
1
1
0
0
1
1
3
1
0
1
0
0
0
1
1
0
1
1
2
2
2
0
2
1
0
2
1
1
2
1
0
0.857142857142857
1
0
1
0
0
0
1
1
2
1
0
1
0
1
1
2
3
1
0
0
1
0
0
2
0
0
2
0
0
0
0.0512048192771084
1
1
0
0
1
0
1
0
0
0
0
0
0
1
1
0
0
0
0
0
0
0
0
1
0
3
0
1
1.00234741784038
1
0
0
0
3
0
1
0
2
1
1
0
1
1
0
0
1
0
0
0
1
1
1
1
0
1
0
0
1
0
2
1
0
0
1
2
0
0
1
1
1
1
0.933333333333333
0
1
2
0
0
1
2
1
2
0
1
0
0
0
0
1
1
0
2
1
0
1
0
0
1
0
1
0
2
2
0
2
0
1
0
0
0
0
0
3
0
0
2
0
0
1
0
0
1
1.66666666666667
1
3
0
0
0
1
0
1
0
0
0
1
0
1
0
0
1
0
1
1
1
1.03703703703704
1
2
1
1.01666666666667
1
3
2
0
2
2
1
0
0
1
0
3
2
0
0
0.0119047619047619
0
2
0
2
0
0
0
1
0
0
0
1
1
0
0
0
1
0
1
1
0
2
0
0
1
0
1
0
0
0
0
1
0
0
1
1
4
0.875
0
0
0
0
2
0
1
0
0
1
0
2
1
1
0
0
1
0.00665017012063099
2
0
1
0
1
1
0
1
1
1
1
0
2
1
1
0
0
1
0
0.0833333333333333
1
0
1
0
1
0
1
0
0
0
1
2
0
0.96551724137931
1
1
0
0
0
2
0
1
1
0
0
1
0
0
0
0
0
5
1
0
3
1
1
0
3
1
1
3
0
1
2
1
1
2
1
1
0
2
1
0
1
0
1
0
0
1
3
1
1
1
2
1
1
0
1
0.027027027027027
1
0
0
0
1
0
1
0
0
0
2.07438016528926
1
2
0
2
1
0
1
4
1
1
0
1
1
0
0
0
2
1.5
0
1
0
0
1
2
1
1
0
0
1
2
1
1
3
1
0
0
1
1
1
0
2
0
0
0
2
1
2
0
1
0
1
0.0625
1
0
2
1
0
2
2
0
0
1
0
1
0
0
1
1
0
0
0
2
0
1
1
0
0
2
1
0
1
1
0
1
1
0
1
1
0
0
0
3
1
0
2
1
1
0
0
2
0
0
1
1
0
0
0
0
1
1
2
0
1
1
2
0
2
0
2
0
0
0
2.95374800637959
1
0
0
1
2
1
0
0
0
0
0.967741935483871
0
0
1
1
0
2
1
1
0
0
0
0
1
2
1
0
1
0
0
2
2
1
0
1
2
0
3
0
1
0
0
2
1
3
1
1
1
0
1
1
0
0
1
2
0
0
1
2
0
1
0
1
0
0
0
1
0
2
0
0
2
0
0
0
1
1
1
1
0
1
0
0
0
0
1
1
1
2
0
1
1
0
0
1
0
0
0
0
0
1
2
0
0
1
0
1
0
1
1
3
1
0
3
0
1.00621118012422
0
0
3
1
0
2
0
1
0
0
0
0
0
1
0
1
1
1
1
0
2
0
0
0
1
1
2
0
0
0
1
0
1
1
0
0
0
0
0
1
2
1
0
0
1
0
0
1
0
0
0
1
1
1
1
3
0
2
2
2
1
1
1
0
1.5
3
0
0
0.0472972972972973
1
2
1
0
2
0
2
0
1
1
0
1
1
1
0
1
0
0
1
1
1
0
0
1
0
0
0
0.333333333333333
3
0
1
0
0
0
0
0
1
0
0
0
0
2
0
1
0
1
1
1
2
1
0
1
0
1
2
2
0
1
0.0178571428571429
3
0
3
0
2
0
0
0
1
1
1
1
0
0
0
0
0.928571428571429
0
2
2
2
1
0
0
0
1
1
2
4
0
1
0
1
0
0
1
1
1
0
2
1
1
1
1
0
1
2
2
0
1
0
2
0
1
0
0
2
2
1
1
2
0
0
0
0
1
0
1
1
2
0
0
1
0
0
1
0
1
1
0
1
1
7
1
0
1
1
0
0
1
0
0
1
0
1
0
2
1
1
1
3
0
0
0
0
0
0
0
0.00479342615841132
0
2
2
1
3
1
2
0
0
2
1
1
1
0
1
0
1
0
1
1
2
1
0
0
0
0
0
2
1
0
0
0
0
2
2
0
0
1
5
0
0
2
1
0
1
1
2
0
3
0
0
0
0
0
1
1
1
2
1
1
3
1
0
0
2
0
0
1
1
1
0
0
2
0
0
1
0
2
0
0
0
0
0
1
1
1
3
0
0
1
0
2
0
1.21739130434783
1
0
0
0
1
1
1
1
0
2.00225428313796
0
2
0
2
0
2
1
2
2
0
1
0
2
0
0
1
1.66666666666667
2
0
1
1
0
1
1
0
0
2
0
1
0
1
0
1.16279069767442
1
0
0
1
0
1
0
0
0
2
1
0
0
1
1
0
0
0
0
1
1
0
1
2
1
0
2
0
1
2
1
0
1
0
0
0
1
3
0
3
0
0
1
0
0
0
0
0
2
0.0151515151515152
1
2
0
0
0
0
0
1
0
1
0
1
0
1
0
1
1
0.0137231503579952
0
0
0.04
0
2
1
0
0
1
1
1
1.8125
0
0
1
0
0
1
0
0
0
0
0
1
0
0
2
1
3
0
1
1
0
0
0
1
2
1
1
1
0
1
0
0
0
0
0
2
1
1
0
0
1
0
1
1
1
0
0
1
0
0
1
1
2
0
1
3
0
0
0
1
2
0
1
0
2
1
0
0
3
1
0
0
1
1
0
0
2
0
0
1
1
1.90909090909091
1
1
0
2
3.00584415584416
0
1
1
0
2
2
1
2
2
1
0
0
1
0
0
0
2
1
0
1
1
0
1
0.666666666666667
0
0
0
3
0
0
0
0
1
1
3
1
0
0.100719424460432
0
1
1
0
1
0
0
0
2
0
0
1
0
1
0
0
0
0
0
1
0
1
1
2
1
1
0
0
2
1
0
0
1
1
2
0
4
0
0
0
2
1
1
1
0
1
0
0
0
0
2
0
2
0.0501193317422434
1
2
1
1
0
0
1
1
1
2
0
0
0
0
2
1
0
0.5
1
0
3
1
0
0
0
0
0
1
0
0
1
2
3
0
0
1
0
2
1
0
4
0
0
0
0
0
0
2
0
0
2
0
2
1
1
0
2
1
0
0
1
2
2
1
0
0
1
0
1
0
0
0
1
1
2
0
3
0
2
0
0
2
2
2
0
2
0
1
1
1
1.11009174311927
1
0
1
1
1.21138211382114
1
2
3
3
1
2
2
0
0
0
2
0
1
1
1
0
3
1
0
0
1
1
3
0
2.90909090909091
0
1
2
1
2
1
1
2
1.15555555555556
0.3
0
1
1
0
0.111111111111111
0
2
0
0
2
1
1
3
0
0
0.196261682242991
2
0
0.165775401069519
2
2
2
0
1
1
0
2
0
1
1
1.13445378151261
0.03125
2
0
0
1.85714285714286
0
1
0
0
2
2
1
1
1
0
1
1
1
3
2
1
4
2.66666666666667
0
1
2
1
1
0
1
1
2.15454545454545
0.234432234432234
2
1
0
0
0
0
0
1
0.172413793103448
1.20571428571429
1
0
0.0285714285714286
0.0434782608695652
3
3
2
0
2.5
1
0
0
0
0
0
1
1
1
3
0.186363636363636
2.19565217391304
0
1
3
1
1
1
1
3
0
2
0
1
2
0
1
1
1.5
0
3.14705882352941
3
0
0
3.5
0
2
1
1.1685393258427
0.00709219858156028
2
1
0
0
0
3
2
0
1
0
0
1
2
1
2
2
0.075
1
0.0192307692307692
1.0625
0
3
0
1
1
1
2
0
0
0
3
2
2
2
2
1
0
2
0
1
0.0303030303030303
0
2
0
1
2
0
0
2
1
1
2.66666666666667
0
4
1
2
0.254320987654321
3
3
0
2
2
0
2
0
0
0
1
3
1
1
0
3
2
0
1.05882352941176
2
0
0
1
2
2
3
1
0
1
1.15254237288136
0
1
0
0.188679245283019
0
0
0
3
0
0
1
2
0
0
0
0
1.03125
1
4
0
0
1
0
0
3
1
1
0
0
0
0
0
0
0
0
0
2
0
1
2
3
3
0
2
0
3
2
0
1.02941176470588
0
1
0.147727272727273
1
0
0
2
0
0
0
1
0
1
0
0
1
2
0
0
1
1
3
3
0
0
1
0
4
2
2
1
0
0
0
0
0.20253164556962
0.218225419664269
1
2
3
0
0
1
0
2.10869565217391
0
0
0.0909090909090909
0
0
2
1
0
2
2
0.333333333333333
1
0
2
1
1
2
1
0
0
1
1
1
2
0
1
0
1
2
1
0
0
1
0
2
2
2
1
0
0
0
2
2
1
1
0
0
0.0208333333333333
2
0
2
1
2
1
1
0
3
0.333333333333333
1
0
2
0
0.939393939393939
2
0
0
0.765957446808511
1
2
0
0
1
0
1.33333333333333
0
0
3
0
1
1
0
2
0
0
1
1
1
1
0
0
0
2
2
0
1
1
0
3
1
3
2
1
0
0
0
1
0
0.666666666666667
0
0
1
1
1
0
0
2
0.666666666666667
1
1
0
0
0
2
1.05
2
0
0
1
0
3
0
0
0
0
3
1
0.0294117647058824
0
0
0
1
0
1
1
0
0
1
0
0
0
2
1
0
2
1
2
0
0
1
0
2
0
1
0
0
1
0
0
1
0
1
0
0
0
1
0
0
2
1
0
0
0
0
0
0
0
0
0.5
0
1
1
1
1
2
0
1
0
1
1
0
0
1
2
1
0
0
1
0
1
0
1
2
1
0
1
0
0
1
0
0
1
0
2
1
0
2
1
2
0
1
2
0
1
1
3
0
0
0.0425531914893617
0
0.363636363636364
1
0
2
0
0
2
0
0
1
0.333333333333333
1
3
1
0
1
0
0.8
2
1
0
1
0
0
0
1
1
0
0
0
1
1
1
0
1
1
0
0
1.8
0
1
2
0
0
1
0
0
1
1
1
0.99009900990099
1
0
1
0
0
0
0
0
0
0
0
1
1
0
0
0
0
0
0
3
2
1
1
1
1
2
1
0
0
1
0
1
0
2
0
1
0
0
2
1
4
0
0
1.5
0
0
0
1
0
1
3
1
0
0
0
1
0
0
0
0
1
2
0
0
0
0
1
0
0
0
0
0
0
1
0
1
0
0
0
0
0
1
2
0
0
0
0
5
1
0
1
2
2
3
1
1
1
0
1
1
0
0
1
0
1
0
2
0
0
1
2
0
1
1
2
1
0
1
0
0
1
2
2
2
0
2
0
0
0
0
0
0
2
2
0
1
1
0
0
0
1
0
0
2
1
1
0
1
2
2
0
0
0
1
2
0
0
1
1
0
0
2
3
1
0
1
0
2
0
0
0
0
1
0
2
1
1.11764705882353
0
0
2
1
0
2
1
0
1
1
1
1
2
0
2
1
0
0
0
1
1
0
1
0
0
0
0
0
2
1
0
0
0
1
0
0
0
1
1
3
0
0
0
1
0
0
0
0
2
1
0
1
0
2
0
0
0
0
2
0
2
0
0
0
2
0
0
0
2
1
2
0
1
3
0
0
1
0
1
0
0
0
1
1
1
1
1
1
1
0
1
1
0
0
0
0
0
0
0
0
1
1
0
1.5
1
2
0
1
0
3
1
2
0
1
1
1
1
0
0.5
1
0
2
0
0
1
1
1
2
0
1
0
3
0
0
0
1
2
1
0
0
3
2
0
0
0
0
0
1
0
3
1
0
0
0
1
1
1
0
1
0
0
2
1
1
2
2
0
0
0
1
0
0
0
0
1
2
0
1
0
3
2
1
0
1
1
1
0
3
0
2
0.5
0
0
0
0
1
1
0
1
1
0
2
2
0
0
0
0
1
1
3
1
0
1
0
0
0
1
0
0
1
0
0
0
2
0
0
0
1
1
1
0
3
0
2
0
0
1
1
0
0
0
0
0
1
0
0
0
1
0
0
1
1
0
0
0
0
0
0
2
0
0
0
0
0
1
1
2
0
0
0
1
0
0
1
0.79136690647482
1
0
1
1.83333333333333
1
0
1
0
0
1
2
0
1
2
2
1
1
0.998407643312102
1
2
1
0
0
0
0
0
2
1
1
0
0
0
0
0
0
0
1
0
1
2
0
0
0
1
0
1
0
2
0
0
0
0
0
0
1
0
1
1
1
0
1
0
1
1
2
0
0
0
0
1
3
2
0
2
0
0
0
0
0
0
1
1
0
1
1
0
1
1
1
3
0
0
0
0
0
2
0
0
1
0
2
2
0
1
0
1
2
0
1
2
0.0152671755725191
0
0
0
0
1
1
0
2
1
0
0
0
0
1
0
1.5
0
0
0
2
0
1
0
0
1
2
0
2
0
0
0
2
0
1
1
0
2
1
0
0
2
1
1
0
0
2
0
1
0
1
0
0
2
1
1
0
1
0
0
0
0
0
1
2
2
0
2
0
0
2
1
0
1
1
2
1
0
0
1
1
1
0
2
1
0
0
0
0
0
1
0.5
1
0.166666666666667
0.142857142857143
0
0
1
0
1
2.5
1
0
0
0
0
0
0
2
0
0
0
1
1
1
0
0
1
2
0
1
0
2
0
0
0
0.75
2
0
0
2
1
0
0
0
3
1
0
0
0
1
1
2
1
0
0
1
0
0
1
0
0
2
1
0
1
0
0
0
1
2
0
0
0
0
0
2
1
1
1
2
0
0
1
1
0
0
2
4
0
0
1
1
1
2
1
2
0
2
1
0
0
1
0
0
2
2
0
0
0
0
0
0
0
1
0
1
0
1
0
0
1
2
1
0
1
0
1
2.00651465798046
1
1
1
0
0
1
0
0
1
0
1
2
0
0
1
0
1
0
1
0
0
0
2
0
1
1
2
2
3
1
2
0
1
0
1
1
0
1
0
0
1
0
2
0
1
0
0
0
0
0
2
0
0
0
0
1
2
2
1
1
0
0
1
0
0
1
1
1
0
1
2
0
0
0
0
1
0
2
1
1
0
0
0
0
0
0
0
1
0
1
0
0
1
0
0
1
0
0
0
0
0
0
0
0
2
2
0
1
0
1
1
0
0
1
1
1
0
0
2
0
3
1
0
1
0
0
0
0
0
1
0
1
0
1
0
0
0
1
0
1
0
0
2
1
0
0.25
0
0
1
0
0
2
1
1
0
0
0
0
1
1
0
0
1
0
2
0
0
0
0
2
1
1.07352941176471
1
0
1
1
2
1
1
0
0
0
0
0
1
0.5
0
0
2
0
0
2
1
0
0
0
2
1
3
2
2
1
0
1
0
0
1
1
2
2
2
0
0
0
2
1
0
1
1
4
0
2
1
0
1
1
1
0
0
1
0
0
3
0
0
1
0
0
1
1
1
0
1
2
0
0
0
1
0
0
0
0
0
1
0
0
0
0
0
0
0
1
0
2
0
2
1
0
0
2
0
2
1
1
1
1
0
1
1
0
1
1
0
0
2
1
2
2
0
0
0
1
2
0
0
2
0
2
2
0
0
0
0.00961538461538462
2
0
0
1
0
0
1
1
1
0.5
1
0
1
0
0
0
0.5
1
1
1
1
0
1
0
0
0
1
1
1
0
1
0
1
1
2
2
1
0
0
2
0
2
1
0
0
0
0
2
1
2
0
0
3
1
0
0
0
1
4
0
1
2
0
1
1
1
2
0
0
0
2
1
1
0
0
1
0
0
2
0
0
0
0
1
0
3
0
0
2
0
0
0
1
0
0
0
0
0
1
1
2
0
2
1
0
2
0
0
1
0
0
0
2
0
0
0
1
0
1
1
0
1
2
2
0
4
0
1
1
0
0
3
0
0
1
0
0
0
2
0
3
0
0
0
1
0
0
0
1
2
0
1
2
0
0
0
2
3
2
1
1
1
2
0
0
1
1.05084745762712
1
1
1
0
0
0
0
1
2.66666666666667
1
2
1
0
0
0
1
0
0
2
3
0
0
0
3
0
0
2
1
1
0
1
0
0
0
2
1
1
0
0
0
1
1
0
1
0
0
1
0
1
0
2
2
0
1
2
1
0
1
1
0
1
0
0
1
0.333333333333333
1
0
2
2
1
2
0
1
0
0
1
1
0
0
1
0
1
0
1
1
0
0
0
0
0
0
0
1
0
0
0
1
3
1
0
0
2
0
0
1
0
0
2
0
0
1
0
0
0
3
0
1
1
2
1
0
1
0
1
0
2
2
0
1
0
0
0
0
1
1
0
0
2
1
0
1
1
1
2
2
0
0
0
0
1
0
1
2
1
1
0
1
0
0
1
0
3
0
2
1
1
0
1
1
1
1
2
0
3
1
1
1
2
0
0
2
2
1
3
2
0
3
0
1
0
2
0
0
0
0
0
0
0
1
1
1
0
0
1
3
1
1
0
1
1
1
2
1
0
0
1
0
0
0
1
0
2
0
0
1
1
0
1
1
0
0
1
0
0
1
0
0
2
1.5
0
1
1
2
2
2
0
1
0
2
1
2
1
0
0
0
1
2
1
1
1
0
1
0
0
0
4
0
0
0
0
0
0
0
0
0
2
0
0
1
0
1
1
0
0
0
1
0
0
2
0
0
0
0
0
1
0
1
1
0
1
0
0
2
0
0
0.333333333333333
2
0
0
0
0
1
1
4
0
0
1
0
0
0
0
1
0
0
1
0
0
0
2
1
1
1
0
0
0
0
0
0
3
0
0
2
0
0
3
1
1
0
0
0
0
2
0
2
0
2
0
0
1
0
0
0
1
0
1
0
0
1
0
3
0
2
1
1
0
0
2
1
0
1
1
0
0
0
0
0
1
0
0
1
0
0
1.01327433628319
1
1
0
0
1
1
0
0
0
2
0
0
0
0
2
0
3
0
1
2
1
0
1
1
0
2
1
1
1
1
1
1
0
0
1
0
0
0
0
1
0
0
2
0
2
0
1
0
1
1
0
0
0
2.02325581395349
0
0.5
1
2
0
2
1
0
0
2
0
2
0
2
2
2
0
0
1
0
0
1
2
0
2
2
0
1
0
0
1
0
0
0
0
0
1
0
0
0
1
0
1
0
0
0
1
0
0
1
0
0
0
1
0
0
1
1
0
0
1
1.92592592592593
0
2
3
0
1
0
0
0
0
2
1
1
0
1
0
0
1.14285714285714
1
0
0
1
0
1
1
0
0
0
0.0526315789473684
2
1
1
2
0
0
1
0
1
0
1
1.04
1
2
1
0
0
2
1
1
0
2
1
0
0
0
1
0
1
1
0
2
0
1
2
0
2
6
0
2
1
0
0
0
3
1
0
0
0
2
0
2
0
0
1
6
0
1
1
2
1
1
1
0
0
0
0
0
0
2
0
1
0
0
0
0
0
2
2
1
3
1.1
0
0
0
1
0
1
1
1
1
2
2
1
1
1
1
1
0
1
1
2
0
2
0
2
0.0298507462686567
1
0
0
0
0
1
2
1
1
0
1
0
1
0
1
1
3
0
2
1
0
1
0
2
0
1
2
2
1
0
0
0
1
0
1
1
1
1
2
0
0
0
0
1
1
0
0
0
0
0
1
2
0
0
0
0
0
1
1
0
0
1
1
0
0
0
0
1
0
1
1
0
1.8695652173913
0
0
0
0
1
0
1
2
0
1
1
0
1
0
0
0
0
0
0
1
0
0
0
0
2
0
0
0
0
1
0
0
0
0
1
0
0
0
0
1
0
1
0
0
1
1
0
1
2
0
1
1
1
1
0
2
1
0
0
1
0
0
2
0
0
0
2
0
1
0
1
0
0
0
0
0
1
0
0
0
0
1
1
1
0
1
0
0
1
0
1
0
1
1
0
1
0
1
1
3
0
1
0
0
1
0
1
0
2
0
0
1
0
0
2
0
1
0
0
0
0.5
0
2
1
1
1
1
0
1
3
1
0.984251968503937
3
1
1
0
2
2
2
1
2
0
0
1
0
1
0
0
0
2
1
1
0
3
2
0
1
1
1
1
0
0
2
2
0
0
4
1
1
0
0
0
2
2
1
1
1
1
0
1
0
0
1
2
0
0
2
0
0
2
1
0
1
0
1
0
3
2
0
0
3
0
2
0
1
1
2
1
0
1
1
0
0
0
0.994366197183099
0
0
0
0
0
0
0
0
0
0
0
0
0
1
0
0
2
0
0
1
2
0
0
1
1
0
1
0
0
1
1
0
0
1
2
0
1
1
1
0
0
0
0
0
0
0
1
2.06521739130435
0
1
1
0
1
1
0
0
1
0
0
0
2
1
2
0
1
0
0
2
0
0
0
1
0
0
0
0
0
0
0
1
1
0
2
0
0
1
0
0
0
0
0
1
1
0
0
1
2
0
0
2
0
0
0
0
2
2
1
2
0
2
0
0
1
0
0
1
4
0
1
0
0
0
0
2
2
0
0
0
3
1
1
0
0
2
0
1
3
0
2
0
0
1
2
3
3
1
0.5
0
0
3
1
0
3
0
0
1
3
2
3
0
1
2
1
1
0
1
1
0
1
0
0
0
0
0
0
1
3
0
1
0
0
1.17647058823529
0
2
2
0
2
0
0
2
0
1
1
1.25
1
0
3
2
0
0
0
2
2.5
0
0
1
0
2
0
0
0
0
0
1.33333333333333
1
1
0
0
0
0
0
1.5
0
1
1
1
1
0
0
0
1
0
0
0
0
1.94444444444444
2.15315315315315
4.2
2.15384615384615
0
1
0
2.0625
3
1
1
2
2
1
2
0
1
2
0
0
0
0
0
1
0
0
0
0
1
0
0
0
1
2
2
1
1
0
0
0
0
0
1
0
0
0
1
0
0
0
0
0
0
1
0
0
0
0
0
0
0
0
0
0
0
0
0
1
0
0
0
0
1
1
0
1
0
0
1
0
1
0
0
2
0
1
3
0.0104166666666667
1
1
0
1
2
1
0
1
2
0.0909090909090909
0
1
0
0
0
2
1
1
1
0
1
0
0
1
1
0
0
1
1
0
3
1
1
1
0
0
3
0
1
1
11
0
0
2
1
2
0
1
0
0
0
0
0
2
0
0
1
2
0
1
0
0
1
1
0
0
1
2
1
0
0
1
1
0
0
1
3
1
2
0
0
0
0
0
1
1.03319502074689
0
1
0
2
0
1
1
1
2
1
0
2
1
1
0
3
0
0
0
1
0
4
0
0
0
0
0
0
2
0
0
0.333333333333333
1
2.5
1
1
1
0
0
1
7
1
1
0
0
0
0
0
0
1
2
2
2
0.25
0.285714285714286
4
1.37931034482759
0
1
0.931034482758621
1
0
0
0
0
0
0
0
2
0
0
1
0
0
1
0
0
2.27777777777778
1
1
0
2
1
1
0
1
0
2
1
1
0.208333333333333
0
0
0
1
3
0.0454545454545455
0
0
1.33333333333333
1
0
0
0
0
2
4
2
0
0
0.037037037037037
0
1
0
1
0
0
0
1
0
1
0
0
0
1
0
0
0
0
0.333333333333333
1
2
1
2
1
0
1
3
1
2.09090909090909
3
1
1
2
1
1
0
0
0
0
0.414201183431953
1
1
0
0
0
0
2
1
1
2
0
0
0
0
1
1
0
0
0
0
0
0
0
0
1
0
0
1
2
1
2.5
1
0
0
0
1
0
0
0
2
1
3
0
2
0
1
2
0
0
