0
0
0
1
0
0
0
1.01960784313725
0.446808510638298
0
1
0
0
0
1.04347826086957
0
0
0
1
0
1
1
0
0
0
0
0
0
1
0
0
0.888888888888889
0
0
0
1
0
0
0
2
0
0
0
0
1
1
0
1
1
0
1
1
1
2
0
0
0
0
0
0.0075642965204236
1
0
0.00353356890459364
0
1
1
0
0
1
0
1
0
1
0
0
0
0
0
0
0
1
0
0
0
1
0
2
0.0968443960826986
0
0
1
1
0
0.25
0
0
0
0
0
1
0
0
0
0
0
0
0
1
0
1
0
0
0
0
0
1
0
0
0
1
0
0
1
0
0
0
1
0
0
1
1
2
0
1
0
0
0
0
0
1
1
0
1
0
0
0
0
1
0
1
0
0
0
1
0
0
0
0
0
0
0
0
1
0
1
0
0
1
0
1
0
0
0
1
0
0
0
0
0
0
0
0
2
0
0
0
0
0
0
0
0.0526315789473684
0
1
0
0
0
1
0
0
0
0
0
0
0
0.0152284263959391
1
0
0
0
1
0
0
0
0
0
0
2
0.181818181818182
0
1
0
0
0
0
0
0
0
1
1
0
0
0
0
0
1
0
0
0
0
0
1
0
0
0.571428571428571
0
0
0
1
0
0
2
0
0
1
1
0
0
0
0
0
0
0
1
0
0
0
0
0
1
1
0
0
0
0
1
1
0
1
1
1
1
0
0
0
0
0
1
0
0
1
1
1
0
1.07142857142857
0
0
1
1
0.0769230769230769
0
1
2
0
0
0
0
0
1
0
0
0
0
0
0
0
1.01030927835052
2
0
1
0
0
1
1
0
0
0
0
0
0
0
1
0
0
0
2
0
0
0
0
0
0
0
0
0
1
0
0
0
0
0
1
0
0
0
1
0
1
0
0
0
0
0
0
0
1
0
0
0
1
0
0
0
0
1
0
0
1
0
1.00480769230769
1
1.00840336134454
0
0
1
0
0
0
1
0
1
0
0
0
0
0
0
0
0
0
1
0
0
0
1
0
0
0
1
0
0
0
0
0
0
0
0
0
0
0
0
0
0
0
1
0.00900900900900901
0
0
0
1
0
0
0
0
0
0.037037037037037
0
1
0
0
0
1
0
0
0
0
2
0
0
0
0
0.00303951367781155
0
0
0
0
0
0
0
0
0
0
0
0
0
0
2
0.2
0
0
0
0
0
0
0
1
2.90909090909091
0
1
0
0
1
0
0
0
1
2
1
0
0
0
0
0.775
0
1
0
0
0
1
0
0
0
0
0
0
0.0108695652173913
1
0
0
0
0
0
2
0
0
1
1
0
0
2
0
1
0
1
0
0
1
0
0.00714285714285714
0
0
0
0
0
1
0
0
0
0.00555555555555556
0
0
0
0
1
1
0.0205128205128205
0
0
1
0
0
0
0
0
1
0
0.166666666666667
0
0
0
0
0
1
1
0
1
0
2
1
0
1
1
0
1
0
0
1
0
1
0
0
0
0
2
1
1
0
0
0
1
0
0.0121951219512195
0
2
0
1
1
0
0
0
0
0
0
0
0
0
0
0
0
1
0
0
0
1
0
0.0833333333333333
0
1
1.01428571428571
0
0
0
1
0
0
0.0395348837209302
0
0
0
0
0
0
0.5
0
0
0
1
0
1
0
1
0
0
0
1
1.00833333333333
1
0
0
0
0
0
0
1
0
0
0
0
0
1
0
1
0
0
0
1
0
0
0
0
1
0
0
0
0
0
0
0
0.0158730158730159
0
0
2.02307692307692
0
0
1
0
0
0
0
0
1
0
1
1
0
1
1
0
0
0
1
1
0
0
0
0
1
0
0
0
0
1
0
0
1
0
0
0
0
0
2
1
1
0
0
0
0
0
1
0
0
0.166666666666667
0
0
1
0
0
1
0
0
1
0
0
0
0
0
0
0
0
0
0
1
0
2
0
0
0
0
0
1
0
1
1
0
0
0
0
1
0
0
1
0
0
0
0
0
0
1
0
0
1.02608695652174
0
0
0
1
0
0
1
0
0
0
0
0
0
1
0
0
0
0
0
0
1
0
1
0
1
0
0
0
0
0
0
0
1
1
1
0
0
0
0
0
0
0
0
1
0
0
1
1
0
0
0
0
0
2
0
1
0
0
1.01612903225806
0
0
0
0
0
1
0
0
1
0
0
1.0093023255814
0
0
0
0
0
0
0
0
0
0
0
0
0
0
0
0
0
0
1
0
0
0
0
0
0
0
0.928571428571429
0
0
1
0
0
0
0
0
0
0
0
1
0
0
0
2
0
0.0769230769230769
1
0
0
0
0
0
0
1
0
0
0
0
0
0
0
0
0
0
0
0
0
0
0
0
0
0
1
1
0
0
0
0
1
0
0
0
0
2
0
0
1
0
0
0
0
0
0
0
0.2
0
0
0
1
0
1
0
0
1
0
0
0
0
0
1
0
0
0
1
0
1
0
0
0
0
0
0
0
0
0
0
0
1
1
0
0
0
0
1
0
0
0
1
0
0
1
1
0
0
1
0
0
2
0
1
0
1
0
0
1
1
2
0
0
1
0
0.0188284518828452
0
1
0
0
0
1
0
0
1
0
0
1
0
1
0
1
0
0
1
2
0
2
0
1
0
0
0
0
0
0.2
1
0
1
1
3
0.25
0.0511363636363636
0
0
0
1
1
1
0
0
0
0
0
0
0
0
0
0
0
0
0
1
1
0
0
0
0
0
0
1
0
1
0
0
0
0
0
0
0
0
0
1
0
0.0153846153846154
0
0
0
0
0
0
0
0
1
0
0
0
0.4
1
0
0
1
1
0
0
0
0
0
0
0
0
0
2
0
0
0
0
1
1
0
0
0
1.00611620795107
0
0.00311526479750779
1
1
1
0
0
0
0
1
1
1
1
0
1
0
1
1
0
0
0
0
0
0
1
0
0
1
0
0
0
0
0
2
1
0
0
1
0
0
0
1
0
0
1
0
1
0
0
0
0
0
1
0
0
0
0
0
0
0
0
0
0
0
0.333333333333333
0
0
0
0
0
2
1
1
0
0
0
0
0
0
0
2
1
0
0
1
1
0
0
0
0
0.0036231884057971
1
0
0
0
1
0
0
1
0
0
1
1
0
0
0
0
0
0
0
0
1
0
0
0
0
2
0
0
1
1
1
0
0
0
0
0
0
0
0
0
0
0
1
1
0
0
0
1
1
0
0
0
0
0
0
0
0
0
0
1
1
1
1
0
0
0
1
1
0
1
0
0
1
0
0
0
0
0
0
0
0
1
1
0
0
0
0
0
1
1
0
0
0
0
1
1.5
1
0
0
0
0
0
1
0
0
0.998633879781421
0
1
0
1
0
1
0
1
0
0
0
0
0
0
0
1
0
0
0
2
0
0
0
2
0
0
1
0
0
0
0
0
0
2
0
0
0
0
0
1
0
1
0
0
0
0
0
0
1
0
1
0
1
1
0
0
0
0
0
0
1
0
0
1
1
0
0
0
1
0
2
0
0
0
0
0
0
1
1
1
0
0
0
0
1
0
0
0
0
0
0
1
0
0.00970873786407767
0
0
0
0.103448275862069
0
1
1
0
0
2
1
1
0
0
0
1
0
0
0
0
2
0
0
0
1
1
0
0
0
0
0
0
0
0
0
0
0
0
0
0
0
0
0
0
1
0.000168236877523553
0
0
0
0
0
0
1
0
0
0
1
0
1
0
2
0
0
0
0
0
0
1
0
0
0
0
1
1.25
0
0
1
0
0
0
2
0
0
1
1
0
0
0
0
1
1
0
0
0
1
1
0
0
0.2
0
0
0
0
0
1
0
0
0.972010178117048
0
0
1
0
1
2
1
1
1
1
1
0
0
1
0
0
0
0.5
0
1
0
0
0
0
2
1
0
0
1
0
0
0
1
0
0
1
0
0
0
0
0
0
0
0.833333333333333
0
0
0
0
0
0
1
0
0
1
0
0
0
0
1
0
0
0
0
0
0
0
0
0
0
0
0
0
0
0.0909090909090909
0
0
0
1
0
0
0
0
0
1
0
0
0
0
0
0
1.02325581395349
0
0
0
0.166666666666667
0
1
2
0
0
0
0
0
0
0
0
0
1
0
0
0
0
0
0
1
0
1
0
1
1
0
0
0
0
1
0
0
1
0
0
0
0
0
0
1
0
0
0
0
1
0
0
0
0
0
0
0
0.0034965034965035
0
0
0
0
0
1
0
1
0
0
1
0
0
0
0
0
0
0
0
0
0
0
0
0
1
0
0
0
0
1
0
0
0
0
0
0
0
1
0
0
0
0
1
0
1
0
1
0
0
0
2
1
0
0
1
0
0
0
0
0
0
0
1
0
1
0
0
0
0
0
0
0
0
1
0
0
0
0
1
0
1
0
0
1
0
0
0
0
0
0
0
0
0
1
0
0
1
2
0
0
0
0
0
0
0
1
0
0
0
1
0
1
0
0
0
1
0
0
0
0
0
0
0
0
0
0
1.66666666666667
0
1
0
0
0
0.0232558139534884
1.00414937759336
0
0
0
0
0
0
3
0
0
0
0.0476190476190476
0
0
0
0
0
0
2
0
0
1
1
0
0
0
1
0
1
0
1
1
0
1
1
0
0
1
0
0
0
0
0
0
0.995495495495496
0
0
0
1
0
1
0
0
0
0
0
0
0
0
0
1
0
1
1
1
1
1
0
0
0
0
0
1
0
1.03333333333333
1
1
1
0
0
1
0
0
0
0
0
0
0
0
0
1
0
0
0
0
0
1
0
0
0.0258620689655172
0
1
0
0
1
0
0
0
0
0
1
0
0
1
0
0
0
0
0
0
0
0
0
0
0
0
0
0
0.4
1
0
0
0
1
0
0
0
0
1
1
0
1
0
1
0
0
0
1
0
0
0
0
0
0
0
2
0
0
0
0
1
0
0
0
0
0
0
0
0
0
1
0
0
0
0
3.01388888888889
0
0
0
0.5
0
0
2
0
0
0
0
0
2
0
0
1
0
0
0
0
0
0
0
0
1
0
0
2
0
0.00201612903225806
0
0
1
1
0
0
0
0
1
0
1
1
0
1
0
0
0
0
1
1
0
0
0
0
0
0
0
0
0
0
1
0
0
0
0
1
0
1
0
0
0
1
0
0
0
0
0
1
0
2
0
0
0
0
0
0
0
0
0
0
1
1
0
0
0
0
0
1
0
1
0
0
1
0
0
1
0
1
0
0.027027027027027
1
0
0
0
0
0
1
1
0
1
0
1
0
0
0
1
1
0
1.28571428571429
0
0
0
0
0
0
0
1
1
0
0
0
0.333333333333333
0
0
0
0
0
0
1
0
0
0
0
0
0
0
0.00352733686067019
0.0476190476190476
0.0625
0
0
0
0
0
0
0
0
0
0
0
0
0
1
0
0.003003003003003
0
1
1
0
1
0
0
0
0
0
0
1
1.5
0
0
0
0
0
0
0
0
1
0
0
0.00571428571428571
1
0
0
0
0
0
1
0
0
0
0
0
0
0
0
1
0
0
0
0
1
0
0
0
0
0
0
0
0
0
1
0
2
0
0
0
0
0
1
0
0
0
0
2
0
0
0
0
0
0
1
0
1
0
0
0.470588235294118
0
0
0
1
0
0
1
0
0
1
0
0
0
1
0
0
0
0
0
0
0
0
0
1
0
0
1
1
0
1
0
0
0
0
2
1
0
0
0
0
0
0
0
1
0
0
0
0
1
0
0
0
0
0
0
0
0
0
1
0
0
0
0
0
0
0
0
1
0
0
0
2
0
0
0
0
1
1
0
0
0
0
0
0
0
0
0
0
0
0
0
0
0
0
0
0
0
0
1
0
0
0
0
0
0
0
0
0
0
0
2
0
0
2
1
0
0
0
0
1
0
0
1
0
0
1
0
1
0
1
0
0
0
0
0
0
0
0
0
0
0
0
0
2
1
0
0
0
0
0
0
0
0
0
0
0
0
0
0
0
2
0
0
0
0
0
0
0
0
0
0
0
2.66666666666667
0
0
1
0
0
0
0
4
0
0
1
0
0
1
0
0
0
1
0
1
0
1
0
0
0
0
0
0
0
0
0
0
0.25
0
0
0
0
1
0
0
3
0
0
2
1
0
1
0
1
0
0
0
1
0
0
0
2
0
0
0
0
0
0
0
0
0
0
0
0
1
0
0
0
1
0
0
2
0
1
1
0
2
0
0
0
0
0
0
0
0
0
0
0
0
0
0
0
0
0
1
1
0
1
1.21428571428571
0
0
1
0
0
0
2
0
0
0
1
1
0
0
0.166666666666667
0
0
1
0
2
0
0
2
0
0
0
0
0
1
0
0
0
0
1
1
2
0
0
2
0
0
1
1
0
0
0
1
0
0
0
0
0
0
0
0
0
1
0
0
2
0
1
0
0
1
0
3
0
0
0
1
0
0
0
0
0
0
0
0
0
0
0
0
0
0
0
0
0
0
0
0
0
0
0
0
0
0
0
1
0
1
0
1
0
0
0
1
1
0
0
0
2
0
0
1
1
0
0
0
0
0
0
1
0
1
0
0
0
1
1
0
0
0
0.964774951076321
0
0.2
0
0
1.01960784313725
0
0
1
2
0
0
0
0
0
0
0
0
1
0
1
0
0
0
0
1
0
1
0
1
0
0
1
0.333333333333333
1
0
1
1
0
1
0
0
1
1
0
0
0
0
1
0
0
0
0.00051975051975052
1.00036724201249
0
0
0
0
0
1
0
0
0
0
0
1
0
0
1
0
0
0
1
1
0
0
1
0
0
0
1
0
1
0
1
0
0
0
0
2
0.0123456790123457
0
0
1
0
0
0
0
0
0
0
0
0
2
1
0
0
0
0
0
0
1
0
0
1
1
0
0
0
0
0
0
1
0
0
1
0
0
0
3
0.0026246719160105
0
1
0
0
0
0
0
0
0
1
0
0
1
0
0
0
0
0.005
0
1
0
0
1
0
1
0
0
0
1
1
0
0
0
0
0
0
2
0
0
0
0
2
0
0
0
2
0
0
0
1
1
0
0
1
0
0
0
0
0
0
0
0
0
1
0
2
0
0
0
0
1
1
0
0
0
0
0
0
0
0
0
0
0
1
0
0
0
0
0
1
1
1
0
0
0
3
0
0
0
1
0
0
1
0
0
0
0
1
0
0
1
0
1
0
0
0
0
0
0
0
0
0
0
0
0
0
0
1
0
0
0
0
0
1
0
0
0
0
0
1
2
0
0
0
0
0
2
0
0
0
2
0
1
1
0
0
0
0
0
1
0
0
0
0
1
1
1
1
1
0
0
0
0
0
0
1
0
0
1
1
0
1
0
0
2
0
0
0
0
1
0
1
0
0
0
0
1
0
1
2
0
0
0
2
0
0
0
0
0
0
1
0
0
0
0
1
0
0
1
0
0
0
0
0
0
0
0
0
0
0
0
0
0
0
0
0
0
0
0
0
0
1
1
0
1
0
0
0.709677419354839
0
0
0
0.142857142857143
0
0
0
0
0
0
0
1
0
1
1
0
0
1
1
1
0
0
0
1
0
0.333333333333333
0
0
0
1
0
0
0
0.5
0
0
1
1
1
0
0
0
0
0
0
0
0
0
0
0
0
0
1
0
1
0
0
0
0
0
0
0
0
1
0
0
0
1
1
0
0
0
0
1
0
0
1
0
0
1
1
0
0
0
0
0
0
1
0
0
0
0
0
1
1
0
1
0
0
0
0
1
0
0
0
0
0
0
0
1
0
1
0
0
0
1
1
1
0
0
0
0
0
0
1
0
0
0
1
0
0
0
0
0
0
1
0
1
1
0
1
0
1
0
1
0
1
0
1.01047904191617
0
0
0
0
0
0
0
0
1
1
0
0
1
0
1
0
1
0
0
0.00900900900900901
1
0
0
0
1
0
0
0
0
0
0
0
0
0
0
0.0149094781682641
1
0
0
0
0
0
0
0
0
0
0
0
0
0
0
0
0
1
0
0
0
0
0
0
0
0
1
0
0
0
0
0
0
0
0
1
0
0
0
0
0
0
0
0
0
0
0
0
3
2
1
0
1
2
0
0
0
0
0
0
0
0
0
0
1
1
1
0
1
0
0
1
0
0
0
0
0
0.25
1
0
1
0
0
1
0
0
0
2
0
0
0
0
0
1
0
0
0
1
0
0
0
0
0
0
0
1
0
0
0
0
0
0
0
0
0
0
0
1
0
0
0
2
0
0
1
1
0
0
1
0
0
0
0
2
0
0
1
1
0
1
0
2
0
0
0
0
0
0
0
0
0
1
0
0
1
0
0
0
0
0
0
0
0
0
1
1
0
0
0
0
0
0
1
0
0
0
0
1
1
0
0
0
0
0
0
0
0
1
0
0
0
0
0
0
1
0.00833333333333333
0
0.00970873786407767
0
0
0
0
0
0
1
1
1
0
0
0
1
1
0
0
0
2
0
1
0
1
1
0
0
0
0
0
0
0
0
0
0
1
0
0
0
0
0
0
0
0
1
0
0
1
1
2
0
0
0
0
1
0
0
0
0
0
0
2
0
0
1
0
0
0
0
0
1
0
0
0
0
1
1
1
0
1
0
0
1
0
0
0
0
2
0
0
0
0
1
0
2
0
0
1
0
0
0
0
0
0
0
1
0
0
0
1
0
0
0
0
1
0
1
0
0
0
1
0
0
0.01040763226366
0
0
0
0
1
1
0
0
0
0
0
0
0
1
0
0
0
0
0
0
0
0
0
0
0
0
0
0
1
1
0
1
1
1
0
0.000854700854700855
1
0
1
0
0.0851063829787234
0
3
0
1
0
1
0
0
1
1
2
1
0
0
0
0
1
0
0
0
0
0
0
0
0
2
0
0
0
0
0
0
0
1
0
0
0
0
0
0
0
0
2
0
0
1
0
0
0
1.03571428571429
0
0
0
1.01794871794872
1
0
0
1
1
0
1
1
0
0
0
0
0
0
1
0
0
0
1
0
0
0
1
0
1
0
0
1
1
0
1
0
0
0
0
0
0
0
0
1
0
0
1
1
1
0
0
0
0
0
0
0
0
1
1
0
0
0
0
0
0
1
0
0
1
1
0
0
0
0
0
0
1
0
0
0
0
0
1
1
0
1
0
0
2
0
0
0
0
0
0
0
1
1
0
1
1
0
0
0
0
0
0
0
1
0
1
0
1
0
0
0
0
0
0
0
2
0
0
0
0
0
0
0
0
1
1
0
0
2
0
0
0
0
0
0
0
1
0
0
0
1
0
0
0
0
0
0
0
0
0
1
1
0
0
0
0
0
0
0
0
0
1
0
0
2
0
1
0
0
1
1
0
0
0
0
0
0
0
0
0
0
1
0
2
0
0
0
0
1
1.88321167883212
0
0
1
0
0
0
0
1
0
1
0
1
0
0.0156102175969726
0
0
0
1
0
1
0
1
0
0
1
0
0
0
0
0
1
0
0
0
0
1
0
1
0
0
0
0
2
0
0
0
1
0
0
1
0
0
0
0
0
0
0
0
0
1
0
0
0
0
0
1
1.4
1
1
1
0
0
1
0
0
1
1
2
1
1.01056338028169
0.010082304526749
1
0
0
0
0
0
0
0
0
2
1.05263157894737
0
0
0
1
0
0
0
0
0
0
0
0
0
0
1
0
0
0
1
0
0
0
1
0
0
0.000920810313075506
0
0
0.00177619893428064
1
0
0
0
0
0
0
0
0
0
0
0
0
0
0
0
0
0
0
0
0
1
0
0
0
1
0
1
0
0
1
0
0
0
0
0
0.0045045045045045
0
1
1
1
0
1
0
0
0.010989010989011
0
1
1
0
0
0
0
0
0
0
0
0
0
0
0
0
0
1
0
0
0
0
1
0.333333333333333
0
0.4
0.5
1
1
0
0
0
0
0
0
0
0
0
0
0
0
0
0
1
0
0
0
1
0
0
0
1
1
0
0
1
1
2
0
1
0
0
0
0
0
0
1
0
0
0
1
0
0
0
1
0
1
0
0
1
0
1
0
0
0
2
0
0
0
0
0
0
0
0.00292397660818713
0
0
0
0
1
0
0
1
0
1
0
1
0
0
1
0
0
0
0
0
0
0
0
0
0
0
0
0
0
0
0
0
1
1
0
1
0
0
0
0
0
1
0
0
0
1
0
0
2
0
0
0
1
1
0
0
1
0
0
0
0
0
0
0
1
0
1
0
0
0
1
0
0
0
0
0
0
0
0
1
0
0
0
1
0
1
0
0
1
0
0
1.01202404809619
0
1
0
0
1
0
0
0
0
0
0
0
1
0
0
1
0
1
1.33333333333333
0
0
0
0
0
0
0
1
1
0
0
0
0
0
0
0
1
0
0
1
0
0
0
0
0
0
0
0
0
0
1
0
1.03333333333333
0
0
1
0
2
1
1
1
1
0
0
0
0
0
0
0
0
0
0
0
0
1
0
0
0
0
0
0
0
1
0
1
0
0
0
0
0
1
0
0
0
0
1
0
0
0
0
0
0
2
1
0
3
1
0
2.01769911504425
0
0
2
1
0
1
0
0
0
0
1
1
0
0.00833333333333333
0
0
0
0
0
0
0
0
1
2
0
0
1
0
0
0
0
1
0
0
0
0
0
0
0
0
1
0
1
0
1
2
0
1
0
1
0
0
0
0
0
0
0.822384428223844
0
0
0
0
1
0
1
1
0
0
0
1
0
0
0
0
1
0
0
0
0
0
0
0
0
0
0
0
0
0
0
1
0
0
0
0
0
0
1
0
0
0
0
0
0
0
1
1
0
0
1
0
0
1
0
0
0
0
1
0
0
0
0
0
0
1
0
0
0
0
2
0
0
0
0
0
0
0
0
1
0
0
0
0
0
0
0
0
0
0
1
0
0
1
1
0
0
0
1
1
0
0
0
0
1
0
0
1
0
0
0
0
0
0
0
0
1
0
0
1
0
0
0
0
0
0
0
0
0
0
0
0
0
0
0
0
0
0
0
0
0
0
0
0
0
0
0
0
0
1
0
0
0
0
0
0
1
0
0
0
0
0
0
0
0
1
2
0
1
0
0
0
0
0
0
0
1
0
0
1
0
0
1
0
1
0
0
0
0
0
0
0
1
0
0
0
1
0
0
1
0
0
1
0
0
0
0
0
0
1
0
0
1
0
0
0
0
0
0
0
0
1
0
0
1
0
0
0
0
0
0
0
0
1
0
0
0
0
1
1
2
0
0
1
0
0
0
1
1
1
1
0
0
0
0
2
0
1
0
0
0
1
1
0
0
0
1
0
0
0
0
0
0
0
0
0
0
0
0
1.3125
1
0
0
0
0
0
0
0
0
0
1
0
0
0
0
0
0
1
0
0
0
1
1
0
0
0
0
0
0
0
0
1
0
0
0
1
0
0
0
0
0
0
0
0
1.5
0
0
0
1
0
1
0
0
1
0
0
0
0
0
0.00540540540540541
0
0
0
1
0
0
0
1
0
0
1
2
0
1
1
0
0
0
1
0
0
0
0
0
0
0
0.06
0
0
0
0
0
0
0
0
0
0
1
0
0
0
0
0
1
0
0
3
0
1
0
1
0
0
0
1
1
0
0
0
0
0
0
0
0
0
0
0
0
1
0
0
0
0
1
0
1
0
1
0
2
1.00877192982456
1
0
0
1
0
0
0
1
1
1
0
0
0
0
1
0
0
0
0
0
0
0
0
0
0
0
0
0.00504413619167718
0
0
1
0
1
0
0
0
0
0
0
0
0
0
0
1
0
1
1
0
0
2
0
0
1
0
0.00828729281767956
0
1
0
0
0
0
0
0
0
0
0
0
0
0
0
0
0
0
1
0
0
0
0
0
0
0
0
1
0
1
1
0
0
0
0.00100300902708124
0
0
1
0
0
0
0
0
0
0
0.945454545454545
1
0
2
0
0
0
0
0
0
0
1
0
0
1
0
0
0
1
1.00787401574803
0
1
0
0
0
0
0
0
0.666666666666667
0
1
0
1
0
1
0
0
0
0
0
0
0
0
0
1
0
0
0
0
0
0
0
1
0
0
0
0
0
0
0
0
0
0
0
0
1
0
0.0101971447994562
0
0
0
0
1
1
0.909747292418773
1
0
0
1
0
0
0
1
0
0
1
0
0
0
0
0
0
0
0
0
0
1
0
0
0
0
0
0
0
0
0
1
1
1
0
0
0
0
0
0
1
0
1
0
1
0
1
0
0
0
0
1
0
1
1
1
0
0
0
0
0
2
1
0
0
0
1
0
0
0
0
0
0
2
1
1
0
0
0
0
0
0
0
0
0
0
1
0
0
0
0
0
0
0
0
1
1
0
1
0
0
0
0
1
0
0
0
0
0
0
0
0
1
1
1
0
0
0
0
1
0
0
0
0
0
0
0
0
1
0
0
0
0
0
0
0
0.5
0
0
1
0
0
0
1
0
0
1
0
0.00421940928270042
0
1
1
0
0
0
0
0
0
0
0
0
0
0
0
0
0
1
0
1
1
0
0
0
0
1
0
0
0
0
0
0
0
0
1
0
1
0
0
0
0
0
0.0077720207253886
0
0
0
0
0
0
1
0
0
1
0
1
0
0
0
1
0
0
0
0
0
0
0
0
0
0
1
0
0
0
0
0
1
2
0
0
0
1
1
0
1
0
1
1
1.01077586206897
1
0.833333333333333
0
0
1
0
2
0
0
1
0
1
1
0
0
0
0
0
0
0
0
0
1
1
1
1
1
0
0
1.95454545454545
0
0
1
0
1
0
0
0
0
0
0
1
0
0
0
0
0
0
0
0
0
0
0
0
0
1.00280112044818
0
0
0
1
0
0
0
1
1
0
1
0
0
1
0
0
0
1
0
0
0
0
0
0
2
0
0
0
0
0
0
0
0
0
0
0
0
0
0
0
0
0
1
1
0
0
0
0.0588235294117647
1
0
0
0.5
0
0
1
0
0
0
1
0
0
1
0
0
0
0
0
0
0
1
0
0
0
2
1
0
0
1
1
0
0
0
0
0
0
0
0
0
0
0
0
1
0
0
1
0.5
0
0
2
0
0
0
1
0.285714285714286
0
0
0
0
1
0
1
0
0
0
0
0
0
0
0
1
0
0
0
0
1
1
0
0
0
0
0
0
0
0
1
1
0
0
0
0
0
1
0
0
0
0
0
0
0
2
0
1
1
1
0
0
0
0
0
0
0
0
1
1
0
0
1
0
0
0
0
0
0
0
0
0
0
1
0
0
0
0
0
0
0
0
1
0
0
0
0.00049862877088008
0
0
0
0
0
0
0
1
0
0
1
1
1
0.00105263157894737
2
2
0
0
0
0
0
0
1
0
0
0
0
1
0
0
0
0
0
1
0
0
0
0
0
0
1
0
0
0
0
0
1
0
0
0
0
0
0
1
1
0.166666666666667
1
0
1
0
1
1
0
2
0
1
1
0
1
0
0
0
0
0
0
1
0
0
0
1
0
0
0
0
0
0
0
0
0
0
1
0
0
0
0
0
1
1
0
2
0
0
0
0
1
0
1
0
1
0
1
0
1
0
0
0
0
0
0
0
1
0
0
0
0
0
0
0
0
0
0
1
0
0
0
0
0
0
0
1
0
1
2
0
0
0
0
0
0
0
0
0
0
0
0
1
0
0
0
3
0
0
2
0
0
1
0
0
1
0
1
1
0
1
0
1
0
0
0
0
0
0
0
0
0.0178571428571429
1
0
0
0
0
1
0
1
0
0
0
0
0
0
3.00114449213162
0
1
1
0.5
1
0
0
3
0
0
1
0
1
0
0
0
0
0
0
0
0
0
1
1
0
0
0
0
0
0
0
0
0
0
0
0
0
1
0
0
0
0
0
0
1
0
0
0
0
1
0
0
0
0.00914634146341463
1
0
0
0
0
0
0
0
0
0
0
1
0
0
0
0
0
0
1
0
0
0
0.0222016651248844
1
1
0
0
1
0
0
1
1
0
0
0
0
0
2
0
0
0
1
0
0
0
0
0
0
0
0
0
1
0
0
0
0
2
2
0
2
0
0
1
1
0
0
0
1
0
0
0
0
0
0
0
0
0
0
0
1
0
0
0
0
3
2
0
0
0
1
0
1
0
1
1
0
0
0
0
0
1
0
0
0
0
0
1
0
0
1
1
0
0
0
1
0
0.666666666666667
0
0
1
0
0
1
0
1
1
1
0
0
0
0
0
0
0
1
1
0
0
0
1
0
0
0
0
0
0
0
0
0
0
0
0
0
0
1
0
0
1
3
0.0148367952522255
0
0
0
0
0
0
0
0
0
2
1
0
0
0
0
0
1
0
0
0
0
0
0
0
0
0
0
0
0
0
0
0
1
0
0
0
0
0
0
0
0
0
0.04
0
0
0
0
1
0
0
2
0
0
0
1
0
0
1
0
0
1
0
0
0
0
0
1
0
0
0
0
0
1.06172839506173
0
1
1
1
0
0
0
0
0
1
0
0
1
0
1
0
1
1
0
0
0
0
0
0
1.86333333333333
0
0
1
0
0
0
0
0
0
1
1
2
1
1
1
1
0
0
0
0
0
0
0
1
1
0
1
1
0
0
0
0
0
0
0
1
0
1
0
0
0
0
0
0
0
3
1
0
0
0
1
0
1
0
0
1
0
0
0.5
0
0
0
0
0
0
1
0
0
1
0
1
0
0
0
0
3
0
3
0
0
0
0
1
0
0
0
0
0
0
0
0
1
0
0
0
0
0
1
0
0
0
0
0
0
0
1
0
0
1
0
0
0
0
1
0
0
0
1
1
0
0
0
1
0
0
0
1
0
0
0
0
0
0
1
0
0
0
0
0
1
1
1
0
0
0
0
0
0
1
0
1
0
0
0
1
0
0
0
0
0
0
0
0
0
0
0
1
1
1
0
1
1
0
0
0
1
0
0
0
1
0
0
1
1
0
0
1
0
0
0
2
1
0
0
0
0
0
1
0
0
1
2
0
0
0
0
0
0
1.02380952380952
0.00125
1
0
0
0
0
0
0
0
0
0
0
0
0
0
0
0
0
0
0
0
0
1
0
0
1
1
1
1
0
0
1
0
0
0
1
0
0
0
2
1
0
0
1
0
0
0
0
0
1
0
0
0
0
0
0
1
0
1
0
0
0
0
0
1
0
1
1
0
0
0.439814814814815
0
1
0
0
1
0
0
0
0
0
1
0
0
0
0
0
0
0
0
1
0
0
0
0
1
0
1
0
0
0
0
0
0
0
0
1
0
0
0
0
2
1
0
0
0
0
1
0
1
1
0
0
0
0
1
0
1
1
1
1
0
0
0
0
2
0
0
0
1
0
0
1
1
0
0
0
1
0
0
0
0
0
0
0
0
0
0
1
0
0
0
0
0
0
1
0
0
0
0
0
1
0
0
0
0
0
1.00292825768668
0
0
0
0
0
0
1
0.0526315789473684
0
1
0.5
1
1
0
0
0
0
1
0
0
0.333333333333333
0
1
0
0
0
0
1
0
0
1
0
0
0
0
0
0
1
1
0
0
0
0
0
0
2
0
1
0
1
0
1
0
0
1
0
0
0
2
0
0
0
0
0
0
0
0
0
0
0
1
0
0
0
0
0
0.0121457489878543
0
0
1
0
1
0
0
0
0
0
2
0
0
0
0
0
0
0
0
0
0
0
0
1
1
1
1
0
1
0
0
0
0
0
0
0
0
0
0
0
0
0
0
0
1.02272727272727
1
0
0
0
0
0
0
0
0
0.00495049504950495
1
1
1
0
0
1
0
0
0
0
1
1
1.01449275362319
0
0
0
0
0
0
0
0
0
0
0
0
0
0
0
0
0
0
0
0
0
0
0
3
0
0
0.0158730158730159
0
0
0
1
1
0
1
0
0
0
0
2
1
0
0
1
0
0
1
1
0
1
0
0
0
0
2
0
0
0
0
0
0
0
1
1
0
0
1
0
2
0
1
0
0
0
0
1
0
0
0
0
0
1
0
0
0
0
0
0
1
0
0
0
0
0
0
1
0
0
0
0
0
0
0
0
0
0
1
1
0
0
2
0
0
0
0.918181818181818
0
0
0
0
2
1
0
0
0
0
0
0
1
0
0
3
0
0
0
0
0
0
0
0
0
0
0
0
0
0
0
0
0
0
1
1
0
0
0
1
1
0
1
0
0
0
0
0
0
0
0
0
0
0
0
0
0
0
0
0
0
0
0
1
0
0
0
0
0
0
0
1
1
1
0
0
0
0
1
0
0
0
1
0
0
0
1
0
0
0
1
0
1
0
2
0
1
0
0
0
1
0
1
1
0
0
0
0
0
1
0
0
1
0
0
0.00847457627118644
1
0
0
2
0
0
0
1
0
1
0
0
1
1
0
0
0
0
0
0
0
0
0
1
0
0
1
0.5
0
0
0
2
0
0
0
0
1
0
1
0
0
0
0
0
0
2
0.0185185185185185
0
2
0
2
0
0
0
0
0
0
1
0
0
0
0
0
0
0
0
0
0
1
0
0
1
0
0
1
0
1
1
1
0
0
1
0
0
2
0
0
0
0
1
0
1
0
1
0
0
0
0
0
0
1.00331125827815
0
0.00314465408805031
0
0
0
1
0
1
0
0
0
0
0
0
1
1
0
2
1
0
1
1
1
1
0
2
0
0
0
0
0
0
0
0
0.305206463195691
1
1
0
0
0
0
0
0
0
0
0
0
0
0
0
0
2
2
2
0
0
0
0
0
1
1
0
1
0
1
0
2
0
0
0
0
0
0
0
1.01851851851852
0
0
0
0
0
0
0
1
0
0
0
2
1
0
0
0
0
0
1
0
0
0
1
0
0
0
0
1
0.00171919770773639
1
0
0
0
0
0
0
0
0
0
0
0
0
0
0
0
0
0
0
0
0
0
1
1
0
0
0
1
0
0
1
0
0.000506585612968592
0
0
0
1
0
0
0
0
0
1
1
0
0
0
1
0
0
0
0
0
0
0
0.00800582241630277
0
0
0
0
0
1
1
0
0
0
0
0
0
0
0
1
0
0
0
0
1
1
1
2
0
0
1
0
0
0
0
0
0
0
0
0
0
1
0
0
0
0
0
0
0
0
0
0
1
0
0
0
0
0
0
0
0
0
0
1
0
0
0
0
0
0.0425531914893617
0
0
0
1
2
0
0
0
0
1
1
0
0
0
0
0
1
0
0
0
0
0
0
0
0
0
1
1
0
0
0
0
0
0
0
1
0
0
0
1
0
0
0
0
0
0
0
0
0
0
0
0
0
0
1
0
0
3
1
0
0
0
0
0
0
0
0
0
0
0
1
1
1
0
0
0
1
0.5
0
0
0
0
0
0
0
0
0
0
0
0
0.5
0
0
0
0
0
0
0
0
1
1
0
0
0
0
1
0
0
0
1
1
1
0
0
0
0
1
1
1
1
0
0
1
0
0
0
1
0
0
0
0
0
0
0
0
0
0
0
0
0
0
2
0
1
0
1.5
1
1
0
1
2
0
0
0
0
0
1
0
0
0
0
0
0
0
0
0
0
0
0
0
0
0
0
0
0
0
0
0
0.340909090909091
0
0
0
0
1
0
0
0
0
1
0
0
2
0
0
0
1
1
0
0
0
0
0
1
0
0
1
0
0
0
0
0
1
0
0
0
0
0
1.5
0
0
1
0
0
0
0
0
0
1
0
0
0
0
0
1
0
1
0
0
0
1
0
1
0
0
0
0
0
0
0
0
0
0
0
0
1
0
0
1
0
1
0
0
3
1
0
0
1
0
0
0
1
1
0
0
1
0
0
0
1
3
1
1
0
1
0
0
0
0
0
1
0
0
1
0
1
0
1
0
0
0
0
0
0
0
0
0
0
0
0
0
0
0
0
0
0
0
0
0
0.00581395348837209
0
0
0
1
0
0
0
0
0
1
0
1
0
0
0
0
1
0
0
0
0
0
0
2
0
1
0
0
0
1
0
0
0
0
0
0
0
0
0
0
0
1
0
2
1
0
0
1
0
0
0
1
0
1
0
0
0
0
0
0
1
0
0
0
0
1
0
0
1
0
0
0
1
1
2
1
0
0
1
1
0
0
0
1
0
0
0
0
0
0
1
1
1
0
0
1
1
0
0
1
0
0
0
0
1
1
0
0
0
0
0
0
0
0
1
0
0
0
0
2
0
1
1
0
0
0
0
0
0
0
1
1
1
1
0
0
1
0
1
0
0
0
0
0
0
0
1
0
0
0
2
0
0
1
1
0
1.5
2
0
0
0
0
0
0
0
0
0
0
0
0
0
0
0.0163934426229508
0
1
0
0
0
0
0
0
0
0.25
2
1
0
1
0
1
1
0
1
0
0
0
0
0
0
0
1
0
0
0
1
0
0
0
0
0
0
1
0
0
0
0
1
1
1
0
0
1
0.00478468899521531
0
1
1
1
2
0
1
0
1
0
0
0
0
0
0
0
1
0
0
3
1
0
0
1
0
0
0
0
0
0
0
0
0
0
1
0
0
0
1
1
0
0
0.5
0
1
0
0
0
1
0
1
0
1
0
0
1.01744186046512
0
0
1
0
0
0
1
0
0
1
1
0
4
0
0
0
0
0
0
0
1
0
0
0
0
0
1
0
1
0
1
1
1
0
0
0
0
0
0
0
3
0
0
0
1
0
0
0
0
0
0
0
0
0
0
0
0
1
0
1
0
1
1
0
0
0
0
0
0
0
0
1
1
1
0
1
0
0
0
2
0
0
0
0
0
2
0
0
0
1
0
0
1
1
0
0
0
0
0
0
0
0
0
0
0
1
1
0
0
0
0
0
1
0
1
0.0102040816326531
1
0
1
0
0
0
0
0
0
0
0
0
0
0
1
0
0
0
0
1
0
0
2
0
0
0.00493827160493827
0
1
0
0
0
0
1
0
0
1
0
0
1
0
0
1
0
0
0
0
0
0
1
0
0
0
1
0
0
0
1
1
0
0
0.0126582278481013
0
1
0
0
0
0
1
0
0
0
0
0
1
0
0
0
1
1
0
0
0
0
0
0
0
1
0
1
1
1
0
1
0
0
0
0
0.581818181818182
0
0
0
0
0
0
0
2
0
0
0
0
0
0
0
0
0
1
2
0
1
0
1
2
0
0
0
0
0.0033112582781457
0
0
0
0
1
1
1
0
0
0
0
0
1
0
0
0
1
0
0
1
0
0
1
1
0
0
0
0
1
1
0
1
0
0
0
0
1
0
0
0
0
0
0.00532859680284192
0
1
0
0
1
0
1
0
0
0
0
0
0
0
0
1
0
0
0
1
0
0
0
1
0
0
0
0
0
0
0
0.122448979591837
0
0
0
0
0
1
1
0
0
0
1
0
0
1
0
1
1
1
1
2
1
0
0
0
0
0
0
0
1
0
1
1
0
1
0
1
0
0
1
0
0
0
1
0
0
1
0
0
0
1
2
0
0
0
0
0
1
0
0
0
0
0
0
0
0
1
0
1
0
0
0
1
0
1
3
0
0
1
0
1
1
0.00623430600051953
0
0
0
0
0
0
1
0
0
0
1
0
0
0
0
0
0
0
0
0
0
0
0
0
0
0
1
0.00574712643678161
1
0
1
0
0
0
0
0
0
0
0
0
1
0
0
0
0
0.25
2
1
0
0
0
0
0
0
0
0
0.00469483568075117
1
0
0
0
0
1
0
0
1
0
1
1
0
0
0
0
0
0
0
1
0
0
0
0
0
1
1
0
0
0
0
1
0.00886075949367089
1
1
0
0
1
0
1
0
0
1
0
0
0
0
0
0
0
0
0
0
0
0
1
0
0
0
0
2
1
0
1
0
2
0
0
0.00652173913043478
0.037037037037037
0
0
0
1
0
1
0
0
0
1
0
0
0
0
0
0
1
0
0
0.0108108108108108
0
0
0
0
0
0
0
0
0
0
0
1
0
0
0
1
0
0
0
0
2
0
0
0
0
0
0
1
0
0
0
1
0
0
0
0
0
0
0
0
0
0
0
0
0
0
0
0
0
0
1
0
0
0
0
2
0
1
0
0
0
0
0
0
2
0
0
0
0
0
1
1
0
0
0
1
0
0
0
0
0
1
0
1
1
0
0
0
0
0
0
1
0
0
0
0
0
0
0
0
0
0
1
0
0
0
0
0
0
0
0
0
1
1
1
0
0
0
1
0
1
1
0
1
0
0
0
0
0.5
0
0
1
0
1
0
0
0
1
0
1
0
0
1
0
1
1
0
1
0
1
0
0
0
0
1
0
0
0
0
0
0
0
2
1
0
1
0
0
0
0
0
1
0
0
0
0
1
0
1
0
0
0
0
0
1
0
1
1
1
0
0
0
0
0
2
1
0
0
0
1
0
1
0
0
0
0
0
0
0
0
0
0
0
0
0
1
0
0
0
1
0
0
0
1
1
0
0
0
2
0
0
0
1
0
0
0
1
0
0
1
0
1
0
0
1
0
0
0
1
1
0
0
0
0
0
1
1
0
0
1
0
0
0
0
0
0
0
1
0
3.5
0
0
1
0
0
0
0
1
0
1
0
0
1
0
0
1
2
0
0
0
0
0
0
0
0
0
1
0
0
0
1
0
0
0
0
0
0
1
0
0
0
0
1
0
0
0
0
0
0
0
0
0
0
0
1
0
0
0
1
0.953703703703704
0
2
0
0
1
0
0
0
1
0
0
1
0
0
0
0
0
0
0
1
0
1
0
2
0
1
0
0
0
1
0
0
0
0
1
0
0
0
1
0
0
0.00462962962962963
1
0
0
0
1
0
0
0
0
0
1
0
0
0
1
0
0
0
0
1
0
0
0
0
1
0
0
0
0
1
0
0
1
0
0
0
1
2
0
0
0
0
0
0
1
2
0
0
0
0
0
0
1
0
0
0
0
0
0
1
0
0
0
0
0
0
0
0
1
0
0
0
0
0
0
1
1
0
0
0
0
0
0
0
0
1
0
0
0
0
0
0.5
0
1
0
0
1
1
0
1
0
0
0
0
0
0
0
2
0.96551724137931
0
1
0
0
0
1.22222222222222
1
0
0
1
1
0
0
0
0
0
0
0
0
0
0
0
2
0
0
0
0
0
0
0
0
1
2
0
0
0
0
0
0
0
0
0
1.01010101010101
0
0
0
0
0
1
1
0
0
0
0
0
0
0
0
0
2
0
2
0
1
0
0
0
0
0
0
0
0
0
0
0
0
1
1
0
1
0
1
1
1
0
0
0
0
0
0
1
0
1
0
1
0
0
0
0
0
1
0
0
0
0
1
0
1
0
0
1
0
0
0
0
1
1
0
1
0
1
0
0
1
0
0
1
0
1
0
0
1
1
1
0
1
0.85
1
0
0
0
1
0
0
0
1
0
2.00506879073135
0
1
0
0
0
1
0
0
0
0
0
0
1
0
0
1
0
1
0
1
1
0
0
0
0
0
3
0
0
0
0
0
0.00952380952380952
0
0
0
2
2
0
0
1
0
3
0
0
0
0
0
1
0
0
0
0
1
1
0
0
0
0
0
0
0
0
0
1
0
0
1
1
0
1
1
0
0
0
1
0
1
0
0
0
0
0
0
1
0
1
0
0
0
0.00268096514745308
1
0
0
0
0
0
0
0
0
0
1
0
0
1
1
1
0
1.975
1
0
1
0
0
0
0
0
0
0
0
0
1
0
0
1
0
2
1
0
0
1
0
1
0
1
0
0
0
0
1
0
0
0
0
0
2
1
0
1
1
0
0
0
0
0
1
0
0
0
2
0
0
0
0
0
1
0
0
1
0
0
0
0
0
1
1
0
0
1
0
0
0
1
1
0
0
0
0
0
0
0
0
0
0
0
0
0
0
0
1
0
1
0
0
1
0
0
0
0
0
0
0
0
0
0
0
0
0
0
0
0
0
0
0
0
0
1
0
0
0
0
0
1
0
1
0
0
0
0
2
1
0
0
0
0
0
0
0
0
0
1
0
0
0
0
0
0
0
1
1
1
0
0
1
0
0
0
0
0
1
0
0
0
0
0
0
0
0
0
0
0
0
0
2
1
0
0
0
0
1
0
0
0
0
1
0
0
0
1
1.82859281437126
0
0
0
0
0
0.25
0
0
1
1
1
1
0
0
0
0
0
0
0
1
0
1
0
0
0
0
0
0
0
0
0
0
1
1
0
0
0
0
1
0
0
1
0
0
0
0
0
0
2
0
0
1
0
0
0
0
0
0
1
0
0
0
0
0
0
0
0
0
0
0
0
2
0
0
0
0
1
0
0
1
0
0
1
1
0
1
0
1
0
0
0
0
1
0
0
0
1
0
1
0
0
0
0
0
0
0
0
0
0
1
1
0
0
0
0
1
0
0
1
0
0
0
0
0
1
0
0
0
0
0
2
0
1
0
0
0
1
0
1
0
0
1
0
0
0
0
0
0
0
0
0
0
0
1
0
1
0
0
0
1
0
1
0
1
0
0
0
0
0
0
0.0210843373493976
0
0
0
0
0
0
0
0
0
0
0
0
0
2
0
0
2
1
1
0
0
0
0
0
0
0
0
0
0
1
1
0
0
1
0
1
1
0
0
0
0
0
3
1
0
0
0
1
0
1
1
0
0
1
1
0.021978021978022
0
1
1
0
1
0
1.00952380952381
0
0
0
0
0
0
1
0
0
0
0
2
0
0
0
0
1
0
1
0
0
2
0
0
0
1
0
0
0
0
0
0
0
0
0
0
1
0
1
0
0
1
0
1
0
1
0
0
0
0
0
1
0
0
0
0
0
0
1.33333333333333
0
0
0
1
0
0
0
1
0
0
1
1
0
1.00613496932515
1
1
0
0
0
0
0
1
0
1
0
0.916666666666667
0
0
0
1
0
0
1
1
0
0
0
0
0
0
0
0
0
0
0
1
1
0
0
0.5
0
0
0
0
0
0
0
0
0
0
1
0
1
1
1
2
0
0
0
1
0
0
0
0
0
0
0
0
0
0
0
0
0
0
0
1
0
0
1
0
1
2
0
1
0
0
0
0.0018558614290133
0
0
0
0
1
0
0
0
0
0
0
1
0
0
1
0
0
0
0
0
0
0
2
0
1
0
1
0
1
1
0
0
0
0
0
0
0
0
0
0
1
0
0
1
0
0
0
0
0
0
1
1
1
1
0
0
1
0
0
1
0
1
1
0
0
0
0
0
0
0
0
0
0
0
0
2
0
1
0
0
0
0
0
0
0
1
0
0
1
0
0
0
0
0
1
0
0
0
0
0
0.00826446280991736
0
1
2
2
0
0
0
0
1
0
0
2
0
1
0
0
0
0
1
0
0
0
0
0
0
1
0
2
1
0
0
0
0
0
0
0
0
1
0
0
0
1
0
0
1
1
2
0
0
0
0
0
0
0
0
0
1
0
0
0
1
0
0
0
1
1
0
0
1
0
0
0
0
0
0
1
0
0
0
0
0
0
1
0
0
0
0
0
0
0
0
1
1
0
0
1
0
0
0
0
0
0
0
2
0
0
0
1
0
0
1
0
1
0
0
0
0
0
0
1
0
0
0.00637958532695375
0
0
0
1
0
0
0
1
0
1
2.00403225806452
0
0
0
0
0
1
0
0
0
0
0
0
0
1
0
2
0
0
1
0
0
0
0
0
0
0
0
0
1
0
0
1
0
0
0
0
0
2
0
2
0
2
0
0
0
0
0
0
0
0
1
0
1
0
0
0
0
0
0
1
0
1
1
0
0
0
0
0
0
2
0
0
0
0
1
0
1
0
1
0
0
0
0
0
1
0
0
0
0
0
0
1
0
0
1
0
1
0
0
0
0
0
0
1
0
0
0
2
0
0
0
0
0
0
0
1
0
0
1
0
0
0
0
0
1
2
0
1
0
0
0
0
0
0
0
0
0
0
0
0
1
0
0
0
0
1
0
1
1
0
0
1
0
0
1
0
1
0
0
1
0
1
0
0
0
0.00352112676056338
0
0
0
0
1
0
1
0
0
0
1
0
0
0
1
0
0
0
0
1
1
0
0
0
0
1
0
1
0
1
0
0
0
0
1
0
0
0
0
1
0
0
0
1
0
0
0
0
0
1
0
1
0
0.00425531914893617
0
0
0
0
0
0
1
1
0
1
1
0
0
2
1
0
0
0
1
0
0
1
0
1
0
0
1
0
0
1
0
0
0
1
0
1
0
0
0
0
0
0
0
0
1
0
0
0
0
0
0
0
0
0
0
0
0
2
0
1
0
0
0
0
0
0
0
0
0
0
1
1
2
0
1
0
0
1
0
0
0
0
0
0
1
0
0
1
1
0
1
0
0
0
0
0
0
0
0
0
0
0
0
1
0
1
1
0
0
0
0
0
0
0
0
0
0
0
2
1
0
0.000456516776991554
0
0
0
1
2
0
0
0
0
0
2
0
0
1
1
0
1
0
0
1
0
0
1
1
0
1
0
0
0
0
1
2.00564971751412
0
0
0
0
0
0
0
0
0
1
0
0
0
1
0
0
0
0
0
0
1
0
0
0
0
0
0
0
1
1
0
0
0
1
1
0
0
0
0
0
0
0
0
0
0
1
1
1
0
0
0
1
0
0
0
0
0
0
1
0
0
0
0
1
0
0
1
0
0
1
0
0.000450856627592426
1
1
0
0
0
0
0
0
0
0
1
0
0
0
0
0
0
1
0
0
0
0
1
1
0
3
0
0
0
0
0
2
0
0
0
0
1
0
0
0
1
0
0
0
1
1
0
1
2
0
0
0
0
1
0
0
1
0
0
0
0
0
0
0
1
1
0
0
0
0
0
0
0
0
0
0
1
0
0
0
0
0
0.0909090909090909
0
0
0
0
1
0
0
0
0
2
0
0
0
1
0
0
0
0.00954653937947494
0
0.0821917808219178
0
0
0
0
0
0
0
1
0
1.375
0
1
0
0
1
0
1
0
1
0
0
0
1
0
0
0
1
0
0
0
0
0
0
0
0
0
1
0
1
0
0
0
0
0
1
0
0
0
1
0.137931034482759
0
0
0
0
0
1
0
0
0
0
0
2
0
0
0
0
0
0
0
0
0
0
0
0
1
0
0
0
0
1
1
0
0
0
0
0
0
0
1
0
1.00056497175141
0
0
1
0
0
0.0012987012987013
0
0
0
3
1
0
0
0
0
0
1
0
1
0
0
1
0
0
3
0
0
2
0
0
0
1
0
0
0
0
1
0
0
0
0
0
1
0.0647482014388489
1
1
1
0
0
0
1
0
0.0087719298245614
0
0
1
0
0
1
0
0
0
0
1
0
0
0
0
1
0
0
1
1
0
1
0
0
0
0
0
0
0
0
1
2
1
0
0
0
0
1
0
2
0
0
0
0
0.0214797136038186
0
1
0
0
0
1
1
0
1
2
1
1
1
0
0
0
1
0
0
1
0
0
0
0
0
0
0
0
0
0
0
0
0
0
1
0
0
1
2
0
1
1
0
1
0
0
0
0
1
0
0
0
0.625
0
1
1
0
0
0
1
0.0555555555555556
0
0
0
0
0
0
0
0
0
0
0
0
0
0
0
0
0
0
0
0
0
0
0
0
0
1
0
0
0
0.0275229357798165
0
2
0
0
0.040650406504065
0
0.833333333333333
0
1
0
1
0
1
1
0
0
0
0
0
1
0
1
0
0
0
0
1
0
1
0
0
0
0
0
0
0
0
0
0
0
2
0
0
1
0
0
1
0
0
0
0
0
0
0
2
0.0373831775700935
0
1
0.0427807486631016
0
1
0
0
0
0
0
0
0
0
3
0.0420168067226891
0.03125
0
1
0
0
0
0
0
0
0
0
1
0
1
0
1
0
0
0
0
1
0
0
0
1
0
0
0
0
0
0.6
0.0272727272727273
0.0549450549450549
0
0
1
0.0344827586206897
1
0
0
0
0.00862068965517241
1.04
1
1
0
0
0
0
0
0
0
0
0
0
0
1
0
0
0
0
0
2.04545454545455
0.0271739130434783
0
0
0
1
0
0
0
0
0
0
0
0
0
0
0
1
0
0
0.0735294117647059
0
1
1
1
0
0
0
0.0449438202247191
0.0141843971631206
0
1
2
0
3
0
0
3
0
0
0
1
0
1
2
1
0
2
0
1
0
0
0
0
0
0
0
0
0
0
0
1
0
0
0
0
0
0
0
0
1
0
0
0
2
0
0
0
1
0
0
1
1
0
1
1
0.0740740740740741
0
0
0
0
0
1
1
0
0
0
0
0
0
0
0
0
0
0
1.88235294117647
0
0
0
0
0
0
0
0
0
0
0.0593220338983051
0
0
1
0
0
0
2
1
2
0
0
0
0
1
2
0
0
0
0
1
0
1
0
0
2
0
0
0
0
1
1
0
1
0
1
0
0
0
0
0
0
0
0
0
0
1
0
0
0
1
1
1.03409090909091
0
0
0
0
0
0
0
0
0
0
0
0
0
1
1
0
0
0
1
0
1
1
0
0
0
1
1
0
0
0
0.00119000396667989
0
2.0379746835443
0.052757793764988
0
0
1
0
1
1
0
0.0760869565217391
1
0
0
0
0
0
0
0
0
0
1
0
0
0
0
0.0555555555555556
0
0
0
0
1
1
1
0
0
1
0
0
1
0
0
0
0
0
0
0
0
0
0
0
0
0
0
1
0
0
1
1.02083333333333
0
0
0
0
2
0
0
2
1
0.666666666666667
1
0
0
1
0
1
0
0
0
1
0
1
0
0
0
0
0
0
2
0
0
1
0
1
0
0
0
1
0
0
0
0
2
2
0
1
0
0
0
1
0
0
0
0
0
0
0
0
0
0
1
0
0.92
2
0
1
0
1
0
0
0
1
0
2
0
0.025
1
0
0
0
0
0
0
0
0
0
0
0
0.0294117647058824
0
0
0
1
0
0
0
1
1
0
0
0
0.5
0
0
1
1
0
0
0
0
0
1
1
0
0
0
0
1
0
0
0
0
0
0
0
0
0
0
1
0
0
1
0
0
0
0
0
0
0
0
0
0
1
0
0
0
0
0
0
0
1
1
2
1
0
1
0
0
2
0
0
0
1
0
2
0
1
1
1
1
0
1
0
0
0
0
0
1
0
0
0
0
2
1
0
0
1
2
1.09090909090909
1
0
0
1
0
1
0
1
0
1
0
0
0
0
0
1
1
0
0
1.8
0
0
0
0
0
0
0
0
0
0
0
0
0
0
0
0
1
0
0
0
0
1
1
0
1
0
0
0
1
0
0
0
0
0
0
1
1
0
0
0
0
0
0
0
1
1
0
0
0
0
0
0
0
0
0
0
0
0
0
0
0
0
0
0
0
0
0
0
0
0
0
1
0
0
0
0
0
0
0
0
0
1
0
2
0
0
0
1
0
1
0
0
1
0
0
0
0
1
0
1
2
1
0
0
0
0
1
0
0
0
0
0
0
0
0
0
0
0
0
0
0
1
0
0
3
0
0
0
0
0
0
1
0
0
0
0
0
0
0
0
0.5
1
0
0
0
0
0
0
0
0
0
0
0
1
0
1
0
1
1
0
0
0
0
1
0
0
1
1
0
0
1.25
0
0
0
0
0
0
0
2
2
0
0
1
1
0
0
0
0
0
1
0
0
0
0
0
0
0
0
0
0
0
0
0
0
0
0
0
0
0
0.0955882352941176
0
0
0
0
1
1
0
0
1
0
0
0
1
0
0
0
0
0
0
0
0
0
0
0
0
1
2
0
0
0
1
0
0
0
0
0
1
1
0
0
0
0
0
1
0
0
1
0
0
0
0
0
0
0
0
0
1
2
0
0
1
0
0
0
0
0
0
0
0
0
2
0
0
0
0
0
0
1
0
0
0
0
0
1
0
0
1
0
0
1
3
0
2
0
2
1
0
0
0
0
0
0
1
0
0
0
0
0
0
0
0
0
0
0
0
1
0
0
1
0
0
0
0
0
0
0
1
1
0
1
0
0
0
0
0
1
0
0
0
0
0
1
0
1
0
0
0
0
0
0
1
0
0
2
0
0
0
0
1
1
0
0
0
1
0
0
1
3
0
0
0
0
0
0
1
0
0
1
0
1
0
0
0
0
1
0
0
1
1
0
0
0
0
0
0
0
0
0
1
1
0
0
0
0
1
0
0
1
0
0
0
0
1
0
1
1
0
0
0
1
0
0
0
0
0
0
0
1
0
1
0
0
0
0
0
0
1
0
0
3
0
0
0
0
0
2
0
0
0
0
0
0
1
0
0
0
0
0
1
0
0
0
0
0
0
0
0
0
0
0
0
0
2
0
1.00719424460432
0
1
1
0
0
0
0
1
0
0
0
0
2
0
0
0
0
0.998407643312102
0
0
0
0
0
0
0
0
1
1
0
0
0
0
0
0
0
0
0
2
0
0
0
0
0
0
0
1
0
0
0
0
0
0
0
0
0
0
0
0
3
0
0
1
0
0
1
0
0
0
1
0
1
0
1
0
0
0
0
0
0
0
1
0
1
1
0
1
0
0
1
0
0
1
0
0
0
0
0
0
1
0
0
0
0
1
1
0
2
0
0
0
0.0229007633587786
0
1
0
0
0
0
0
0
0
0
0
0
0
0
0
1
0
0
2
0
0
0
0
1
2
0
0
1
0
0
0
0
1
0
0
0
0
0
1
3
0
0
0
1
0
0
0
1
0
1
0
0
2
1
0
1
1
0
0
0
1
0
0
0
0
1
0
0
0
2
0
1
0
0
0
0
0
1
0
1
0
1
0
0
0
0
1
2
0
1
1
1
0
0
0
0
1
0
0
1
1
0
0
0
1
0
0
0
1
1
0
0
0
1
1
0
0
1
0
0
1
0
0
1
0
0
1
0
0
0
0
0
3
0
0
1
1
1
0
0
1
0
1
0
0
0
1
0
0
1
0
0
0
0
2
0
1
0
1
1
0
1
0
0
0
1
0
0
1
0
0
0
0
1
0
0
0
0
0
0
0
0
1
0
0
0
0
1
0
0
0.75
0
0
1
0
0
1
0
0
1
1
0
0
0
0
0
0
0
0
0
0
0
1
0
0
0
0
0.0130293159609121
1
0
0
0
0
1
0
0
0
0
0
0
0
0
0
1
0
0
0
0
0
0
1
0
0
0
1
0
0
0
0
1
0
0
0
0
0
0
0
0
0
0
0
0
1
0
0
0
1
0
0
0
0
0
0
0
0
0
0
2
1
1
0
0
0
0
0
0
0
1
0
0
1
0
0
1
2
0
0
0
0
0
0
0
0
0
1
1
0
0
0
0
0
0
0
0
1
0
0
0
0
0
0
0
0
0
0
1
0
0
1
0
0
0
0
0
0
0.98694942903752
0
0
0
0
0
0
0
0
0.0392156862745098
0
0
1
0
0
0
0
0
0
0
0
0
0
0
0
0
0
0
1
0
0
1
0
1
0
0
0
0
0
0
0
0
0
1
0
1
0
0
0
0.00234741784037559
0
2
1
0
0
0
0
1
0
0
0
0
0
2
1
0
0
1
0
0
0
0
0
1
1
1
0
1
0
0
1
0
1
0
0
0
0
0
0
0
1
0
0
0
0
0
0
0
0
0
1
1
1
1
0
0
0
0
1
0
1
0
0
0
0
0
0.923076923076923
0
0
0
1
1
1
0
0
0
0
1
0
0
1
0
0
0
0
0
0
0
0
0
0
0
0
0
0
1
0
1
0
0
0
1
0
0
0
0
0
2
1
0
0
0
0
0
0
0
0
0
0
0
0
2
0
0
0
0
0
0
0
1
0
0
0
1
0
0
1
0
1
0
0
0
1
1
0
0
0
1
0
2
0
0
0
0
0
0
0
0
0
0
2
0
1
0
1
0
1
1
0
0
0
0
0
0
0
0
0
0
0
0
0
0
0
1
0
0
1
0
1
0
3
1
0
0
0
0
0
0
0
0
0
0
0
1
1
1
0
0
0
1
0
0
0
1
0
0
1
0
1
0
1
0
0
1
0
1
0
0
0
0
0
1
0
0
0
0
0
1
0
0
0
1
0
0
0
0
0
1
0
0
0
0
0
0
2
0
0
1
0
1
1
0
0
0
0
0
0
0
0
0
0
0
0
0
0
1
0
0
0
1
0
0
1
0
0
0
0
0
0
0
0
0
0
2
0
0
0
0
1
1
1
0
0.0282485875706215
1
0
1
0
0
0
0
0
0.666666666666667
0
0
2
1
0
0
2
0
3
0
0
1.00497512437811
1
0
0
1
0
0
0
1
0
0
0
1
0
1
0
0
0
0
0
0
0
2
0
0
0
1
0
0
1
0
0
0
1
0
0
0
1
0
0
1
3
1
1
0
0
0
0
0
1
0
0
0
1
0
0
1
0
1
0
0
0
0
0
0
1
1
1.2
0
0
0
0
1
0
0
0
0
1
0
0
1
0
0
1
1
0
0
0
0
1
1
0
0
0
0
0
0
0
0
0
1
0
0
1
0
0
1
0
0
0
0
0
0
0
0
0
0
0
1
0
0
0
0
0
1
1
0
0
0
1
0
0
1
0
0
0
1
0
0
1
1
0
0
0
0
0
0
0
0
0
0
0
2
0
1
0
1
0
0
0
1
1
3
0
0
0
2
0
0
0
0
1
0
1
0
0
0
1
0
2
0
0
0
0
0
0
1
0
0
0
0
0
0
0
1
2
0
0
0
0
0
0
0
0
0
0
0
0
1
1
0
0
0
1
1
2
0
0
0
0
1
0
0
0
0
0
0
0
1
0
0
0
1
0
0
1
1
0
1
1
0
0
0
0
0
0
0
1
0
1
2.02
0
1
0
0
1
0
1
0
1
0
0
1
0
0
2
0
2.003663003663
0
0
0
0
0
0
1
1
0
1
1
0
0
0
0
0
1
0
3
0.125
0
1
1
1
0
0
1
0
3
0
0
0
0
0
0
0
0
1
0
0
0
0
1
0
0
0
1
1
0
0
1
0
0
0
0
0
0
0
0
1
1
0
0
0
0
0
0
0
0
0
0
1
0
0
0
0
0
0
0
0
1
0
0
1
0
1
2
0
0
0
0
0
0
1
0
0
0
0
0
0
1
0
0
0
0.00884955752212389
0.5
0
1
2
0
1
0
0
0
0
0
0
0
1
1
1
0
0
0
0
0
1
0
0
1
0
1
0
0
1
1
0
0
0
0
0
0
1
0
0
0
0
0
0
0
0
0
0
0
0
0
0
1
0
0
0
0
1
0
0
0
1
0
0
0
0
0
0
0
1
0
0
0
0
0
1
0
0
0
1
0
0
0
0
0
1
0
0
0
0
0
0
0
0
0
0
0
0
0
0
0
0
1
2
0
0
0
0
0
0
1
0
0
0
2
0
0
1
0
0
1
0
0
0
1
0
0
0
2.02127659574468
0
0
2
0
0
0
1
0
1
1
0
0
0
0
0
0
1
0
0
0
0
0
0
0
1
1
0
0
0
0
0
0
0
1
0
0
0
0
0
0
1
1
0
0
1
0
1
0
0
0
0
1
1
0
0
0
0
0
0
0
0
1
0
0
0
0
0
0
0
0
0
0
0
0
0
1
0
0
0
0
0
0
0
0
0
0
0
0
0
0
0
0
0
1
0
1
0
0
0
0
1
0
0
0
0
0
0
0
1
1
0
0
1
0
2
0
0
0
0
0
0
1
0
0
0
0
0
1
0
0
1
1
1
0
0
0
0
0
0
1
0
0
0
1
0
0
0
2
0
0
0
0
0
0
0
1
0
1
0
0
0
0
1
1
1
0
0
0
0
0
0
1
0
0
1
0
1
0
2
0
3
1
0
0
0
0
1
1
1
1
0
0
0
0
1.04347826086957
0
0
0
0
0
0
0
1
0
0
0
0
0
0
0
0
0
0
0
0
0
0
0
0
0
0
0
0
0
0
0
0
0
0
0
0
0
0
1
0
0
0
0
1
1
0
0
0
0
0
2
0
1
0
0
1
0
0
0
0
0
0
2
0
0
0
0
0
0
0
2
0
0
0
0
1
0
0
0
0
0
0
0
0
0
0
1
0
0
0
1
0
0
0
0
0
0
0
1
0
0
0
1
0
1
1
1
0
1
0
0
0
0
0
0
0
0
1
0
0
0
0
0
1
0
0
0
1
0
0.4
1
0.952755905511811
0
0
0
0
0
0
0
0
0
0
0
0
1
0
0
1
0
0
0
0
0
1
0
0
1
0
0
1
0
0
1
1
0
0
0
2
0
1
0
0
0
0
1
0
0
0
0
0
0
2
0
0
0
0
0
1
0
0
0
0
1
0
1
1
0
0
0
0
1
0
1
2
0
0
0
1
0
1
0
0
0
0
1.00281690140845
0
0
0
0
1
0
0
0
0
1
0
0
0
1
0
0
1
0
0
1
0
0
0
2
1
0
1
0
0
0
0
0
0
0
0
1
0
0
0
0
0
0
0
0
0
0
0
0
0
0
0
1
1
0
0
1
0
1
1.1875
0
1
1
0
0
0
0
0
0
0
0
1
1
0
0
0
0
0.015625
0
0
0
0
0
1
0
0
2
0
2
0
0
0
0
0
0
0
0
0
1
1
0
0
0
0
0
0
0
0
1
1
0
0.25
0
1
0
0
1
0
0
0
0
1
0
0
0
0
0
1
2
0
2
0
1
0
0
1
0
0
0
0
0
0
0
0
1
0
2
0.5
1
0
0
1
1
2
1
0
1
0
0
1
1
2
0
2
0
3
2
1
0
1
0
0
0
0
0
0
1
0
2
1
1
1
1
0
0
0
1
0
0
1
1
1
1
0
0
1
2
1
0
0
0
0
1
0
0
0
2
0
2
1
0
0
0
0
1.16666666666667
0
0
1
1
0
0
0
0
0
1
0
0
0
0
1
0
1
0
0
0
1
0
0.018018018018018
0
0.0384615384615385
0
0
0
0
0
1
1
0
0
0
0
1
1
2
1
0
0
0
0
0
1
1
0
0
0
0
0
0
0
0
0
0
1
3
0
0
0
0
0
0
0
0
0
0
0
0
0
1
0
0
0
0
0
0
0
0
0
0
0
0
1
0
0
1
0
0
0
0
0
0
0
1
0
0
0
0
1
1
1
1
1
0
0
0
0
0
0
1
2
0
0
0
1
0.0909090909090909
0
0
0
2
1
0
1
0
1
1
0
1
1
0.1875
0
1
1
1
2
0
3
1
1
1
2
0
1
1
0
0
6
3
0
0
1
2
1
0
0
2
0
0
1
0
0
0
0
0
2
0
1
1
0
0
0
0
0.5
0
1
0
0
0
0
0
0
1
1
1
0
0
0
0
1
1
2
1.00829875518672
0
0
0
1
0
0
1
0
0
0
0
1
1
0
0
1
1
0
0
0
0
1
0
0
0
0
1
0
0
0
1
0
0
1
0
1
0
0
0
0
8
0
0
0
1
1
0
0
0
0
0
1
1
0
0
0
0.206896551724138
0
0
0
0
0
1
0
0
0
3
3
0
0
0
0
0
0
0
1
1
0.111111111111111
0
0
0
1
0
0
1
0
0
0
0
0
1.04166666666667
0
0
0
0.285714285714286
1
0.0454545454545455
0
0
1.33333333333333
0
0
1
0
0
0
0
0
0
0
0.0185185185185185
0
0
1
0
0
0
0
0
0
0
1
0
0
1
0
0
1
0
1
0
0
2
0
1
0
0
0
0
0
0
1
2
1
0
0
1
0
0
1
0.0650887573964497
0
0
0
1
0
0
0
1
0
1
0
0
1
2
1
0
0
0
0
0
0
1
0
0
1.2
0
1
0
2
1
0
1
1
0
0
0
0
0
1
0
0
0
0
1
0
0
0
1
1
