1
3
2
0
5.91666666666667
0
0
1.97549019607843
0
1
1.01694915254237
2
3
1
0.0326086956521739
1
1.25
2
1
0
0.037037037037037
2
0
0
0
0
2
21
3
0.571428571428571
0
1
0.666666666666667
1
0.92
1.0188679245283
0
1.02
2
2
0.95
0.5
3
0
0
0
0
2
1
0
0
0.9375
1
4
0
1
0
3.29230769230769
0
0.116490166414523
0
1
0.0812720848056537
0
0
0
0.974025974025974
0.25
2
1
1
1
3
1
0
4
0
1
0
0
0
1
2
0
0.222222222222222
0
0
1.18280739934712
0.0204081632653061
0
2
0
2
1
1
0
0
2
0
0
0
1
0
1.33333333333333
0
0.35
0.866666666666667
2
0
2
0
0
1
1.25
0
0
0
0.428571428571429
0
2
1.01639344262295
1
0
2
0
1.91176470588235
1
2
0
3
0
4
1
3
1
0
0
1
0
2
0
1
0.666666666666667
1
0
2.28571428571429
1
0
1
0
2
0
0
2
0
1
0
0
1
0
2
0.333333333333333
0
0
0
1
0
2
1
0
1
1
1
1
3
0
1
0.291139240506329
2
2
0
0
1
0
0
2
0
1
0
1
0.105263157894737
2
0
0
0
1
0
0
0
0
0
0
1
1
0.0355329949238579
0.2
0
0
0
3
0
0
0
1
0
1
0
1
0
0
1
0
0
6
0
1
0.92156862745098
0
1
2
0
2
0
2
0
3
1
1.75
2
0.767441860465116
2
0
1
1
1
1.03125
1
0
0
3
2
1
0.388888888888889
0.0769230769230769
1
2
0
0
0
0
0
0
0
1
0
1
2.07317073170732
0
0
0
3
0
1
2
1
2
0
1
0
1
1
1
1
0
1
0
1
0
2.02941176470588
2.08333333333333
0
1
0
0
0
0
1
2
1
0
2
2
0.6
0
0
2
0
0
1
0
1
0
0
0
1.94117647058824
1.21649484536082
1
2.16666666666667
0
3
3
0
0
0.5
0
1
1
0
1
1
0
0
2
0.142857142857143
0.5
1
1
1
2.75
2
0
0.666666666666667
1
0
5
0
3
2
0
0
0
0
0
1
2
2
0.0340909090909091
0
0
1.01666666666667
0
0.0263157894736842
2
1.04347826086957
0
3
0
0
0
1.04347826086957
2.5
0
0
0
0.0045662100456621
2
0.00843881856540084
4
0.0240384615384615
1
0.00840336134453781
0
1.14285714285714
1
0
0
4
0
1
0
2
1
1.25
1
2
1
2.5
1
0
2
0
0
1
0
2.04347826086957
0
0.25
2
0
0.0366492146596859
4
0
0
0
0
2
2.06666666666667
0
0
2
3
0
2.4
0
0.256756756756757
0
1
0
0
0
0
1
5
1
0
0.2
2
1
0
3
2
1
3
1
0
1
1
9
1
0
0.00911854103343465
0
1
0.024390243902439
2
2
3.66666666666667
0
1
4
1
0
0
2
0
2
0.4
0
1
0
1
1
2
2
0
0
1
0
0
0
4
0
1
1
0
1
0
0
1
3
0
1.7
0
0.0666666666666667
0
0
2
0
0
1
0
1
0
0
1
0
2
1.88461538461538
0
1
0
0
0.125
4
0
0
2
0
1
0
2
0
2
0
0
0
1
0.178571428571429
0
2
1
0.0333333333333333
0
1
4
1.4
0
0.0342592592592593
6
0
1
1
0
1
0.0666666666666667
0
0
0
1
0
1
0
1
1.73333333333333
1
1
1
1.05555555555556
0
0
0
1
1
0.857142857142857
5
1
1
0
0
0
1
0
0
1.4
0
0.458333333333333
1
0
2
1.69230769230769
0
1.5
0
0
0
0
0
2
1
0
0.0975609756097561
0
0.0147058823529412
1
1.5
1
1
0
0
1
6
0
1
0
0
1
0
2
0
1
0
3
0.142857142857143
0
2
0
0
0
0.0410958904109589
1
0
0
0.25
5
0.0802325581395349
0
0
1
4
0
2
2.5
0
1
2
0.5
1
1
1
2
0
0
0.5
1
0.05
1
2
0
1
1
0
0
1
1
0
3
1
0
4
1
1
0
0
0.2
1
1
2
1
2
1
1
1.1
0
0.0625
1
0
2
0
1
2
0.00384615384615385
1
1
0
0
0
20
2
3.11111111111111
1
1.84615384615385
8
1
0
2
6
0.977272727272727
0
0
1
0
1
3
0
0
0
7
1
12
0
0
0
1
2
0.2
0.0833333333333333
0
1
1
3
0
0.0296296296296296
0
2
0
1
2
3
1
1.04761904761905
0
0.102941176470588
1
0.1
0
1
2
0
0
0.5
2
0
0
0.333333333333333
1
0
2
1
11
1
1
6
1
0
3
0
0
0
1
1
1
2
0
1.125
0
0.0789473684210526
1.0188679245283
0
3
0
1
4
0
0
0.5
0.0277777777777778
0
0
1
0.243478260869565
7
1
0
0.0196078431372549
1.0625
0.0769230769230769
1
0
0
0
1.82608695652174
0
4
2
1
1
11
1
4
1
0
0.0434782608695652
0
0
0
2
0
1
2
1
1
2
2
3
0
0
2
2
0
0
0
0.222222222222222
0.09375
0
1
0.0122699386503067
3
3
1.25
1
1
3
0
0
0.0606060606060606
0
3
1.66666666666667
0.0161290322580645
2
5
2
0
3
1
1
0
0
0
0
0.00232558139534884
2
1
1
0
1
4
2
1
2
0
1
0.333333333333333
2
0
1
3
0.4
5
1
1
1
0
1
3
0
0
0.214285714285714
0
0.8
0.5
3.5
2.5
1
2
1
1
0
1.14285714285714
3
0
1
2
1
0.106382978723404
2
1
0
0
1
2
3
2
0
0
0
2
2
0
1.14285714285714
2
1.33333333333333
0.25
1
2
2
0
2
0
2
0
0
0
2
0
1
2
0
0
0
1
3
0
1
2
1
3
1
2
1
0
2
0
1
1
0
0.8
2
1
2
1
1
3
2
1
0
0
0
0.666666666666667
1
1
1
4
2
1
0
3
1
0
0
1.5
1
1
4
2
0
0.107142857142857
0
0
0.5
0.0909090909090909
0
2
0
0
0
0
1
0
1
0
1
0
0
0.785714285714286
1
0
1
0
0
0
0
1
0
2
4.28571428571429
0.032258064516129
2
0
1
0
0.207112970711297
2
2
0.00833333333333333
0
0
0
0
1
2
0
1
0.0277777777777778
1
1
0.0114942528735632
1.5
0
0.2
0.0727272727272727
0
1
0.666666666666667
2
1
0
1
0
1
0
0
0
3
0
0
1
0.25
0.0681818181818182
0
0
1
0
1
0
1
0
0.176470588235294
0
4
0
0.04
0
0.0588235294117647
1
0
1
2
0
0
0
1
1
0
0
0
1
1
0
6
1
2
1
1
0
0
2
1
1
1.5
0.0153846153846154
1
0
0
3
1
1
4
0
5
1
0.333333333333333
1
1
1
0
1
0
0
5
2
0
1
0
0
1
0
1
3
0
0
0
2
3
0.125
2
0
3
0.00611620795107034
0.0833333333333333
0.014018691588785
0
1
1
1
3
1.66666666666667
1
5
3
2
0
0
0
0
0
0
0
0.979591836734694
0
0
0
0
3
3
0
0.0318471337579618
1
1
2
0.0263157894736842
2
1
0
0.121212121212121
0
1
1
0
0
0
0
0
1
1
2
0
0
1
0
0
0
1
1
1
1
2
0.142857142857143
1
1
0
0
1
1
3
1
1
0
0
0
0
0
0
1.0952380952381
1
1
0.2
2
1
1
1.07142857142857
0
0
1
2
0
3
0
0
0.0265700483091787
1
0
0
0.5
2
1
3
2
0
1
0
0.75
1
1
0
1
6.5
1
7
1
0
3
0
0.666666666666667
3
1
0
3
1
1
1
0
0
0
0
0
0
1
1
0.166666666666667
0
1
0
0.444444444444444
3
0
5
1
1
0
1
0
1
0
0
1
2
2
1
0
0.144927536231884
0
0
1
0
5
2
0
1
1
0
0
1
0.181818181818182
0
0
1.5
0
0
1
2
0
0
2
0.25
0
4
0.140350877192982
0
0
1
1
6
0.184466019417476
0
0
1
0
3
0.333333333333333
0
1
0
1
0.333333333333333
0.0122950819672131
0
0
0
2.5
2
2
1
2
0
3
1
0
1
4
1
3
3
0
0
0
1
1
0
4
1
1
0
0
0
1.66666666666667
1
0
0
0.25
1.2
0.0350877192982456
1
1.33333333333333
2
0
2
0
1
1
3
0
2
2
3
8
2
0
2
0
0
0.0116279069767442
0
0
0.5
0.0512820512820513
0.0740740740740741
0
0
2
1
0.105263157894737
1
1
0
3
1
3
0
2
3
0
0
3
8
1
3
2
1
2
0
0
0
2
0
0
1
2
2
0.087378640776699
1
1
1
0.103448275862069
0
0
0
3
3
2
0
1
1
0
1
2
2
2
0.25
2
0
0
3
5
0.333333333333333
0.25
0.294117647058824
1
0
1
2
1
0
0
0.0526315789473684
0
1
2
2
0
2
6
2
0
0
5.60789591745177E-05
0
1
3
0
1
3
0
2
0.0294117647058824
1
0
0
0
1
1
6
1
3
1
1
0
0
1
0
0
0
4
0.75
0
0
3
1
2
1
0
1
1
2
0
0
1
1
0
0
1
1.94444444444444
3
0
2
0
2
0
1
0
0
0
1
1
0.140350877192982
3
2
0.0407124681933842
3
0
0.5
0
3
0
1
0
1
0
2
0
1
0
0.03
1
2
1
2
1
0
0.0833333333333333
2
0
2
0
2
1
1
3
0.5
0
0
1
0.333333333333333
0.03125
0
2
1
1
1
1
0
1.66666666666667
1
0
0
0
0.0769230769230769
0
2
0.333333333333333
0
0.333333333333333
2
0
0
1
0
1
0
1
1.0126582278481
1
1
1
1
0
4
2
1
0
0
0.272727272727273
1
0
1
2
0
0.00219941348973607
1
2
0
0
0
1.01204819277108
0
1
0
2
0.0232558139534884
0
0
1
0.166666666666667
0.208333333333333
0.0137614678899083
3
0
0.0338983050847458
1
0
1
0
1
1
2
1
1
0
0
1
1.02222222222222
2
2
1
2
2
2
2
0.5
1
0.25
1
8
0.0303030303030303
0
1
0
1
1.2
0
2
1
1
4
0
4.5
0
0
0
2
0
0
2
0.00434782608695652
0
0.0174825174825175
0.1
0
4
0
0.333333333333333
4
0
0
1
2
0
0
5
0
0.151515151515152
1
2
0.0285714285714286
2
0
0
2
0
0
0
1
1
0
0
1
0
2
1
2
1
2
0.333333333333333
0.75
1
1
0
2
0
3
0.012987012987013
1
2
1
2
1.25
0
1
0
2
0
0
1
1
1
0
1
0
2
0
2
0.0588235294117647
0
1
3
1
0
1.4
1
0
0
2
1
1.5
0
1
1
0.05
6
0
3
0.444444444444444
0
1
0
1
7
3
4
0
1
0
0
2
0
1
0
1
2
3
1
0
0
0
2
0
1
1
0
1.44444444444444
1
0
1
1
0
1
4
0
0.666666666666667
1
0
2
0
1
0
1
0
1
0.0232558139534884
0.0497925311203319
2
3
1
0
0
1
0.5
2
2
0
1.0952380952381
1
2
2
5
2
2
4
0
1
0.0563380281690141
0
0
1
0
4
1.07407407407407
4
1
1
0.0434782608695652
1
0
0
0
0
2
3
1
0
1
2
0
0.0045045045045045
0.5
0
3
2
0
1
0
1
3.33333333333333
2
0
0
4
0
1
0.0176211453744493
0
1.5
3
1
1
1
2
0
0
2
2
1
1
0.0333333333333333
0
1
0.166666666666667
2
1
0
4
1
1
1
1
2
1
2
0
0
3
1
0
0
2
3
1
0
0.0431034482758621
3
0
0
4
0
0
0
2
1
2
3
0
0
0
0
1
2
2
2
0.25
0
0
0
1
0
2
2
0
1
1
0
1.00319488817891
3
0
0
1
0
1
1
1
3
0
3.5
0
3
0
1
0
0
3
0
0.0909090909090909
3
2
4
0.0392156862745098
1
1
3
2
2
0.333333333333333
0.0298507462686567
0
0.4
0
1.95454545454545
1
3
0
1
1
0
0
1
0.0416666666666667
0.2
0
1
0
1
2
1
2
2
2
0
1
2
2
1
0
0.333333333333333
1
1
4
0
2
1.5
1
2
1
3
1
0.8
0.00403225806451613
1
2
2
0
0
0
2
1
1
3
1
1.01754385964912
0
0
0.118811881188119
3
0
0.0416666666666667
0
1
0
1
3
0
0
3
0.2
3
2.25
0
1
2
3
1
5
0
1
2
0.00302114803625378
0
0
1
3
0
1
0
6
0
0
0
0
3
0
2
0.00242130750605327
0
1
0
1
0.125
0.181818181818182
1
0
2
2
0.166666666666667
1
0
0
0
0.0175438596491228
5
0
1
0
0
3
3
2
0.108108108108108
2
1
1
0
0
1
0
1.75
0
1
1
1
1
5
2
0.00699300699300699
2
2.5
4
0
0
3
0
0
1
3.61538461538462
1.00985221674877
2
2
2
0
2
1
0
2
1
1
0
0
0.133333333333333
0
2
2
0
1
0
0.0405643738977072
1.02380952380952
0
1
1
2
0.333333333333333
0
1
1.5
0
1
1
0
1
1
0
0
0.0720720720720721
0
2
2
2
2
0
0
0
4
0
0.4
4
1.5
0
3
1
0
2
0
0.363636363636364
2
2
2
1
0.00285714285714286
1
0
0.0555555555555556
1
2
2
3
0
1
2
1
2
0
1
0.0076530612244898
1
3
0
0
1
1.33333333333333
0
3
2
1
0
1
0
0.0625
0
0
1
0.0227272727272727
0.5
0
1
1
2
0.0141921397379913
0.4
1
2
0
4
2
2
0
1.25
1
0
0
0
4
1
0
0.0588235294117647
0.333333333333333
0
2
1.5
1.5
1
0.666666666666667
3
1
2
2
2
2
3
0
0
2
0
0.333333333333333
0
2
1
4
2
0.666666666666667
2
1
0
0.5
2
0
0
2
0
1
2.63636363636364
1
1
2
0.0309278350515464
0
0
0.1
1
3
2
1
0
0
0
0
0
1
1
0
0
0
3
0
1
1
1
0
1
1
0.5
0
1
0
3
0
0
1
2.2
0
2
1
2
2
3
0
1
3
0
0
1
1
2
1
3
0
1
1
1
0
0
1
2
0
0.0740740740740741
0
0.0222222222222222
1
0
1
1
0.00980392156862745
1
0
0
0
0.5
0
2
0
1
1
0.0204081632653061
0
0.0571428571428571
1
0
2
3
1
0
2
2
0
2
2
0
1
1
0
0
2
0
2
0
3
2
0.0416666666666667
2
1
3
1
2
1
0
2
0
1
0
0.285714285714286
3
2
0.357142857142857
0
1
1
2
0
0
1
1
0
3
2
2
1
0
0
0.666666666666667
0
2
0
2
2
0
3
0
1
0
0
1
2
2
2
0
4
3
2
1
1
1
0
1
0
2
0
2
0
2
3
0
1
2
1
3
1
0
0
2
0.444444444444444
1
0
2
0
1.5
0
2
1
1
2
1
1
0
1
0
0
0
0.714285714285714
6
0
2
3
2
1
3
1
2
0
0
1
2
1
2
2
0
0
0
0
2
0.117647058823529
3
0.166666666666667
0
1
1
0
2.6
0
0
0
4
7
0
0
0
0.333333333333333
1
0
0
0
1
0.142857142857143
0
3
0
1
3
0
0.333333333333333
1
1
2
0
0.666666666666667
0
0
0
0.666666666666667
1
2
0.161290322580645
1
2
0.0454545454545455
0.132530120481928
1
3
0
2
1
2
2
0
1
0
0
2
1
1
1
5
0
0
2
0
0.016
2
1
1
2
4
0
1
1
0.0625
0
1
1
0.142857142857143
0
0
0.0403225806451613
1
0
6
1
0
0
0
2
0
0
0.333333333333333
2
0.0208333333333333
2
3
1
1
2
1
2
3.33333333333333
0.333333333333333
4
0
1
2
5
0
1
1
1
0
2.25
1
1
1
1
0
1
1
2
3
0
0.142857142857143
2
1
1
0
2
2
1.66666666666667
1
2
0.142857142857143
1
2
1
0
0
0
0
1
0
0
2
1
1
0.5
1
0
0.5
0
1
0.0410958904109589
2
0
23
0
0.0392156862745098
1
0
2
1
0
1
2
2
1
0
2
1
0.03125
0
0
0
0
4
0
1
0
2
0.307692307692308
0
2.4
0
2
2
2
1
1
2
2
0
3
1
1
0
0.00862068965517241
0.105263157894737
0
3
1
0
3
2
0.00623700623700624
0.000661035622475211
0
1
2
1.5
1
2
2
1.5
0.0245901639344262
0
0
0
1
0.75
1
0
0
1
1
0
0
5
0.0434782608695652
1
1
0
1
0
1
2.5
1
4
1
1
1
1
0.0740740740740741
0
0
0
1
0
2
1
0
2
0
2
0
2
2
1
5
1
0
0
0
4
0
1
2
1
1
2
1.33333333333333
0
1
1
2
1
5
1
0.0909090909090909
0
0
0.5
0.005249343832021
2
2.5
3
0
0
0.00951374207188161
0.5
1
2
0
0.15
0
4
2
2
0
0
0.015
1
0
4
3
2
0
0
0
2
1
1
1.5
0.00840336134453781
1
2
3
3
0
0
1
1
2
1
3
0
0
0
1
2
1
2
1
1
0.0625
0
2
2
0.857142857142857
3
2
0
5
0
1
2
1
0.5
1
2
0
1
1
2
1
1
0
1
0
0.428571428571429
2.33333333333333
0
1
4
0
2
2
0.214285714285714
0
1
0
2
1
0.5
1
2
0.0526315789473684
1
0
1
0
3
1
1
4
1
2
0.0810810810810811
3
0
0
1
2
2
0
2
2.5
1
6
0
2
0.5
1
2
0
1.5
1
3
0.5
3
1
0.00342465753424658
1
9
2
1
0.714285714285714
1
0
3
0.666666666666667
0.333333333333333
2
3
0
0
0
0
2
0
1
0
1
1
0
0
1
0
1
2
0.0211640211640212
0
1
2
0
0.5
0
0
1
5
2
1
1
1
3
0
1
0
2
0
0
2
0
5
3
0
0.3125
3
1
1
0
1
0
0
1
1
0
0
0
1
0
0
0
2
2
1
0
0
1
0
2
0
0
2
2
1.33333333333333
3
0
0.159420289855072
3
0
2
0.5
0
2
1
1
1
4
1
3
0
1
0.2
5
1
1
2
2
1
3
4
0
1
0
0.25
2
1
1
1
0.032258064516129
2
1
0
0.0714285714285714
0.0206896551724138
0.333333333333333
0
0
1
2
0
1
2
0.125
1
0
2
1
1
0.00617283950617284
3
0.333333333333333
2.33333333333333
0
1
1.33333333333333
0.0540540540540541
3
0.6
1
0
1
1
0.5
0
1
1
1
0
0
0
2
0.666666666666667
1
0
2
1
0
3
1
2
0
0
0.333333333333333
1
3
0
0.384615384615385
0
0
0
0
2
0
1
0
0
1
0
0.0210526315789474
0
1
6
1
0
3.66666666666667
0
0
0
0
2
1
2
0.107142857142857
0
0
3
1
2
0.0666666666666667
1
0
1
1
0
0
0
0
0
3
3
3
2
0
2
0
2
0
2
0
2
0.5
0
0
1
0
4
2
1
0
1
0
2
2
0
0
1
6
2
0
0
0.166666666666667
0
1
2
1
1
0
0
4
2
0
1
1
1
0
0
0
0.00748502994011976
3
0.0714285714285714
1
4
3
0
0
0.0303030303030303
3
0
0
0
0
1
2
2
2
0.5
2
0.018018018018018
1
0
0
3
0
0
4
1
2
0
0
0.6
1
1
1
0.0915867944621938
0
2
2
0.666666666666667
4
1
1
2
1
0
1
5
1
0
0
0.2
0
0
0
1
0
2
2
0.00930232558139535
1
0
0
1
1
0
0.75
2
0
2
1
2
0
1
0.5
2
0
0
0.0833333333333333
0
2
2
2
2
3
2
0
0
0.0833333333333333
1.03529411764706
1
0
1
1
0.666666666666667
0
1
2
1
0
2
0
0
3
2
1
2
1
1
0
2
3
2
0
0.8
1
1
3
4
3
2
0
3
2
1.5
1
3
0.333333333333333
2
1
2
1
1
0.8
2
0
0
1
1
1
0
0
1
0
3
1
1
1.75
0
5
1
0.5
0
2
1
0
0
1.25
1
0
0
1
1
0
3
3
2
1
1
4
0
0
0
3
0
4
3
1
4
1.33333333333333
3
0.0172413793103448
0
0
2
1
0
1.5
2
1
0
0
2
1
1
0.117647058823529
2
3
1
3
3
1
1
3
0
0
1
0.5
3
1
1
1
1
1
0
0.0555555555555556
1
0
0
0
0.0574712643678161
0
2
0
0
0.111111111111111
1
1
3
2
0
0.015
1
0.0485436893203883
4
1
0
0.0909090909090909
0
1
0
0
0.0303030303030303
0
1
2
0
0
1
2
1
1
4.33333333333333
0
1
2
1
1
2
0.0145772594752187
2
3
0
0
0
0
2
0.222222222222222
0
0
0.2
0
0
2
2
1
2
1
0
0.00735294117647059
1
0
0
0
1
0
0
1
3
2
1
1.16666666666667
0
0
0.0277777777777778
0.0217391304347826
1
4.11111111111111
0.04
1
1
0
1
1
0.00900900900900901
0
0
0
0
0
0
1
0
1
1
3
1
3
0.357142857142857
3
1
1
2
3
0
2
2
2
1
0
0
1
2
0
0
2
1
1
0
2.25
1
0.5
3
1
0
1
0.00361271676300578
2
1
0
0
0
0
0.5
0
0.0190806591500434
1
2
1
2
2
0.0421052631578947
0
0
1
1
1
0
3
1
0
0
0.05
1
0
4
0
0
1
0
3
0.142857142857143
1
2
0
2
0
0
0.666666666666667
2
0
0.00341880341880342
3
0
0
1
0.0851063829787234
0
0
0
2.5
0
1
0
0
1
0
2
1
0
1
1
3
0.0133333333333333
1
1.6
0.125
1
2
0
3
2
0
1
0
1
0
3
1
3
0.5
0
0
0
0
3
0
3
0
2
2.5
0.0857142857142857
0
2
2.4
0
0.877551020408163
0
0
1
0.0102564102564103
0
2
1
6
0
3
2
1
4
2
3
1
0
2
0
2.5
0
1
1
0
1
0
2
2
1
0
0
2
0.6
0.056
1
3
0.666666666666667
1
3
0
4
0
1
0
0.333333333333333
1
0
0
0
1.42857142857143
0.0102040816326531
0
0
0.142857142857143
1
0
1
0
1
5
2
0
0.00934579439252336
0
1
0
0
2
0
1
2
0
4
3
2
0
2
4
2
1
0
2
0
0
0
0.0469798657718121
0
0
1
2
0
1
1
5
2
0
1
1
1
1
4
1
2
0
0
1
1
2
0
0
1
0.2
1
1
2
3
0
0
1
2
0
0
4
1
2
1
4
0
2
4
1
1
1
3
1
1
1
2
0
1
1
0
0.5
0
1
2
6
0.8
1
0
1
1
0
0.428571428571429
0
0
2
1
0
3
0
1
0
2
3
0
0
0
1
0
2
0
1
0
0.2
1.01030927835052
0.5
0
1
1
0.2
0
1
0.4
2
2
0
2
0
0
0
0
0
1
0.0364963503649635
1
0
3
1
2
0
0
8
0
1
1
0
0
0.0075685903500473
2
0.666666666666667
2
3
1
1
0
3
2
0
0
2
1
1
0
2
2
3
1
0.333333333333333
0
0.5
0
1
0.0833333333333333
1
1
1
0
2
0.0740740740740741
0
0
5
2
2
2
2
3
0
0
2
0
0.25
2
1
1
0
0
4
1
0
0.6
0
0
3
0
0
0
3
4
0
2
1
4
0.0387323943661972
0.0065843621399177
1
0.00338983050847458
0
0.5
1
0
1
0
0
1
0.0526315789473684
0
1
0.5
3
0
0
0
4
1
0
2
1
1
0
1
1
2
3
0
2
0
0
0
1
1
0.00125565042692115
1
2
0.0408525754884547
0
1.25
0
2
2
0
0.0416666666666667
1
1
2
1
1
3
0
0
1.33333333333333
0
0
0
1
3
2
2
2
0
0
1
0
0
1
0
3
0
0.0158730158730159
1
2
0.027027027027027
2
0
1
0
0
1
1
0
0.032967032967033
1.5
4
1
1
1
0
2
5
0
2.5
2
1
0
2
3
0
4
0
0
0
0.0983606557377049
2
0
1
3
0.4
2.5
2
1
1
1
0
3
6
1
0
1
0
2
0
1
4
0
1
1
0
2
1
2
2
2
0
2
2
1
2
1
0.0344827586206897
0.037037037037037
0
1
0
1
5
1
2.4
0
1
1
0
1
1
0
1
0.171428571428571
0
3.5
1
5
0.25
1
1
2
4
2
1
2
0
0
0
2
3
0
0.00292397660818713
0
1
2
1
0
2
1
0.0454545454545455
3
3
1
1
0
0
1
2
0
0
2
0
0
0
1
2
1
1
1
0
0
3
0
2
2
3
2
0
1
1
1
0
3
1
1
2
0
3
2
1
2.25
0.0131578947368421
0
2
0
1
3
2
0
3
0
0
0
1
1
0
0
2
0
3
1
2
4
1
0
0
0.0545454545454545
0
1
1
0
2
1
0
2
1
0.02
1
1
2
0
4
1
0.19438877755511
0.0277777777777778
0
1
0.0072992700729927
4
1
3
2
1
0
2
0
0
0
0
2
0.148148148148148
1
0.666666666666667
2
2
0.44
0
4
1
0
1
0
0
4
0
3
0
1
3
1
1
0
2
0
3
1
1
1
0.0458715596330275
3
0
0
0
0
0
0.0666666666666667
0
0
2
0
1
2
3
3
0
0
1
4
1
1
2
0
0
1
1
5
1
2
1
2
2
0
0.75
1
1
1
0
1
0.5
0
2
7
0
1
6
0
0
1
1
1
1
6
1
1
0
1
0.5
1
1
1
2
0.0353982300884956
1
1
1
0
2
2
0
0
0
0
1
0
0
0.025
0
3
1
1.5
3
1
0.2
0
1
1.6
1
1
3
0.666666666666667
1
1
0.000550964187327824
1
0
3
1
1
2
1
0
0
1
1
2
0
0
1
4
2
1
1
2
0.00796812749003984
0
0
0.5
1
0.158150851581509
1
1
1
1
0.2
0
0
0.0277777777777778
1
0.02
0
0
1
0
0
2
2
1
0
1
1
1
1
4
0
0
1
6
3
1
0
0
1
1
1
1
1
0
0
3
1
0
0
0
2
0
0.5
0.25
2
0
0
3
11
1
0
1
0.666666666666667
0.5
0.0175438596491228
4
0
5
1
0
1
1
2
2
1
0
3
0.333333333333333
3
0
0
0
0
2
4
0
1
5
0
1
0
0
1
0.333333333333333
2
0
0
0.0681818181818182
0
1
0
1
0.333333333333333
3
2
0.666666666666667
1
1.5
0
0
0.5
0.666666666666667
1
1
3
3
0
1
1
1
0
3
2
2
0
2
0
1
2
0
0
0
0
2
0
0.25
0
2
1.5
0
1
0.25
2
0
0
4
1
0
1
2
0
0.00561797752808989
1
2
1
0
2
1.5
1
0
0
1
1
1
0.032520325203252
1
3
1
1
0.166666666666667
3
0
2
1
1
0.2
1
3
1
1
0
2
1
2
1
0
0
0
1
2
4.5
0
1
0.25
2
1
3
0
0
3
0
0
0
0
1
0
0
1
1
2
0
6
0
0
1
2.33333333333333
0
2
0.230769230769231
2
2
3
0
1
1
0.21875
0
0
1
0
1
3
0
3
5
6
2
0
1
1
0.4
2
0
1.25
1
1
0
1
0
8
0
1
0
1
0
0
2
0
6
0
1
1
2
1
2
0.0297029702970297
5
0
1
0
0
0.8
1
1
2
0.5
1
1
0
1
2
2
0
1
1
0
0
1
0
0
3
0
0
0.0142857142857143
2
0.5
3
0
0
0.0232558139534884
0
0
0
0
9
0
0
0
3
4
0
2
0
1
3
0
2
0
1
0
1
1
2
2
1
1
1.06060606060606
3
2
0
0
6
0
2
0.25
0.037037037037037
0.333333333333333
1
1
0
2
1
3
0
1
0.0337837837837838
0.272727272727273
0
3
2
0
0
2
2
0
1
0
1
1
0
0.333333333333333
1
2
0
0.5
0.05
0
2
2
6
0
2
0.03
2
2
2
0
0
3
1
0
3
3
1
1
0
1
0.00332225913621262
0
0
1
1
3.00496894409938
1
0
1
2
1
0
2
0.545454545454545
0.0373134328358209
0
2
2
2
2
2
1
2
0
0.0333333333333333
0.00483870967741936
1.5
1
0
2
0
1
0
0
0.1
2
0
0
0
0.0087719298245614
1
2
3
1
0
1
0
0
2
0
0
1
2
0
7
1
1
2
1
1
0.0178571428571429
4
2
1
0
3
1
0.0226986128625473
5
0
0
1
0
1
1
2
1
0
1
0
0.2
1
0
2
4
1
1
0
1
1
0
0
0
0
0.0386740331491713
1
0
3
3
2
1
3
1
1
0
3
0
0
2
0.333333333333333
1
1
1
0
1
1
3
3
1
0.0327868852459016
5
1
3
0.166666666666667
1
1
0
0.0769230769230769
0.666666666666667
0.00100300902708124
2
0
2
4
0.0909090909090909
2
1
0
1
0.166666666666667
0.0818181818181818
1
1
1.5
0
1
0
0
2
0.0909090909090909
0
0
0
2
0
0
2
2
0
0.0275590551181102
0
1
0
1
3
1
1
1
0.666666666666667
0
1
0
3
1
3
4
0.5
0
1
9
1
0
1
0
0.0357142857142857
0.222222222222222
1
2
1
0
2
0
4
3
0
2
1
0.0909090909090909
1
0.0238095238095238
2
0
0
0
2
0
2.5
0.0251529571719918
0
0
0
0.025
0
0.0124223602484472
0.0180505415162455
0
1
2
0.5
2
0
1
1
0
2
0
0
0.714285714285714
0
0
1
0
0
0
2
1
0
2
1
2
0
0
2
3
0
0
1
0
1
0
2
0
2
1
1
1
1
0
1
1
1
2
1
3
0
0
0.137931034482759
1
5
3
0.00291120815138282
0
0
4
0
1
0.0813008130081301
5
3
0
2
0
2
0.036231884057971
2
3
0
0
1
1
0
1
5
1
0
3
1
0
0
0
3
2
1
0.75
4
1
0
0
0
3
1
1
1
2
2
0.428571428571429
0.5
2
2
1
3
2
0
0
0.5
0
0
3
0.147727272727273
0
1
1
0
1
2
1
0.25
1
0
1
2
0.142857142857143
2
2
2
0
1
0
0
7
0
1
0
1
1
2
0
0
2
0
2
0
2
0.0210970464135021
0.011090573012939
1
0
2
0
1
2
0.666666666666667
0.00338028169014085
3
0
2
1
1
2
2
1
1
2
0.0149253731343284
6
0
1.16666666666667
0
1
0
1
0
0.0149253731343284
1
0.25
1
0.0144230769230769
4
2
2
2
1
3
1
0
0
0.0077720207253886
0
2
0
0
0.5
0
2
1
2
0
1
1
0
3
0
0.75
1
2
0
1
4.33333333333333
2
2
1
5
2
1
2
0
1.28571428571429
5
0
0
1
1
0.222222222222222
0
2
1
2
1
0
0
0
0.0344827586206897
3
0.666666666666667
1
1
1
6
1
2
2
0
1
2
0
2
2
1
0
2
0
0
0
0
2
0
1
0
0
6
0
0.0454545454545455
1
0
0
0
2
1
0.00909090909090909
1
2
1
1
2
0
2
0.25
0.2
0
2
0
2
1
0
1
2
1
0.0504201680672269
0
1
0
2
1
2.25
1
0
3
0
2
3
2
2
0
4
1
1
3
1
1
1
4
1
1
1
4
3
1
0
0
1
0
2
1
2
0
1
1.01960784313725
0
3
2
0
0
0
2
0
0.117647058823529
2
3
0
0.5
0
1
0
1
0
1
2
1
1
2
1
2
2
0.5
1
1
1
0
0
0
0.333333333333333
2
1
1
0
0
2
1
0
2
0
2
0
0
0
2
5
0
0
0
1
2
1
0
2
1
0
0
1
1
1
0.285714285714286
2
0
1
1
2
1
1
2
0
1
0
1
0
0
1
0
0
2
1
2
0
0
1
1
3
2
1
0
2.5
0.5
0
2
1
0
0
0
2
2
1
0
0
0.00917431192660551
5
1
0
0.5
0
0
1
2
1
0.0714285714285714
2
0
0
0.1
0
0.0397350993377483
0.333333333333333
0
2
1
5
3
0.0625
1
0.0714285714285714
0
2
0.5
0
2
2
1
0
0.111111111111111
0
0.333333333333333
3
7.33333333333333
1
3
2
2
1
0
0.00257624864954708
1
0
1
0
0
1
1
3
2
0
0
1
1
0.997894736842105
0
0
2
1
2
2
0
2.5
1.5
0.5
1
0
0
3
2
1
2
2
2
0
1.5
1
0
0
1
0
0
0
2
1
0.0338983050847458
1
1
2
1
0
1
4
0
2
0
0.166666666666667
0.0740740740740741
2
0
1
0.0454545454545455
2
2
3
1
1
2
3
1
0
2
1
0
0
1
0
2
1
0
2
1
1
1
2.33333333333333
0
3
0
4
0
2
5
2
0
1
2
0
0
2
0.00390625
1
3
3
2
1
0
1
3
1
3
0.5
1
2
0
4
0.4
1
1
1
0.5
0
3
1
1
0
0
0
1
0
2
0
2
0
6
0
2
1
3
0.0769230769230769
0
4
0
0
0
1
0
1
4
2
0
1
1
0.6
0
4
1
1
0
1
2
0
1
0
0
3
2
1
2
0.00934579439252336
1
3
1.5
3
2
1
0
3
3
2
0
3
1
3
0.1875
6
0.0178571428571429
3
2
2
0
1
3
1
0
0
0
1
3
0
0.333333333333333
2.91502145922747
2
1
3
0
1
0
1
0
1
1
0
1
1
4
0
1
0
4
1
0.0425531914893617
0
2
2
3
0.0149253731343284
0
2
1
5
3
1
1
0
4
1.00416666666667
1
0
0
2
0
1
2
0
0
0
0
2
2
0
2
2
1
0.0192307692307692
0.0121951219512195
3
1
0
2
1
1
1
3
0
1
0
2
0
0.00645161290322581
2
2
0
4
1
1
1
1
0.0148011100832562
2
0
1
1
0
0.037037037037037
0.0185185185185185
0
0
2
0.08
5
0.0176211453744493
0
2
2
0.333333333333333
0
0.0175438596491228
0
0
2
0
3
0.053030303030303
3
1
2
0
0
1
0
0
0.0434782608695652
0
2
2
2
0
1
0.4
1
1.5
2
3
0
2
2
1
2
2
2
3
0
1
0
0
0
0
2
0
0
0
1
1
1
3
1
1
0.142857142857143
0
3
2
1
0
0
1
1
0.0833333333333333
0
0
0
1
0
2
1
0
0
1
0
0
1
1.33333333333333
1
0
1
0
1
0
0
2
1
0.571428571428571
4
3
1
1
0
1.5
0.00593471810089021
1
0
0
1
1
0
2
1
4
1
1
0.0588235294117647
0.00480769230769231
1
3.5
0
2
3
0
4
1
1
2
1
1
1
0.0207715133531157
1
1
1
0
0
0
0
0
5
0.0714285714285714
0
0
3
2
1.2
0
0
2
2
0
1
2.5
0
1
1
0
1
1
3
0
0
2
1
1
0
1
0
1
1
1
1.5
0
0.0533333333333333
0
0
0
0
3
3
1
2
1
0
3
0
1
1
1
2
4
0
1
0
2
1
0
4
1.04
0.333333333333333
1
1
6
0.0313390313390313
0
3
3
1
2.33333333333333
1
0.5
1
1
1.5
0
0
2
1.33333333333333
0
2
1
2
0
2
0
2
0
0.666666666666667
0.00333333333333333
0
1
3
0.0181818181818182
1
0
2
0
0.5
1
4
1
1
1
1
0
0.00234741784037559
0
0
3
0
0
3
0
3
0
0
2
0
0.7
1
1
1
0.037037037037037
1
0
2
2
0
1
0
1.66666666666667
0
1
3
0
0
0
0
1
1
0
2
2
2
0
1
1
0
0
0.2
1
1
1
2
0
0.333333333333333
0
1
0.260869565217391
0.666666666666667
7
3
2
2
2
1
0
1
0.0384615384615385
0
0
0
0
1
1
1
1
0
1
1
4
0.0408163265306122
1
1
3
1
2
1
0
1
0.25
2
2
3
1
1
0
0
0.0256410256410256
0
0.0833333333333333
2
2
0
2
0
0
0
2
0
0
2
1
3
1.25
2
0
1
1
0
2
2
2
4
0.272727272727273
1
2
0.115384615384615
0.0588235294117647
0.0138888888888889
1.33333333333333
1
6
6
3
0
2.5
1
1
2
0
0
1
0
1
0
1
1
2
0
0
0
0
1
0.5
0
0
0
0
1
1
2
1
1
0
0
0
0
0
1
2
1
2
2
0
2
2
0
2
0
1
13
0.0606060606060606
4
0
2
2
1
0
1
2
0
1
2
0
0
0
0.130952380952381
1.00125
2
1
1
2
1
1
2
0
0
1
1
2
2
1
2
0
2
1.03960396039604
3
0
3
1
0.333333333333333
1
2
2
0
2
0
0
1
0
5
0
4
1
0.003003003003003
1
0
0.0232558139534884
0
1
0
0.431034482758621
3
0
2
0
0
2
0
4
1
0
0
0
2
0
0
2
0.666666666666667
1
1
0
0
0
2
0
1
0.00925925925925926
2
2
6
0
5
0
2
0.0384615384615385
0.5
0.0952380952380952
5
2
1
0.0384615384615385
1
0
1
1
2
0.125
1
0
1
1
0
2
2
0.5
0.5
1
2
1
0
2
2
0
0
1.33333333333333
1
5
1
0.5
0
0.0487804878048781
1
2
0
3
2
0
1
0
1
0
1
0
1
1
2
0
0
0.666666666666667
0
2
2
0
0.142857142857143
1
1
1
1
2
0
1
2
1
8
1
2
2
2
5
2
0
2
1
2
2
2
1
0
0
0
0
1
0
1
3
1
1
1
0
1
3
0
1
0.00292825768667643
0
0
4
1
1
1
4
0.0526315789473684
1
1
0.5
1
3
0
0
0.0256410256410256
4
2
0
0.666666666666667
1
0.333333333333333
1
2
0
0
1
4
0
0
1
5
0
2
1
1
1
0
3
1
5
1
0
0
0
2
1
1
3
0.0344827586206897
1
2
2
0
1
4
1
1
1
0
2
0
0
1
0
0
2
0
1
0
2
0
0
1
0
0
0.00809716599190283
2
1
1
1
1
3
1
0
2
2
0
1
0
1
0
1
1
1
1
1
1
1.5
1
0
2
5
1
2
4
0
0.032258064516129
1
2
7
1
1
0
0
1
2
0
0
1
0
0
6
0
2
1
2
1
2
3
1
0.0346534653465347
0
0
1
2
0
1
2
1
2
3
0
3
0.0144927536231884
0.1
1
0
0
2
1
0
1
0
1
2
2
1
0
1
2
2
1
1
3
0
2
1
1
2
0
0.0317460317460317
2
0
3
3
0
0
2
0.0333333333333333
5
2
1
1
0
0
2
4
3
2
1
1
0
0
2
0
0.0196078431372549
1
0
0
1
1
1
3
0.333333333333333
6
0
2
1
0
3
0.133333333333333
1
0.333333333333333
0.363636363636364
4.5
1
0
2
0
1
1
0
0.5
3
0
1
2
6
0.00359712230215827
1
0.666666666666667
0
3
4
1
0
0
2
0
1
0
0
2
1
0
0
1
1
1
1
0
0.5
3
4
6
2
0
0.0181818181818182
1
0.0540540540540541
2
2
2
1
1
0.169811320754717
0
2
2
1
2
1
0.00238663484486874
0
5
1
0
0
1
0
1
1
3
1
0.666666666666667
2
2
3
0.5
1
0
1
1.33333333333333
2
0
4
0
3
0
1
0
2
1
0
1
4
0
1
1
0
0
0.1
1
0
3
1
2
0
1
2
1
0
1
1
4
2
3
0
0
0.666666666666667
0
2
0.0127659574468085
1
2
2
2
0
1
1
2
6
4
0.0118577075098814
5
2
1
0
1
1
0
1
7
3
1
0
2
1.03614457831325
0
2
3
0
0
0
2
1.08333333333333
1
0.0657894736842105
2
1
0
1
1
0.0423728813559322
2
1.5
3
0
2
2
1
3
2
1
0
0.00149551345962114
0.0204081632653061
0
3
0
1
0
1.5
0
0.0810810810810811
2
0
1
2
2
2
1
1
4
2
0
0
1
1.5
0
1
0
0
0
0
1
0
0
0
3
0.0740740740740741
2
0
0.0666666666666667
1
1
2
0.5
3
0
0
2
2
1
0
0.00674157303370787
1
0
0
3
0
1
0.681818181818182
0
1
0.0714285714285714
0
0
1
0
0
2
0
1
2
1
0.00120481927710843
2
2
0
2
1
1
2
6
0
0
2
0.0120481927710843
0
0
3
2
1
0.0132450331125828
0
0.00628930817610063
0
1
0
1
4
2
0.00381679389312977
2
1
2
2
0
2
0
1
2
1
2
1
1
0.333333333333333
1
1
0
0
1
2
2
1
3
3
2
0.0215439856373429
2
0
0
0
0.181818181818182
1
1.5
0
0
0.0216216216216216
0
0
3
0
0
0
1
1
0
2
2
1
1
0.0120481927710843
0
0
0
1
1
0
1
2
0
1
0
2
1
2
10
0.194444444444444
2
0
1
0.0317460317460317
0.0294117647058824
1
0.25
0
4
0
0
0
2
1
1
0
1
0
2
1
0
0
1
0
1
0
1
1
0.00859598853868195
1
1
0
3
0
1
0
1
1.5
1
0
0
3
1
1
5
0.00110132158590308
2
1
2
1
1
0
0.0666666666666667
4
4
2
0.5
2
1
1
0
0.00253292806484296
1
1
4
4
1
1
0
2
1
1
0
0.0298507462686567
1
1
0
0
2
2
1
0.0769230769230769
1
1
0.00363901018922853
0
2
1
0
0.0138888888888889
1
0.5
0
0
1
2
3
1
0
1
1
0
0
4
2
2
2
1
3
1
2
0
0
1
0.024390243902439
1
2
3
0
1
2
1
0
0
0
1
0
0.666666666666667
1
1
2
1
2
0
1
1
0
1
0.2
2
1
0
2
1
2
2
0
1
1
2
0.0212765957446809
2
2
0
2
0
0
2
2
3
1
0
3
0
3
1
1
2
2
0.5
2
1
2
0
3
2
1
6
0
3
0
5
1
1
0
0
1
2
1
1
1
2
2
1
1
0
2
1
1
6
1
0
0
2
2
0
1
0
0
0.5
3
1
2
0
1
2
0
0
1
1
1
1
1
2
1
2
2
0
1
1
0.375
0
0
0
0
1
0.5
0.00645161290322581
0
0
1
0.5
3
1
1
1
0
0
2
1
1
1
0
4
2
0.0392156862745098
3
0
2
1
0.000595947556615018
0
0
0.5
0
1
5
1.5
1
1
1
1
2
2
0
0
0.4
2
2
0
0
0
1
0
0
3
2
0
0
3
0
2
0
3
0
3
2
0
3
1
0
0
0
1
0
2
0
0.333333333333333
0
2
1
0.5
0.5
2
0
0
3
0
6
0.0833333333333333
0.25
0
0
1
0
0
2
1
0
0.0909090909090909
1
2
1
0.4
2
0
0
2
0
0
5
1
0
2
1
0
1
1
1
1
1.5
1
0.0961538461538462
0
0
0
1
1
3
0.666666666666667
2
3
0
0
0
2
2
2
0.5
0
1
0.0132743362831858
1
0
2
0
2
2
0.00970873786407767
2
0
1.33333333333333
2
3
1
1
1
1
0
3
0
1
0
1
0
0
0.5
8
0.285714285714286
1
1
1
1
0.00689655172413793
2
2
2
1.4
0.00202839756592292
0
9
5
0.5
0
1
1
4
2
0
2
0
2
0
0
0
1
1
0
1
2
1
1
2
0
0
2
1
0
0
2
0
0
1
0
0.5
2
1
2
0.0909090909090909
3
0
0.024390243902439
2
2
0
7
1
1
0
1
3
0
1
0
2
0
1
3
0
0
0
3
1
0
1
1
1
1
1
3
0.111111111111111
3
1
1
1
1
4
1
0
2
2
1
0
0
1
0
0
0
1
2
1
0.2
1
0
1
0.142857142857143
0.0121951219512195
0
4
0
2
0
0
0
2
3
0
0
1
2
3
0
1
3
0
0
3
2
0.0144927536231884
1
1
1
2
3
0
2
2
0
2
0.666666666666667
2
3
0
0
2
0.00869565217391304
1
1
1
1
2
2
0
2
0
0
1
0
1
1
2
1
0.142857142857143
2
0
0
3
0
0
1
0
0
1
1
3
2
0
0
2
1
0
2
1
2
0
0.0714285714285714
3.5
2
0
0
2
0
1
1
0
1
0
0
3
1
0
2
0
2
0
3
0
1.33333333333333
1
1
2.4
2
1
0
1
1
1
1
0
2
1
2
5
0
0
1
0.5
0
2
2
0.00625
2
1
0
0
1
0
1
3
1
4
1
0.0819672131147541
1
1
2
7
4
2
2
2
5
0.25
1
0
0
1
1
1
1
0
0
1
0
0
0
0
2.66666666666667
0
1
1
0
0
3
2
0.5
2
0
3
2
0
1
1
0
0
1
2
0
2
0
0
0.0430622009569378
0
0
0
0.75
0
2
1
0.00122699386503067
0
1
0.0454545454545455
0.5
1
2
2
0
1
2
0
0
0
0
3
3
0
1
1
1
1
2
3
0
0
0
1
1
0
0
2
1
3
0
0
2
2
1
1
2
2
0.0701754385964912
1
1
2
1
2
0.00581395348837209
1
2
3
0
1
1
0
0
0
3
0
0
1
1.5
2
1
4
0
4
0
2
0
2
0
2
1.33333333333333
0
1
1
1
1
0
1
1
0
0
2
1
0
1
2
1
2
0
3
0
3
1
0
1
2
1
0
1
1
3.33333333333333
1
0
1
0
1
0
2
3
1
0
0
0
6
1
1
0
2
1
0.5
1
2
0
1
1
2
1
0
0
0.666666666666667
1
0
2
3
0.00775193798449612
1
3
0.00186915887850467
0.5
2
1
0
0
0.0181818181818182
0
1
2
0
0.0869565217391304
1
1
2
3
0.0169491525423729
0
0
2
2
1
1
0.0102040816326531
1
2
1
2
0
3
2
1
0
1
2
0
3
3
2
1
2
1
0
2
1
1
3
2
4
0.00493827160493827
1
0
0.0144927536231884
0.333333333333333
3
0.34375
2
1
1
3
3
1
0
0
0
0.5
6
1.5
0.2
0
0
0
2
0
1
0.0263157894736842
1
0
1
0
2
0.153846153846154
0
1
0.0708860759493671
0
1
2
7
0
1
1
2.5
1
1
2
0
0
1.5
1
1
2
3
1
0
0
0.112676056338028
1
0
2
1
0
0
0
0
2
1
0
2
4
2
0.618181818181818
0
0
2
0
0
0
1
0
2
0.00574712643678161
6
1
1
1
2
0.5
2
1
1
0
1
1
4
1
0.333333333333333
0.75
0.5
1
0.0033112582781457
0
2
2
1
1
3
1
1
1
2
0
1
0.111111111111111
1
2
0
0
1
2
2
5
4
1
2
2
1
0.0279329608938547
1
0
0.111111111111111
0
4
0
4
1
3
1
0
0
0.666666666666667
1
2
0.0088809946714032
2
0.0740740740740741
1
1
0
0
0
2
3
1
0
0
1
2
2
1
0
1
1
1
2
2
1
0
4
2
3
2
0
4
1
0.0612244897959184
5
1
0
1
0
0
0
1
0
1
2
1
0
1
2
3
1
0
1
2
0
0.5
0
1
0
0
2
1
2
0
0
2
0
1
0
1
1
1
0
0
1
1
2
5
4
4
0
3
3
3
2
2
2
1
2
1
1
1
2.25
1
1
3
2
2
0
1
0
0
0
2
0
0.25
2
0
28
1
2
2
3
0
0.5
0.00510866741709239
3
0
2
3
2
0
3
1
0
1
1
2
4
2
0
0
0
3
3
1
0.666666666666667
1
2
0
1
1
1
0.0172413793103448
2
5
1
1.6
3
4
0
0
2
0
3
0
2
0
0
1
0.00129198966408269
0.25
2
0
0.0131578947368421
3
0
0
0.571428571428571
4
1
1
0.0140845070422535
0
1
2
1.5
4
1
1
4
2
3
0
1
0
0
0
0
0
1
1
0
0.046875
0
0
0
2
1
2
3
1
0.5
0
6
0.010126582278481
0
0
2
3
0
2
0
1
2
2
2
3
0
1
2
0.5
5
1
4
3
2
1
2
0
1
2
0
0
2
0
1
2
1
1
3
0.0282608695652174
0.0740740740740741
1
2
1
1
0
2
0.0384615384615385
1
2
2
0
1
1
1
0
1
0
1
2
0.027027027027027
0
0
2
3
1
4
0
1
2
4
0
2
1
1
1
0.0714285714285714
0
3
0.571428571428571
1
0
0
0
1
0
1
0.025
2
0
3
2
0
0
0
1
2
3
2
1
0
3
0
0
1
0.333333333333333
1
0
0
8
1
0
0
1
0.666666666666667
1
2
0.0105263157894737
0.028169014084507
0
0
0
0
1
5
1
1
0
0
1.5
1
0
0.25
0.444444444444444
0
1
1
0
1
1
0
0
3
4
0
3
1
0
2
1
1
2
1
0
3
0
6
1
0.0151515151515152
0
2
2
3
1
0.00434782608695652
1
0
1
1
1
1
1
0.5
0
2
1
0
6
0.5
1
0
0
1
4
4
0
1
0
1
0
1
2
0
0
3
4
2
0
0
1
0
0.5
1
0
3
0
1
1
4
0
0
2
0
1
1
2
1
1
1
0
0
1
1
0
0.0714285714285714
1
2
2
1
2
1
2
4
4
1
3
2
1.5
1
0
1
1
1
2
0
1
0
1
1
0
2
5
2
2
0
1
1
1
2
0.5
0
0
0
2
2
1
4
1
1
1
3
1
0
1
0.111111111111111
1
0
1
0
0
1
0
1
1
0
1
1
0
0
0
2
4
0
5
1
1
2
1.5
1
1
0
1
1
1
0
0
0
2
2
5
0
0
1
2
0
2
2
1
0
0
1
1
0
0
0
0
0
0.0188679245283019
2
1
1
0
0
1
1
0
3
0
0
0
4
2
2
2
1
0
0
0
1
1
0
0
1
1
1
0
0
1
1
3
0.142857142857143
1
0
1
0.5
0.010752688172043
1
3
2
2
1
0
1
1
2
2
1
2
2
0.0714285714285714
2
1
2
2
2
0
1
0
2
1
0.00925925925925926
0
1.5
1
1
0
2
1
4
2
2
1
1
2
0
3
2
2
2
0
1
2
3
0
1
1
0
0
2
1
2
2
2
1
0.333333333333333
0.5
5
0
0.4
0.4
0
0
0.00462962962962963
1
0
0
1
2
0
2
3
3
3
0
2
1
0
0
1
0
2
0
0
1
1
1
2
0
3
0.0952380952380952
1
0
2
2
1
1
2
2
1
2
1
2
1
1.5
1
0
1
1
0
0.5
1
2
5
1
1
2
1
1
1
0
2
3
0
1
0.0344827586206897
3
1
0
1
0.0909090909090909
3
0
0
2
1
4
1
0.2
5
1
3
1
2
0
2
1
2
1
0
1
1
1
0.2
0
1.5
1
2
3
0
2
1
1
0
1
5
0
1
3
0
3
0
0.137931034482759
3
3
1
4
1
0.333333333333333
2
2
0
0
0
1
2
0
2
0.5
2
0
1
1
0
0
0
0.012987012987013
1
0
2
2
1
0.0212765957446809
2
0
1
0
2
1
0
3
1
1
1
2
0.0101010101010101
1
1
0
2
2
1
0
0.0227272727272727
1
0.333333333333333
1
0
0
2
0
0
0
0
1
2
1
2
1
0
1
0
0
2
2
1
1
3
2
2
1
0
1
1
0
0
1
2
1
0
3
0
2
2
0
2
0
1
0
0
0
2
1
2
0
1
0
0
4
1
2
0
1
3
3
1
1
1.33333333333333
0
4
1
0
0
1
0
4
1
2
0
0
0
0
2
1
2
1
1
0
2
0.0125
2
0.166666666666667
0
2
0
2
0
0
0
0.0365853658536585
0.00144822592324403
0
1
3
0.666666666666667
1
0
3
1
0
1
2
1
3
0
0
3
0
0
0.5
1.33333333333333
0
0
4
1
3
2
1
1
2
0
2
0
0.00952380952380952
3
0
3
0
1
0
3
1
3
1
0
4
0
0
1
1
2
0
0
1
1
0
0
1
1
1
1
0
1
1
2
2
2
1
2
5
0
0
0
2
3
5
0.5
0.025
0.0111111111111111
1
2
2
1
0.027027027027027
3
0
1
0
1
3
0
0.0160857908847185
0.5
2
1
7
1
1
0
1
1
0
1
2
0
0.333333333333333
3
0
0
0.025
0
0.5
2
0
0
3
0
0.2
3
2
1
1
2
1
1
4
0
1
0
0
1
1
1
0.0172413793103448
1
1
1
1
1
0
0
1
0.0434782608695652
1
0
2
2
2
2
2
2
2
6
2
0
2.5
3
1
0
1
4
0
1
3
3
2
2
0
1
2
0.0172413793103448
3
0
0
0.666666666666667
3
1
1
0.0882352941176471
1
0
0.5
2
1
0
1
1
4
2
0.5
0.6
1
0
2
1
1
1
0.0714285714285714
1
0
2
4
0
2
2
2
1
0
0
2
2
0
0
2
2
0
0
2
3
0
0
0
0
1
0
1
2
1
1
1
2
0
0
1
0
1
2
1
1
4
1
3
2
1
0
2
2
0
3
2
5
1
0
0
1
1
2
0
1
2
0
0
1
3
1
2
0.0238095238095238
1
6
2
1
0
0
1
1
3
2
2
2.10526315789474
1
1
3
3
0
1
2
0
0
3
2
1
0.00485436893203883
1
0
7
0
0
1
2
0
0.000748502994011976
1
1
1
0
3
1
3
2
3
0
1
0
2
0
1
0
1
1.5
0
4
7
1
0.000356633380884451
0
0
2
0
1
0
2
1
4
2
0
1
1
0
3
2
1
2
2
0
0
0
0
2
1
1
1
0
0.00062266500622665
0
0
1
1
0.0227272727272727
0
0
2
0.2
0
0
0
0.0588235294117647
2
1
0
1
0
2
1
0
0.166666666666667
3
1
0
1
0
0.166666666666667
2
1
2
0
1
0
8
2
0
2
2
0.25
6
2
1
1
1
3
3
0.1
4
0
4
1
2
2
0.0588235294117647
0
2
3
0
0
0
0
0
0
1
1
1
1
3
2
2
1
2
1
0
0
0
2
0
0
0.5
0
2
1
0
1
0
1.71428571428571
2
1
1
0
1
1
0
2
1
1
2
2
0
1
1
1
0
0
1
0.00813008130081301
0
1
1
1
0.125
3
0
2
1.1
2
0.0602409638554217
1
0
1
1
0
0.3
0
1
3
1
1
2
2
5
0
4
0.2
1
1
1
2
3
3
2
0
0.00434782608695652
1
1
0.00234741784037559
0
1
3
1
0
3
2
3
2
1
0
1
0
1
2
1
0
1
4
0
1
3
0
1
0.0104166666666667
1
1.02197802197802
0
3
1
1
0
0
0.0285714285714286
1
1
3
1
0
1
2
1
0.133333333333333
1
0
0
0
2
0
1
0
2
0
1
1
0
1
0.0425531914893617
3
1
1
0
0
1
2
2
4
0
1
2
1
1
0
0.5
0
1
2
0.5
1
0.0531914893617021
0
1
0
0
1
0.5
0
1
1
2
0
1
0.333333333333333
0
0
3
0.285714285714286
1
1
0
2
5
1
1.5
3
1
0.00306748466257669
0
1
1
2
3
2
0
0.037037037037037
2
0
0
0.0166666666666667
0.03125
2
0
2
0
0
0
0
1
0
2
0
0
3
0.166666666666667
0.0238095238095238
2
1
1
1
4
2
1
0
3
1
1
1
0.5
3
1
1
0
6
1
0
1
0
1
0
1
1
2
1
1
2
0
1
4
2
0
1
0
0.125
2
3
1
6
3.66666666666667
2
0
1
1
1
2
0
0
0
0
1
0
0.000773275595422209
0.2
1
0
0
0.0147058823529412
3
4
1
0
1.06666666666667
0
6
2
0
1
1
0.555555555555556
0
0
0.0833333333333333
1
2
0
2
2
1
0
3
1
1
1
0
1.33333333333333
0.0344827586206897
2
1
0
0
1
3
1
0
0
3
2
2
2
1
0.5
1
1
0
3
1
3
2
2
1
0
0
0
3
0
0
0
0
0
1
0
2
13
0.142857142857143
3
3
2
0
1
2
1
1
1
0
0
3
1
1
0
0.5
1
0.027027027027027
0
1
0.0434782608695652
1
1
1
3
1
2
4
0.0826446280991736
1
2
2
1
1
0
0
0
0.0075187969924812
1
1
0
0.0769230769230769
3
1
1
0
0
0
0
0
3
2
0.0277777777777778
2
0
1
0
0.181818181818182
2
0
1
0
0
0.214285714285714
3
1
1
2
2
0
0
4
0
0
0
0
4
2
1
0
0.0625
0
1
3
0
0
1
4
1
0.5
0
2
0
0
0.1
2
1.5
1
0
3
0
1
1
1
3
0
3
0
4
0
0
1
3
4
0
1
1
1
3
2
1
2
2
1
1
0
1
1
0
2
1
0
2
1
0
0.0454545454545455
0.0136986301369863
0
7
0
0
0
2
0
2
0.0833333333333333
4
0
0
2
3
0.00159489633173844
0
1
0
0
0
0
0
0.00819672131147541
3
1
0.0120967741935484
2
1
0
16
2
0
0
0.0208333333333333
2
1
1.5
3
0
2
0
2
0
0.0232558139534884
1
0
0
0
3
3
0
2
0
1
0
1
3
0
0
1
3
1
3
2
0
1
1
0
1
0
2
1
0
2
1
2
0
0
3
0
0
0
2
1
8
2
0
6
2
2
1
0
1
0
0
12
0
1
1
1
0
2
0
0
3
2
4
2
2
2
2
1
4
2
0
0
0
1
1
1
1
1
0
2
1
0
0
1
0
0
0.0020703933747412
0.5
1
2
0
1
0
2
3
2
1
1.25
0.5
1
1
1
2
2
2
3
0.0625
0
1
1
1
1
2
0
4
1
0
3
3
2
0.0641025641025641
3
0
2
0.101449275362319
2
0.0526315789473684
0
0
4
3
1
0
2
2
6
1
1
2
0.0810810810810811
0
0
1
2
0
2
1
0.0105633802816901
1
0
1
1
1
1
1
0.0135135135135135
0
0
0.00813008130081301
0
0
2
0
1
0
0
1
1
0
1.5
2
1
0.0263157894736842
0.5
1
0.142857142857143
1
0
2
0
1
0
0
0.333333333333333
0
1
7
1
1.5
0
2
1
2
2
2
1
3
0
0
0
1
0.0191489361702128
1
2
2
0
3
1
0.0212765957446809
1
0
0
1.25
0
0.964285714285714
0
0
1
0.0869565217391304
0
5
4
4
0
1
0
3
2
1
0
2
0.0714285714285714
3
0
0
0
1
9
3
0
0
0
0
0
5
0
1
0
0
0
0
0
3
4
2
0
2
0.1
2
0
1
0
1
1
1
1
0.333333333333333
0.0540540540540541
0
1
0.00980392156862745
0
0
1
5
0
0.266666666666667
1.5
2
0
0
1
0
2
1
0.285714285714286
2
5
0
1
1
3
2
0
1
3
1.33333333333333
2
1
3
0
0
2
1
0
1
1.5
1
1
0
1
0
0
1
4
0
3
3
1
3
1
0.0714285714285714
0
0.00114129194247889
2
0
2
1
1
1
1
1
2
0
2
1
0
1
0
2
2
1
1
0
7
2
3
0.5
1
3
0.285714285714286
2
1
0.5
2
0.00564971751412429
2
1
0
1
4
2
0
0
0.032258064516129
1
2
2
0
3
1
1
0
0.0666666666666667
3
1
0
2
3
1
0.25
3
1
0
1
1
1
0.166666666666667
0
3
0
0
1
0
4
0.2
0
5
2
2
0
0
2
3
1
1
1
0
0.0113636363636364
1
1
2
1
3
3
2
2
0.0173913043478261
2
2
3
1
0
0
2
2
1
0.000450856627592426
0.1
1
1
1
1
0
0
1
0
2
2
1
0
2
3
1
0.333333333333333
1
2
1
0
1
2
1
2
0
0
1
0
1
0
1
0.209302325581395
5
2
1
1
1
1
1
0
2
1
0
2
1
6
0
1
0
2
1
1
2
4
1
1
0
2
0
4
3
2
1
1
0
1
0
6
0
0
1
3
4
0
0
1
1
1
1
3
1
0.0606060606060606
0
0.333333333333333
2
1
0
0
1
0.125
2
1
0
0
1
1
2
0
0
0.0304295942720764
1
0.0136986301369863
0.04
3
0
0
3
2
3
0
1
0.0625
0.333333333333333
0.0303030303030303
0
1
0.0769230769230769
3
1
0
0.5
0.0714285714285714
1
2
0
1
0
0
1
2
1
1
3
2
1
1
0
1
1
2
2
1
1
3
4
2
2
1
0
0
1
0
0
1
5
0
0
2
0
0
4
1
4
0
3
0
0.00632911392405063
1
1
3
1
2
4
1.5
2
2
0
1
1
0
0
0
2
0.2
1
1
6
7
0
0
2
0
0.000564971751412429
0.0303030303030303
2
0
1
0
0.0012987012987013
1
0
1
0
0
0
0
0
0
2
1
2
0
1
0.107142857142857
3
5
3
2
1
1
0.0307692307692308
2
0.0666666666666667
1
1
3
0
1
0
1
7
0
3
0
0
2
0.00359712230215827
0.0263157894736842
0
1
1
3
1
1
4
0.0175438596491228
3
2
3
0.136363636363636
0
0.00641025641025641
2
2
0
4
4
1
3
2
3
1
0
1
1
0
2
0
2
0
0
0
2
0
1
2
2
0
1
1
1
3
0
0
0.0392156862745098
3
1
2
1
0
0.00715990453460621
0
0
1
1
1
2
0
0.428571428571429
1
0
3
1
2
0.0169491525423729
1
0
3
0.5
0
1
0
0
1
2
3
1
2
0
1
1
2
0
0
2
2
1
0
1
2
0.2
0
1
2
1
0.00961538461538462
2
1
1
0
0
0
2
0
0
0
1
0
3
0
1
0
0
0
1
0
1
3
3
0
1
1.66666666666667
2
0
0
2
2
0
1
0
0.222222222222222
3
3
1
4
3
0
2
3
0
3
1.18348623853211
1
1
1
1.2
0.130081300813008
0.032258064516129
0
3
0
2
3.33333333333333
0
0
1
4
0
0
1
0
2
0.5
3
0
1
0
1
0
4
2
3.09090909090909
1
2
0
0
3
0
0
1
0.4
0.5
1
2
0.181818181818182
3
0.296296296296296
0.25
0
0
0.466666666666667
0
0
0
0
0.5
1
0.144859813084112
3
0
0.13903743315508
0
3
3
4
3
3
0.032258064516129
3
1
0.0714285714285714
0
0.19327731092437
0.03125
0
0.5
1
0
1
1
3
1
0
0
1
0
1
0
0
0
3
0
3
1
3
3
1
3
3
0
1
2
8
0
0.0909090909090909
0.124542124542125
2
0
0
0.0689655172413793
0
1
0.5
2
0.137931034482759
0.165714285714286
2
1
0.2
0.217391304347826
3
3
3
1.25
3
2
1
1
1
1
3
1
2
0
4
1.11818181818182
0.108695652173913
1
1
3
0
0
1
3
0
1
3
3
4
3
3
0
0.5
0
1.06666666666667
0.132352941176471
3
1
2
0
3
2
0
0.157303370786517
0.0283687943262411
3
0
2
3
2
3
3
2
1
0.888888888888889
1
0
0
3
4
0
0.25
3
0.0480769230769231
0.25
2
3
2
2
0
0
0
1
3
0.52
3
3
3
0
3
1
1
3
1
0
0.242424242424242
1
0
1
1
3
1
1
1
0
0
3
1
1
3
1
0.177777777777778
3
3
2
3
3
1
0
0
2
1
0
3
2
1
1
3
3
1
0.823529411764706
0
0
3
3
3
1
3
1
1
1
0.076271186440678
4
1
2
0.188679245283019
0
0
1
0
1
3
0
0
0
0.291666666666667
2
1
0.25
0
0
2
2
0.0606060606060606
0
0.333333333333333
0
0
1
0.0228136882129278
2
1
3
4
1
1
2
0.25
4
3
2
2
1
0
1
0
2
0
0
5
0.264705882352941
3
0
0.136363636363636
0
0
1
0
0
3
1
0.206896551724138
1
0
1
3
0.5
3
1
1
2
0
0
3
1
1
0.8
0
3
3
1
4
1
3
0.00119000396667989
2
1.17088607594937
0.160671462829736
0
4
3
1
1
0
1
0.141304347826087
2
3
0.227272727272727
1
0
3
0
5
3
1
0.666666666666667
0
3
1
3
0.166666666666667
2
0
1
1
1
0
1
0
0
3
0
0
0
1
0
0
0
3
0
0
0
1
1
5
1.42857142857143
3
0
6
1
1
1
1.02083333333333
2
4
3
0
0
0
0
2
0
0
0
0
0
1
0.0303030303030303
1
1
0
0
0
0
0
2
2
1
0
1
2.2
0
0
1
0
1
0
3
2
0
0
2
1
2
0.666666666666667
1
0
1
1
0
0
0
3
0
0
0
3
1
0
0
2
0
0
1
0
3.12
0
2
4
1
0
0
0
6
3
0
1
0
0
0
0.75
2
1
0
0
1
0
1
2
0
1
0.235294117647059
0
1
2
1
1
2
0
0.333333333333333
2
0
1
3
3
0
0
0
1
2
0
2
0
2
2
0
1
0
0
1
0
2
1
1
1
0
1
0.25
0
0
1
0.128712871287129
0
0
2
2
2
1
1
2
4
1
0
0
0
0
0
1
1
1
0
0.5
0
0
0
1
0
0
0
1
2
0
1
0
1
0
0
0
0
0
1
0
0
1
1
1.5
1
1
8
0
0
0
1
1
2
1
0
0
0
0
1
0.0909090909090909
0.0425531914893617
1
0
0
1
1
0
0
1
1
0
0
0
1
0
0
3
0
1
0
0
3
1
0
1
1
1
1
2
1
1
1
1
0
0
1
0
0
2
4
0
1
4
4
0
2
0
2
1
0
0.5
0
0.0099009900990099
0
1
0
3
1
0
1
2
2
2
4
0
0
1
3
1
0.5
1
2
0
0
0
0
0
1
2
1
0
1
2
1
0.166666666666667
1
0
0
2
1
2
0
0
2
1
1
0
1
2
2
0
1
0
2
1
1
1
1
0
1
0
0.333333333333333
2
1
0
3
0
0
2
0
1
3
0.5
2
1
0
0
2
0
0
2
0
2
1
0
0.0294117647058824
2
1
2
1
0
1
1
1
0
1
0
0
0
0.5
2
1
0
1
1
0
1
1
2
0
0
1
0
0
1
0
0
0
0
0
2
1
2
2
0
1
0.5
0
1
1
1
2
0
0
2
0
0
1
0
1
0.75
0.75
2
0
0
2
0
0
4
2
0
0
0
0
1
1
4
0
0
3
0
2
0.5
0.00198412698412698
0
0
2
0
0
0.5
1
0
2
3
1
0
1
0
2
0.0955882352941176
0
1
1
0
1
0
0
1
2
1
3
0
0
0
0
2
2
0
2
2
1
2
4
5
0
1
1
1
0
0
0
3
3
3
2
2
0
1
2
2
2
2
1
0
1
1
2
2
0
0
2
0
1
2
2
1
2
4
0
1
1
1
3
1
0
2
2
0
0
1
0
1
0.25
0
1
1
1
1
0
4
0
2
2
1
0
0.4
3
1
0
1
0
2
0
2
2
4
1
0.0128205128205128
0
1
1
2
0
2
0
0
2
0
1
0
2
0
1
0
2
0
1
2
0
0
2
0
3
1
0
0
1.5
0
1
0
0
0
0
6
0.5
3
0
1
1
1
0
1
1
1
3
1
1
1
3
0
0
2
1
2
0
3
1
0
1
0
1
0
0
0
0
0
2
1
0.181818181818182
0
0
5
2
2
0
0
0
0
1
0
0
2
0
2
0
0
4
0
0.5
3
0
1
2
3
0.5
0
1
3
0
0
2
0
1
1
0
4
1.1
0
0
0
0
1
0
1
1
9
2
1
1
0
1
3
2
0
1
2
2
0
1
0
3
1
2
0
2
1
0
0
0
0
2
1
2
1
2
0
1
0
0.0740740740740741
1
1
0
1
2
2
0
2
1
0
2
3
0
1
1
2
1
0
1
1
1
0
1
1
1
0.0287769784172662
0
3
1
0
2
1
1
1
1
1.44444444444444
1
1
1
0
1
1
1
0.00318471337579618
2
0
1
1
1
1
2.5
2
0
0
1
1
0.00568181818181818
1
5
1
1
3
1
1
0
0
1
1
2
0
2
0
2
0
4
1
0
1
1
1
3
1
2
0
0
1
4
3
0
0
0
1
2
1
2
1
0
0
1
0
1
1
1
1
1
1
0
1
1
1
0
3
1
1.5
0
1
3
0
0.166666666666667
1
6
1
1
6
0
4
0
0
2
1
5
0
2
2
2
2
0.00763358778625954
2
1
1.5
3
0
1
2
0
0
0
1
0
3
1
2
0
2
1
1
0
2
0
2
0
1
0
0
0
1
3
0
1
3
2
1
0.5
0
1
2
1
0
0
1
3
5
1
1
1
1
0
2
0
0
0
0
3
1
1
2
2
2
1
2
0
0
2
0
1
0
2
1
2
1
1
0
1
2
1
0
0
0
2
0.5
1
0
2
2
2
0.5
0
2
0
0.333333333333333
1.57142857142857
2
2
0
1
2
1
0
3
2
0
0
4
1
0
1
1
2
1
3
0
1
1
0
0
4
1
1
0
1
4
1
0
0
2
1
0
0
8
1
2
2
1
2
2
0
0
2
0
0
4
2
0
1
1
1
4
1
0
1
6
3
1
3
0.666666666666667
0
1
1
1
0
2
7
0
0
2
1
1
2
0.1
0
1
2
3
1
0
2
2
0
1
1
1
0
0
2
0
1
2
0.125
0
2
4
2
1
1
3
1
2
1
5
1
0
2
0
1
0
0
1
1
2
0
2
1
4
1
0.0228013029315961
0
2
5
5
1
3
2
1
0
1
0
0
2
4
0
2
0
1
3
1
1
4
0
2
0.333333333333333
2
0
0
0
0
0
0.25
0
0
0
0
1
2
1
2
0
1
0
1
0
0
2
1
2
1
0
4
2
3
2
0
0
0
3
0
1
2
3
2
1
0
0
0
2
0
2
4
0
0.5
1
1
0
0
2
0
1
3
5
1
2
1.33333333333333
2
2
1
0
3
2
0
0
1
1
5
3
1
2
2
1
0
0
0
0
1
3
8
1
0
1
2
0
0
2
0
0.00489396411092985
0
1
2
0
6
3
1
1
0.0980392156862745
2
2
3
2
0
2
0
1
5
1
0
2
0
1
2
2
0
0
0.5
1
0.0645161290322581
0
0
1
0
0
0
0
1
2
2
0
0
2
1
0
2
0
4
0.00234741784037559
1
1
1
0
0.338235294117647
2
1
0
2
0
0
1
3
1
1
1
1
4
5.5
1
0
0
1
4
0
3
1
0
2
0
1
0
1
0
0
1.5
1
2
1
0
0
0
3
1
1
0
1
0
3
3
0
0
0
0
0
0
5
0
2
4
0
2
1
4
2
0
0.153846153846154
1
1
1
1
0
1.75
0.0144927536231884
2
1
0
1
1
1
1
1
1
2
1
1
1
1
2
1
0
2
4
1
0.5
0
0
1
0
0
4
0
0
2
0
1
0
0
0
1
0
0
3
1
0
1
2
0
1
0
0
5
2
1
1
1
2
3
0
0
3
0
3
1
0
0.00961538461538462
0
0
1
0
3
1
0
0
0.666666666666667
1
0
1
3
1
2
1
0
1.5
1
2
0
1
1
1
4
1
0
2
0
0
0
5
0
1
1
0
2
0
1
0
1
2
0
3
1
1
1
1
2
2
1
0
0
0
3
1
3
2
0
3
1
0
0
0
0
2
0
1
1
1
0
1
0
3.33333333333333
1
0
2
1
0
0.5
1
2
1
0
0
0
2
1
0
2
4
4
1
1
0
1
1
0.5
2
1
0
1
0
2
1
0
1
1
3
1
2
1
0
0
1
1
1
2
0
1
1
2
1
1
1
5
3
1
0
0
0
0
1
0
1
2
4.71428571428571
3
0
1
0
2
3
2
0
2
0
1
3
1
2
0
0
2
3
3
0
0
0
2
0
1
2
0
2
1
0.0790960451977401
0
1
0
1
0
5
1
1
1
0
0.333333333333333
3
0.2
1
0.171428571428571
0
1
2
0
0
0.0248756218905473
0.142857142857143
2
2
2
3
0
0
0
0.25
1
3
1
1
1
0
0
1
1
3
0
2
1
0
0.2
1
0
2
0.5
2
0
0
1
1
0
0
1
0
0
2
0
1
0.333333333333333
2
3.33333333333333
0
0
0
0
0
0
3
0
0
3
3
1
1
2
1
1
0
1
0
0
2
1
0.2
1
1
3
3
0
2
0.5
1
0
0
1
1
1.33333333333333
0
1
2
0
1
2
1
1
1
0
1
3
1
0
2
0
1
1
7
1
0
1
0
5
0
0
1
0.5
0
0.5
1
1
0
0
1
1
0
2
4
0
1
1
0
0
2
2
2
0.5
0
1
0
3
0
1
0
0
1
1
1
1
2
1
0
0
0
1
3
0
0
0
0
3
0
0
2
0
1
1.5
4
1
0
2
0
0
2
2
6
3
3
0
2
1
1
0
4.5
1
2
1
0.5
3
2
1
2
0
1
0
1
0
0
3
0
0
1
3
0
2
4
1
0.333333333333333
1
0
2
1
0
1
2
1
2
1
1
0
1
0
1
4
2
0
2.5
3
0
0
0
0
0
2
2
0
1
0
0
0
2
0.5
1
0
0
0
4
0
1
2
3
2
0
0
1.5
2
1
0
0.02
1
3
0
1
0
2
1
0
1
5
1
1
3
3
0
1
0.00457875457875458
0
0
1
2
1
5
0
1
0
0
1
1
1
1
0
1
1
4
0
0.125
1
0
2
0
0
0
0
0
2
1
1
1
0
0
0
1
0
0
3
1
0
0
0
1
1
1
2
0
0
2
0
0
2
3
3
1
1
2
0
1
1
1
2
1
3
2
1
0
1.5
2
5
0
1
1
1
2
1
1
4
0
2
0
1
1
0
1
1
1
0
0
3
2
4
2
1
0
1
1
2
2
0.5
3
1
2
0.00884955752212389
0.5
1
1
1.5
1
0
1
1
1.5
0
3
2
5
2
10
0
0
1
4
3
2
2
1
0
1
0
1
0
4
2
0
0
4
2
1
2
2
3
0
2
2
1
1
2
0
1
1
0.142857142857143
0
0
1
1
2
0.0232558139534884
2
1.5
0
8
1
0
0
0.5
1
0
2
1
2
0
0.333333333333333
0
1
1
1
2
0.2
0
0.0384615384615385
1
1
0
1
0
0
1
2
1
1
1
1
1
0
1
2
1
2
0
0
1
1
1
0.5
2
6
0
1
0
1
2
1
1
0
0
2
2
2
0.111111111111111
0
1
0
3
0
1
2
0
1
0
1
1
0.0212765957446809
1
1
5
0.0952380952380952
0
2
0
1
1
0
3
2
1
1
0.0526315789473684
1
0
0
0
1
2
1
0
1
4
2
0.12
1
0
0
1
2
4
0
3
0
0
1
0
0
0
0
0
1
0
1
2
1
0
0
0
2
0
0
1
0
2
0.0769230769230769
2
1
1
0.166666666666667
1
0
0
1
0
1
3
0
1
1
1
1
0
0
0
1
1
1
0
2
2
2
0
1
0
2
0
1
2
2
0
0
1
0
0.1
1
3
1
4
2
1
1
1
1
0
0
0
2
4
3
3
6
0
1
1
12
4
1
0
0.0298507462686567
3
2
1
2
1
0
0
0
1
1
0
0
1
4
0
2
1
1
2
2
1
0
2
0
0
1
1
1
0
2
2
1
0
0
0
1
0
2
1
1
0.5
2
1
0
0
1
2
1
1
2
1
0
1
3
3
2
1
0
0
1
5
0
1
0
1
2
0
0
2
0
0
0
0.0434782608695652
2
1
1
2
2
1
0
0
0
2
1
2
0
1
0
0.333333333333333
1
1
2
0
1
0
2
1
0
1
1
2
1
3
0
1
2
0
0
2
1
1
1
0
0
2
0
2
0
0
1
1
0.333333333333333
0
2
2
2
2
4
1
0
0
0.333333333333333
1
0.75
0
0
2
1
1
0
1
0
1
1
2
4
1
2
0
0
2.5
0
4
2
0
1
0
2
0
1
1
1
1
0
2
3
0
3
7
3
2
0
0
2
0.05
0
1
0
1
0
1
0
1
0.2
0
1
7
0
1
1
4
3
2
0
2
0
1
0.0384615384615385
2
1
3
2
0.4
0
0.0078740157480315
0
1
1
1
0
0
0
0
0
0.00144927536231884
2
0
4
5.5
1
2
2
0
0
2
12
0
1
2
1
3
0
1
1
1
0
1
4
1
3
2
0
2
1
4
0
3
0
0
0
2
1
0
3
2
0
0
1
2
0
0
0
2
2
4
4
1
0
1
0
1
2
2
0
2
3
3
0
2
0
0
1
0
1
2
0
0
0.0647887323943662
2
1
1
2
0
1
3
1
1
0
2
2
2
3
1
2
0
2
1
0
0
0.0555555555555556
1
0
2
10
1
1
0.166666666666667
1
1
2
1
1
0
2
4
0
0
1
2
6
1
1
1.5
0
2
0.0217391304347826
3
2
0
3
1
0
1
2
0
9
0.0625
1
0
0
0
0
1
1
1
1
1
1
7
0
1
1
1
0
0.0078125
0
1
0
0.5
1
2
3
0
2
0.333333333333333
1
1
1
1
0
1
0.5
1
0
0
1
1
1
3
1
2
1
1
0
0
0
2
1
0.75
1
0
1
1
1
2
2
0
1
2
1
2
1
1
1
0
2
0
0
0.5
1
1
2
0.5
0
0
1
0
2
4
2
1
2
0
0
1
1
1
0
1
7
0
1
2
0
0
1
0
1
1
0
1
0
1.25
1
1
2
0.8
0
0.0234375
0
2
3
1
2
2
1
0
2
2
0.529411764705882
2
1
1
2
0
2
2
2
2
2
2
0.25
2
2
2
1
1
2
1
3
1
1
1
1
1
0
6
3
2
2
2
1.5
2
2
4
1
2
1
1
0
1
0
0
6
0
2
1
4
1
1.5
1
1
2
0.277777777777778
0.126126126126126
0.2
0.0769230769230769
2
2
1
0.125
4
1
0
0
0
0
0
1
1
1
3
3
2
3
2
1
1
0
0
1
2
2
1
0.5
0
5
3
0
2
2
2
2
1
1
1
6
0.666666666666667
1
1
6
1
2
0
2
2
2
1
4
3
2
1
4
2
2
5
3
4
1
1
2
3
2
2
0
1.5
3
1
0
2
1
1
1
1
0
1
1
3
1
1
0.03125
2
0
2
1.5
2
3
1
0.5
0
0.181818181818182
2
1
1
7
1
0.5
2
4
3
5
0
1.5
6
1.0625
2
1
0.333333333333333
1
0
1
3.5
2
10
9
9
2
0
2
2
0
15
0
0
2
0
2
1
2
1
1
0
1
1
0
2
1
3
3
2
1
3
0
2
0
3
2
0.5
1
0
3
1
3
1
2
3
0
1
1
0
1
3
1
2
1.5
0
0.020746887966805
3
3
1
0
1
1
1
2
2
0
3
0
0
2
2.5
0
0.333333333333333
1
1.5
0
2
0
3
1
1
1
0
2.5
2
0
2
2.77777777777778
2
1
1
0
1
0
1
1
8
0
2
1
2
8
0.666666666666667
1
2
1
1
0
1
0
0.285714285714286
3
0.137931034482759
1
0
0
0
0
1
2
0.333333333333333
0
1
1
0.0291970802919708
1
0
0
0
1
0
2
1
0.166666666666667
2
3
1
0
2
2
1
0
0.00218818380743982
1
0
0
0.458333333333333
3
1
3
0.285714285714286
0
0.0909090909090909
1
0.8
2.66666666666667
0
4
1
1
0
0
1
1
2
2
0.277777777777778
2
1
0
0
0
1
1
1
1
1
2
1
2
0
0.5
1
6
1
1.33333333333333
2
2
0
0
0
4
1
1
2
0.0909090909090909
4
0
2
0
0
2
0
3
1
2
0.0650887573964497
1
2
4
2
1
2
0
4
1
2
2
2
4
2
0
0
2
1
2
4
2
2
2
2
0.8
2
2
1
0
0
0
0
1
1
1
0
2
1
1
0
0
0
0
0
2
0
0
1
1
