0
1769
2016
0
1828.73684210526
0
1746.51515151515
1821.12857142857
1727.47619047619
747
1927.53846153846
2053
2001.66666666667
0
1858.27272727273
2238
1470.5
0
1203.5
1424.5
1854.5
1538
2146.54545454545
1635.09523809524
2993
2009
1960.76470588235
2024.22222222222
1991.33333333333
1652.11764705882
710
2271.69565217391
1874
0
1785.85714285714
1616.5625
969.5
1592.5
0
1945
2013.14285714286
0
1423.33333333333
1693.30769230769
0
1885.66037735849
0
2379.5
1818.9375
1512
1649
1649.73333333333
0
1906
1086.66666666667
2134
1549.83333333333
1813.1625
1906
1924.11956521739
1506.44444444444
2453
1683.75409836066
1604.875
1646.6
1561.26666666667
1421.85714285714
1205
2031
1769.78571428571
1845
2192.425
0
1517.2
1158.125
2642.5
988
1694.33333333333
2191
1040
0
1484
884
1614.3
1505
1283.6
0
1503.9609929078
1809.53846153846
2052.14285714286
0
2127.73684210526
1137
0
990
0
1714
1167
2429
0
2847
1881.30769230769
2084
724.5
0
2042.46428571429
1948.75
2259.25
2145.5
1945
1546.25
1650.63106796116
1479
2440
1658.33333333333
2104.2
2130.5
2506
0
2171
1896.95555555556
1445.2
1292
2725.33333333333
0
2105.19230769231
1565.33333333333
999.333333333333
1401
2001.31578947368
0
1038
2703
0
970
1293
0
2499
1450.875
1215
1534.4
1538.05555555556
0
0
2065.28571428571
2046.33333333333
2923
1875.42857142857
1299.5
1364
0
1327
2050.27777777778
1622.5
1462.5
1576.9
2505
1027
1649.29411764706
0
2253
1374.16666666667
903
2403
1677
2771
2672.5
2235
1198
2645
0
1594
2485
3013
0
1995
2229.2
2016.85714285714
0
0
1844.82352941176
2165
1613.25
2407
2551.41333333333
1632.7
2179.28571428571
2017.55555555556
1896
2475.5
1905.33333333333
0
1878.76923076923
2001.33333333333
1899.55555555556
2261.27272727273
2728.5
1150.71428571429
1559.75
1568.27272727273
2727.4
1742.5
1497
2188.16666666667
1853.81034482759
1853
1743.28571428571
1798
2317.28571428571
1845
1381
2036.23076923077
0
0
1844.75
0
2959
1676
1914.11428571429
0
1034
1240.5
1697
0
0
1604
1919.53333333333
2701
2391
1899.8
1102
1780
1950
955
2158
1074.5
2229.66666666667
0
1960
2000.65454545455
0
0
0
1515.16666666667
1001
1733.95744680851
2040
0
2168.02702702703
2130.5
2724.5
0
1795.20689655172
1417.04545454545
1411.77777777778
1065.25
1720.5
1280
1436
2645.5
2020
2334.25
0
0
953
978
1833.07407407407
2744
1430.13333333333
0
0
1676
2173
1540
1185
1881.22222222222
818
0
1220
1800.18918918919
679.5
3010
0
1674
813
0
3015
2401.28571428571
1681.09090909091
1856.28571428571
1213
2253
1841.9
1331.2
1387.2
1568.5
974
0
1436.54545454545
1065
1934.04761904762
2084
1390.25
1830
2025.53846153846
0
2567
0
1877
1438.66666666667
0
0
2259.5
884
1561.63636363636
1976.5303030303
2155
1661.75
1636.66666666667
1955
1195
1954
1541
0
1639.625
0
1596
1976
628
1976.33333333333
2349.38461538462
2071.75
2652
1292
2634
0
0
2703
1427.71428571429
2251
2231.5
1313
2703
2166.66666666667
0
0
0
0
1602.5
1396
929
1176.7
2274.5
2315.1
1650
1341.5
2172.85714285714
2374.6
0
1743.04166666667
2010.57142857143
1640.36666666667
1643
1600.6
1471.23076923077
1392
1997
1399.2
0
1701.23076923077
1654
2165
1787
1825
1804.62820512821
1609
1804.69642857143
1931
1531.6186440678
2084
1835.98657718121
2287
0
1861.8
1319.5
1441.66666666667
1051.6
0
0
1305.33333333333
0
3266
2131
2332.83333333333
1718.16666666667
0
0
1979.48484848485
1667.35294117647
2642
2033
2218
2050.90909090909
1614.25
1658.23529411765
2434
2128.5
2357
1159.33333333333
1709
1364
2173.17391304348
1339
918
2004
1471.5
2185.22222222222
1229
0
1840
2618
1638.18181818182
2232
1270.42857142857
1852.68666666667
3015
1519.6
1440.7
0
1867.61111111111
1883
2249.5
1665.88888888889
1184.66666666667
1932.08695652174
1538
0
977
914
2293
1798.66666666667
1656.75
798
872
0
1911.5
1946
1080
0
2342.8
1710.82673267327
818
1093
1876.9375
1004
2059
1580
1644
1768
2121
1011
0
2440
2195
1185
1298.2
997.5
1589
0
1576.33333333333
1565
0
0
1803.66666666667
2476
1586.5
1831.2
1469.88235294118
1022
1617.94736842105
1017
2092.54545454545
2122.625
1487.5
3015
1697
2431
0
0
0
2980
1962.81818181818
2063
2247.5
1945.75
2051.42857142857
1790.54545454545
0
3130
2495
0
1844.91666666667
0
2453
2219.6625
966
2567
1931.875
1380
0
2919
1424.66666666667
1633.5
1476
926
0
0
2591
0
1588
1965.22222222222
1723
0
1964.42857142857
2094.33333333333
1438.5
1213
1800.20202020202
0
2875
0
1979.3488372093
1716.2
0
1391.5
1300
1855.89473684211
1746.795221843
1524.5
1740
0
0
2290
0
2169.60606060606
2698
2002.16666666667
1545
0
1392
1360
2094.5
1021
1872.75
963
1922.5
2723.4
2538
1382
0
0
1445.66666666667
1911.33333333333
1619
771
2137.5
1162.2
0
2062
1413.6
0
2671
1858
0
0
1972.4375
1641.71428571429
1404
1442.33333333333
1347.2
0
1365
1872
0
1963
1967.33333333333
0
0
0
0
1888.87755102041
1505
2059.83333333333
0
1342.5
1909.66666666667
0
2492.93243243243
0
1507.75
2597.25
1095.5
1852
1502
1423.5
2959.5
1891.84431137725
1897
0
1439
0
1222
1790.75
2016.88235294118
1514.14285714286
0
1950
2103.57142857143
1686.8
0
0
2233
984.25
0
1702.65217391304
2679
1379.5
0
2488.5
2039
3005
1032
1448
2122.0625
1713
1449.5
1860
2074
631
2118
1390.5
2110.42553191489
2808
1766.58333333333
1467.79310344828
703
0
961
0
0
0
2727
1143
2064
2085.5
0
0
2058
2186
2778
0
0
2183.66666666667
2626
2417
0
2316
0
0
2014.11111111111
0
1748.57142857143
1967
2058
2406
0
0
2131.84615384615
2016.25
1999.5
2066.13333333333
1754
1970.66666666667
1763.94736842105
2837
1612.1
0
2069
2432.125
2539
2213.33333333333
1182
375
1861
1919
0
2014.23529411765
1521.86666666667
2466
1822.25
2902
0
820
1861
0
2964
1767
0
2324
1684.90909090909
1175.5
2170.45454545455
1356.5
787
0
1949.33333333333
2637
0
0
0
0
1913.94581280788
3031
1692
0
582
2129.16666666667
1719
2034
1624.0625
2123.8
1782.62745098039
0
2081
2513.5
2919
2306
0
1881.66666666667
1317.75
2276
1972.77777777778
1017
1293.33333333333
0
2225.61538461538
0
1669.6
0
1744
2276
0
0
1908.65
1623
0
2833.66666666667
1927.5
2152.66666666667
2844
1647
1925.9
2001.66666666667
1985.92857142857
1898.09523809524
1583.23333333333
1961.02380952381
0
0
0
0
2760
2621
895
0
1955.93548387097
2167
1703.5
2028
1768.72727272727
0
2279
1195
1567.28571428571
1502.27272727273
1553.8
0
0
0
0
1568.83333333333
1231
1142
2432
0
1311.33333333333
2362
0
1475.33333333333
1510
2799
1386.35714285714
2215
2020.8
0
2041.5
2196.1
1837.4
0
1080
2928
0
1823
2696
1774.78571428571
1768
2558
1641
1611.66666666667
2325
2081.75
1993.42857142857
1680.57142857143
2138
2775
1993.15217391304
1253.33333333333
1115
0
2887
1031
2844
2371
1416
1828.66666666667
0
1065.66666666667
3010
2161.76470588235
2167
1085
1962
0
571
2570
1044
1621.2
0
813
0
1707.39642857143
1344
2740
1651.27586206897
0
876
2276
1198.2
0
998
1468.23076923077
2852
0
1143
0
2689
0
1071.5
1720
0
3019
1299
1983
0
2620
1457
1957.66829268293
1707.1875
2455
1772.5
0
2186
1189
1819.5
1074
2152
547
2159.5
1773
0
1005
789
1291.5
0
1818.05263157895
0
0
0
1733.33333333333
1822
2102
0
1253
1795
2861.66666666667
0
1124
0
2539
1398.2
0
1108.33333333333
0
0
2324
1650
1633
2071.16666666667
1970.23529411765
0
0
1845
1409.5
1763.8
2319
2265.5
1196
1115
1484
1877.6
0
2073
0
1337
0
0
0
2591
1621
1427
1986
2859
0
963
1917.5
1641.90909090909
967.5
0
0
0
1992.66666666667
1029
2264
0
2331
1932
2803.75
1283
0
1543
1675.66666666667
1393
2409
1660
0
0
2591
1068
1870.25
1863.33333333333
1023.5
1009
1020
0
2069
0
1760.41176470588
0
1472.5
1829
1633.33333333333
2303.25
0
2753
1695
1300.25
1938.4
2762
2816
0
0
0
3031
1774
1772.45454545455
1871
1131.66666666667
2333.42857142857
1080
1793.27272727273
0
0
0
2011
2212.5
1857
1706.5652173913
0
1336
2747
0
1755.4347826087
0
1534.6
2096.32
1411.66666666667
1463.57894736842
1634.5
1919.08695652174
0
941
1099.33333333333
1084.75
2470.48387096774
0
1411
2097.82191780822
989
1817.5
1721
2372.9
0
2014
756.2
1322
0
1089
0
1862.45454545455
1579
1904.68181818182
0
1956
0
865
1885
1791
1419.33333333333
1664.28070175439
1922.6875
2777
3020
1866
0
1264
1741.25
2630.5
1344
2818
989
2581
1691.7
1962
1642.66666666667
3027
976
1596
2529
1888.66666666667
1717
1235
0
0
2327.375
0
894
0
1368
1586.6
1765.66666666667
0
0
0
1538
1152.14285714286
1937
0
0
970
2210
2226.12244897959
995.333333333333
1115
0
0
1155.5
2063.33333333333
0
2798
2638
2943
2108
1884.66666666667
1462
2276.5
1353.5
2158
1096
1412.5
2684
0
1271
2395.33333333333
1096
2364
1439
1345
0
1880.8
0
1895.33333333333
1823.86363636364
844
0
1500.25
1030
1636.8
792
1930.58482142857
1818.5
1757.83940042827
1323
1002
2712
2837
2591
1267
0
2946
0
2139
2002.33333333333
0
1536
0
1314
1398
2641
1790.94444444444
2726
0
0
0
0
1156
1612
1933.07234042553
2631
1048
2465.5
2007.47368421053
0
0
2583.5
2161.8
1355.5
2592
1034
1520
1091
0
2023
1414
1631
1975
1454
1697
1208.75
2921
2018.55555555556
0
1265
0
1392
2982
0
1565.66666666667
2302.66666666667
1802
0
1755
2109
0
1617
0
0
1898
1629.75
2103.5
2408
2928
1045
0
1569.64285714286
1643.78947368421
0
1948
0
1408
1384.4
1657
2682
0
1458
2881
0
0
3070
886
1730.50816993464
1507
2437
1573.84210526316
1108
2066
0
1412
0
2802
1171
1804.5
2034
1074
946
0
993
1544
0
0
1862.75
2658
1254
0
0
1797
1828
1401.5
0
0
1442.5
2748
2208
0
2647
1008
2352.66666666667
1301.5
1983.42857142857
3003
0
1063
1694
0
1957.5
2229
0
2880
1949
0
0
2202.5
1794
0
980
0
2180.14449541284
1977
2263.53846153846
1842
0
1673.36538461538
1749.28571428571
1644.57894736842
2230.92857142857
1705
2202.33333333333
0
0
992
0
1766.8
2540
0
1356.5
1504.75
0
2274
0
1568.33333333333
0
0
1028
2513.66666666667
0
2288.5
0
2172
1578
1479.11111111111
0
0
1538
904
1737.42105263158
1904
2330.33333333333
0
0
1109
0
2709.33333333333
0
1439.66666666667
2094.8
1579
1806.67005076142
2093
2134
0
968.5
0
1972
0
1734
1317.85714285714
1844
1940
0
0
978
0
1938.6
0
1542.75
1013
2615
0
257
2845
1229
0
0
0
0
0
1637
0
2446
0
2515.5
2855.33333333333
1919.5
1647.25
910.5
2391
2258
2190
2520
1789
2269
0
2637.66666666667
1054.85714285714
0
0
2576
0
1152
0
1980.6
1838.6
1943.32173913043
1811
2953
1670.5
1848.84905660377
1692.38095238095
0
0
0
1714.16666666667
1668.5
0
2677
1901
1861
0
2818
1631
1700
0
1246.33333333333
1572.14285714286
877.5
2051
0
2012
988
2222
0
2092
0
2973
1005
1011
2994
1314
1532
1760
1867.29310344828
0
2273
854
2262.46153846154
1831
1211.33333333333
0
2000
0
1936
1330.66666666667
2435
928
2015
3015
1116
0
1845.33333333333
2706
1977
0
1808.2
2038
0
1797
2008.25
1686
1826.71875
2228
988
1062
0
1557
1901
1290
1072.5
0
0
1566
994
0
0
1264
1643
1395.5
2059.81507993319
2989
0
1064.33333333333
0
1873.14285714286
1093
2278.66666666667
0
1699.70833333333
2770
2671
2390.25
1304
1225
1836.28571428571
1081.5
0
1515.33333333333
0
1844.6
2306
1608
2080
0
2462.33333333333
973
0
2517
2531
0
0
1022
1581
0
2221
1986.5
0
2157.22222222222
1109
765
1567.75
0
1108
0
0
1793
1837
0
1787
0
2450
965
1321.33333333333
2775
0
1068
1887
0
1677.16666666667
1645
1488
1787.33874709977
0
1561
0
3010
2369.5
1875
1007
2067
1720
0
1382.75
1989.5
0
2253
1863.51515151515
0
1961
2679
976
0
0
2126
1245.33333333333
2697
1779
1960
0
1083
0
2190
0
1719.42857142857
1858.25
2421
0
1662.89473684211
976
1979
2984
1290
0
1733
2222.5
835
2504
1068
1076
2051
1917
1923
2095.5
1664.5
2251.57142857143
1733
0
1055
0
2249
2102
1477
1576.8
857
1805.05988023952
1543.66666666667
1630.85714285714
1603.25
1537
765
1366
2993
1288
2329.85714285714
1368.33333333333
1563.42857142857
2042
1655.25
2908
0
0
2073.49206349206
2456.2
765
1113.66666666667
2764.5
0
1850.64516129032
1097
2816
2961
0
1642.73913043478
0
867.5
855.333333333333
2251.33333333333
1156.21052631579
1810.10884353741
1128
1911.75
2107.33333333333
1117
2016
0
921
1052.25
2841
793
0
1446.5
2844
1102.33333333333
0
1274.8
0
1103.66666666667
1864.34285714286
2160
0
1372
2669
1768.85714285714
1561
2384
1339.25
0
1671.89130434783
1489
1995.8
1999.5
1828
2222.75
0
2837
0
0
0
1534.42857142857
1004
0
2232.33333333333
2114
1439
0
0
1288
1859.47159090909
862
1854.1978021978
1714.2
1425
1157
896.5
0
0
0
0
0
0
1163
2581.54545454545
2798
0
1936.86363636364
0
976
2201.16666666667
1894.5
1386
2833
1395
1107.5
0
2071.66666666667
0
0
1750
0
656
2620.2
1745
2674
2001
3000
1672
1908
0
1658
2313.75
2118.77777777778
1707
0
1649
1492.8275862069
0
0
1253
1641.5
0
0
0
1066
1702.66666666667
2248
1031
0
2420.5
0
1994
1970
1280
1551.5
2364.5
0
2117.88888888889
2773
0
2030
0
2121
2090
0
1704
1525
0
0
1137.5
1004
1415
0
2275.6
0
1861.5
2763
835
2276.75
0
1314
2972
0
1341
2539.6
0
0
2683.83333333333
0
0
0
0
982
1783
1515
1901
1056
1876
2814
814
2346
2076
1831
2845
0
2318.55555555556
0
2666
1010
0
2697
1401.5
1744.6
1433
1791.57142857143
1603
3016
2674
1815.66666666667
0
1186
1426
0
0
1927.54545454545
1927.67832167832
713
1085
0
0
0
1136
0
1311.5
0
0
1537.28571428571
2853
0
1735
0
0
1966
1896
2140.66666666667
0
1747.66071428571
2650
1785.3
2562
1943.25
1694
1677.38888888889
1291
1493
2592
1979.23076923077
1599
1980.75
0
2571
1997
2985
1920
0
0
1030
1482.25
1773
1767.85889570552
1240.5
2866
2060
0
2305
0
2410
0
1931
2044
2694.5
1703.4
0
2469
0
1810.72222222222
773
1908
752
0
3357
971
0
1970
0
1652.5
1532.5
1641
1416
2077.92307692308
0
2369.5
1051
1071
1572.66666666667
0
1810
0
1722.25
2677
0
975
1719
1153
0
0
3001
0
2149.6
0
1672.66666666667
1017
997.5
1579.5
2044.4875
0
0
1019
2546
929
2086.5
0
1143
1686
988
2515
0
685
0
1594.33333333333
0
879
0
2956
2485
2777
1054
2324
0
0
1566
0
1002
0
0
0
2260.35365853659
0
1056.5
2944
2313
1420.66666666667
2408
0
2695
1395
1795.5
1159
0
1412.5
1414
0
1427.33333333333
1770
0
0
2390.5
0
2129
0
1957.08823529412
0
766
795
1837
0
2397
2017.4
0
2444.33333333333
2719
1786
2700
1563
0
0
1398
1517
690
2554
1625.10869565217
2382
1288
0
2058
1916
2302
1784
0
0
2089
0
0
0
0
1439
0
2779
0
1615.5
1602
951
2525
1784
1941
2592
0
1320
2286
1249.75
1897.69879518072
1737
1268
1683
1030
2332.5
1820
2164.5
1651
2649
0
2133
2020.92857142857
1798
1459
1721.98780487805
1761.5
1903.75
2345.17647058824
0
1862
1708
3001
2014
0
1140
1773.66666666667
1979
1155
919
0
1080
0
1911
0
0
0
2252
0
2067.18446601942
0
2641
2332
2981
858.5
0
1001
1175
0
1469
1715.28571428571
2118.66666666667
0
1479.33333333333
0
1849.50170648464
0
1310.6
1970
2279
1546.33333333333
2457.71428571429
0
1868.12068965517
2000.5
0
2324.52272727273
0
0
0
1976
1978.95238095238
2071.5
780
2323
2409
0
0
0
0
1299.18181818182
1530.5
0
0
1808
1500
0
1349
0
2648
2193
0
0
0
0
2001
1832.05
1298.5
2823
1385
2405.5
2495
0
1918
1992.5
0
1807.375
1698.94339622642
1412
0
2287
0
1259
1122
1730.66666666667
2248
2865
0
1906
1770.44444444444
1257.26666666667
252
2144
0
2103
0
817
1875.70866141732
1791.5
2172.16666666667
1306
1312
2207
1540.88888888889
0
2649
0
1574
0
1767
2240.66666666667
2243
2291
2594
0
1612.81042654028
0
930
0
2499.5
0
1739
0
0
0
0
1579
2525
2250
1195.66666666667
1693
1033
122
2752
2137.75
1223
2150
0
0
1989.5
1905.55514705882
1071
2078
1748.75
1577.5
1006.5
827
681
2077
1966.1875
2812
0
0
0
2490.5
1810.78773584906
891
1008
1831
1125
1723
1642
0
0
996
0
0
1753.5
0
1331
746
0
1005
1491.7375
0
3022
1040
1751
0
2122.1301369863
1370.14285714286
1176
0
2645
1716
1499
1421
0
1212.5
0
0
2393
1787.25
1716.66666666667
967
0
1368
0
2076
963
2557
0
1558.2
0
0
820
1573
0
2044
2698
819
532
1347.33333333333
0
2260
0
937
2826
0
2944
2183.5
1746
1879
1347.5
0
0
0
3000
1249
995
0
1104
1953.875
0
2128
1069
1637.84615384615
1916
2765
2022.14285714286
0
1067
2172
0
0
947
2584
1369
1472
0
1549
1566
0
2221
1420.75
3021
0
1720
897.666666666667
2385.5
751
0
1808.5
0
0
0
1567.5
0
1431.2
1028
1623.66666666667
0
2183
0
3028
0
1867.5
986
0
2383
0
3013
0
2786
0
0
2966
0
2167
0
2085
1280
0
1333
956
1810
1936.92
2776
1735.44444444444
0
1017
0
1130
2107.87142857143
1653.75
2167
1669
1479.75
2790
0
2388
1800.16666666667
1620.75
2941
1733.9012345679
0
2285.76923076923
1671
0
0
1003
0
2135
1141
2800
1943.66666666667
1547
1684.5
1086.5
0
633
0
1769.4
1328
2252
0
0
0
1399.75
1489.82352941176
2450
0
942
2037.22222222222
0
0
1596
2060.33333333333
0
2030
1929.33333333333
2089.8
2036.66666666667
2300
2025.84210526316
0
2072
1674.2
2038
1048
1159
2154
1316
1500
0
0
1024
3016
2060
1841.5
0
2222
0
1979.33333333333
951
2867
1687
0
1176.5
0
0
0
0
1371
2482
0
1498
1798.5
2587
2353
1372.5
1170
2932
1833.5
0
2328
0
0
1175
887
945
0
1376.75
0
1016
1900
0
1278
968
0
1689
1643.28571428571
1902
2771
0
994
1661
0
0
1301
1447
2016
1557
0
0
1790
0
2786
1443
1993.32653061224
0
0
0
1342
1627.5
0
971
0
2933
2829
1462
1035
0
2840.5
2270
253
0
1217
2966
1100
0
1684.25
0
1842.33333333333
2234
0
1909.4
1865
2381
1722.46666666667
1380.5
0
2240
1019
3021
0
1547.4
1756.5
2742
0
0
1749.5
0
1590.45454545455
1957.66666666667
1486.33333333333
2961
0
0
0
1038
0
0
0
847
2030
1559
2918
975
2680
0
0
1804.36363636364
1573
0
2059.8
1732.58139534884
1015
2474
934
0
3025
2893
0
1081
2944
0
2090
0
970
1159
1035
810
0
1997.33333333333
0
1081
1874.2
1539
0
2052.5
0
2162
3027
1810
0
1622.5
2222.5
0
0
1206.6
0
0
1917.81818181818
2002.22222222222
1494
1388
2280
739
1608
0
0
1437
2113
0
1084
1666.37931034483
959
1143
1356
1030
1637
0
1059
2015
2194.33333333333
0
1913
0
0
939
0
1054
2533.5
1102
1707
0
2878
0
1039
1681.75
2279.5
2089
0
1844
1679
0
1902.4
2775
1022
2826
0
2381
0
1431.5
0
0
2320
1007
0
0
1568.66666666667
0
0
851
0
1003
1750.66666666667
0
1516
0
930.333333333333
0
1963
0
0
1024
1534.35342465753
2335
2855
1865
2129
1646.11363636364
1909
1917
969
0
1490.78947368421
685
972
2973
2211
2538.5
2518
0
1791.63461538462
1295.5
1443
1082
2610
0
0
2225
0
0
2073
1219
0
0
0
1664.33333333333
0
2174.5
1696
0
1941
2015.88888888889
1739
1100
438
1360
1941.84722222222
1626.92307692308
1425.33333333333
0
2900
1438
1893
1900
2147.60541586073
2146.06566118221
968
0
2814
1928.5
1877
1875
0
0
2056.69333333333
0
0
0
2102
1839
1952.25
1513.66666666667
0
0
1614
1070
0
0
2142.25
544
2015
0
0
1761.5
867
965
0
1858
0
2242
1056
0
1649.17857142857
1664.66666666667
1879
2518
2981
0
2048
0
1794.25
0
2042
0
2133
1630
1164
0
0
1112
1389.5
0
0
842
0
0
1663
0
0
1080
2500
1224
844
1044
1813
1113
0
0
1793.62121212121
2876
0
1111.5
1856.86363636364
3250
1134.16666666667
1430
2170
1759.66666666667
2154.13688212928
1599
1693
0
1484.25
1581.53846153846
0
1891
0
1667
0
0
1690.88513513514
1252
0
0
1538.5
2263.25
1625.75
0
2535
1803.6
0
1302
2334
1764.91025641026
2031
0
0
2270
2848
2536
0
0
2243
0
0
2716
2865
1353
956
2860
0
871
1972
1527
1232.92307692308
904
1847
2830
1289.5
982
2397
771
1995.66666666667
1749.42857142857
0
0
2457
2132.5
1540
2328
1305.5
1621.4
1680
1897
887
1000.25
1770
2089.66666666667
2964
1665.5
2355
1100.6
0
0
2308
1010
2131.66666666667
1816.5
847
1949
2125.5
1178
2093
0
1319.5
2053
1811.84615384615
0
1089
2982
2269
0
1659
1898.5
259
2496
0
1871.07142857143
0
0
1103
1436.5
0
0
2322.6875
991
2247
0
0
0
0
2742
0
1032
1955
0
3026
0
2160
1417
0
1836.07207207207
1882
0
0
0
1764.5
1333
0
0
0
1787
0
1977
2492
0
2181
1338
2618
1683
3009
994.5
1927
1790
2940.5
2484.5
0
1293
0
2162
1907.18248175182
0
0
0
0
2095
0
0
1001
0
3026
0
0
0
1884
2694.5
1352
0
1304
892
2298
608
945.5
2341
2777
1747
1646.69230769231
0
2553
695
2132
0
0
1514.33333333333
1486
1187
143
1768.33333333333
2047.5
0
815
0
489
0
1217
0
0
0
1638
3120
1080
0
2382
0
0
1234
1773.66666666667
1057
1802.11111111111
1675
1832
0
857
2286
1986.75
2320
2638
0
1955
0
0
0
1578
1713.5
0
0
1604
2521
1863
0
0
2377
2860
2064
2538.4
1278
2647
0
1742.5
1092
1848.38888888889
0
1528
1619
1937.11111111111
1801.77450980392
0
0
1497
0
0
544
1164
649
2042.66666666667
0
3029
0
0
0
1896.75609756098
1952
0
2957
983
0
1907.5
1583.7
2470
2112.25
1754
2600
0
0
2411
2471.5
3022
1411
1039
0
2047.5
2307
1145
0
0
0
982
3054
0
0
864
1531
1070
1348
852
2687
2699
0
2216.44444444444
0
2405.5
0
0
2335
1354
0
0
1213.33333333333
0
0
2017.64788732394
1483
0
1007
2154
1129
1954
1326
2378
1528
0
3026
2592
0
1873.83333333333
1167
1745
1639
1037
1547.33333333333
1574.73684210526
0
2165
0
0
0
1723.5
0
2694.5
1895
0
2580
1210
2294
1452
0
2076
2763
1309.5
963
3279
0
2442
0
991.5
1706.5
0
1614
0
980
0
0
2498.5
0
0
0
0
0
2459
967
948
0
1631
1986
2972
2183
1818.42857142857
1191
0
0
0
2397
1836.25
1813.5
1026
0
0
1039
2027
1697.03846153846
0
1873.33333333333
694
1027
0
0
1258.5
2014.44444444444
0
916
2363
1739
1537
2688
1406
0
2524
1669
1686
1548.69230769231
2759
1033
1519
0
0
0
0
0
2503
1261.375
0
2062.30769230769
2263
2373
0
2088.28455284553
1138
0
2963.5
2088
2712
0
1252
1104
1022
906
886
0
0
0
2068
1931
1159
639.5
2167.33333333333
1865
866
2047.25
265
1792.5974025974
2520
1725
2179
1530.85714285714
2485
0
1947.16666666667
0
1642.33333333333
2924
1834.5
0
1536
1033
1482.5
0
0
0
1898
1026
2896
0
1436
1803.5
1827.25
2485.5
2845
717
1376.60714285714
1912.5
0
0
1459.8
1729.66666666667
0
1386
1536
1034
2313
0
1031.5
0
903
0
0
3215
1503
0
0
1441
300
610
1890.75
2372.5
983.5
2815
0
0
0
0
0
0
0
1380
2788
1515
1979
0
2987
0
969
1437.25
0
1792
1560.25
1873
691
1020
2582
2601
1554.5
2157.5
3027
0
1110
1297.4
2195
1712
0
2675
0
0
1797.5
3039
1886
2605
1067
0
2922
2236
1683
0
2004
2840
0
1034
0
0
1577
1007
2993
766
2499
2855
2912
1419
0
2197
0
1983
0
1918.65714285714
2665
0
1722
0
1942.35185185185
1722
1892
0
2452
0
1203
1057.66666666667
0
1893
2001
2343
1832
938
1705.5
2841
0
0
1970.30769230769
1726.4
0
0
1074
1916
0
0
0
2430
2528
1937
0
1159
2197
747
1758.05263157895
2236
0
2114
1463.25
1716.90476190476
2395
1687
2117
0
694
1815.39237668161
0
1751.6231884058
1033
0
2449
1545.55555555556
1854
0
2213.75
1993.33333333333
2531
0
0
0
0
2427
2344
2675
0
1831
1950.75
1074.5
0
0
1026
2873.66666666667
2565
1451.79768786127
0
0
1648
0
2705
0
0
1848.66666666667
0
982
1895
1903.43902439024
1065
2086
0
2316
1250
0
0
1691.11009174312
2308
0
2082
1480
1496
1023
1832.36496350365
1109
1694
0
385
1755.80952380952
2973
0
2093.24137931034
1473.66666666667
1019
1589
1438.66666666667
1756.66666666667
0
0
1300
0
1996.89411764706
1749.33333333333
0
1778
2649
1558.66666666667
1444
1402
0
0
987
1001
0
2854
2085.1724137931
2420
0
1999
1488
985
2550
2327
3019
0
1787.5
0
2332.83333333333
1634
0
0
802
0
1128
2142.5
0
1728
2194
1639
2800
2079
976
0
2189.28979591837
2299
2422.5
1522.5
0
2002
0
0
2049
1648.83636363636
0
0
1094
0
0
1693.8
0
0
0
2409
1056
1644
0
1124
1213
2010
1547.8125
1349
2952
1296
695
1725
0
2028.66666666667
1369.5
1965.16666666667
1022
1943
2661
947
0
1647
1486
1058
1953.94444444444
1861.76131687243
0
1429.5
1349
0
1864.63888888889
2056
0
1844
0
0
1112
984
2697
1954
0
1811
2330
3030
1138
0
1936
2018.87096774194
0
0
1806.8
0
1644
2312
2442
0
1344
2364
1902
2033
0
970
0
0
1125
0
915.5
1593.625
0
0
1068
874
0
2651
1032.5
1873.53846153846
2590
322
0
1896
2371.3
1391
655
1151
1722.48795180723
0
2059
0
1077
1561
0
0
1007
0
1856.71428571429
2381
0
0
0
1480
2602
0
2714
3019
1101.5
0
1901
1160
2211
1767
0
1597
0
1965
1687.38461538462
1643.5
1714
2668
2763
1072
0
0
848
963
2146.5
2418
1066
1005.5
1272.2
0
1285
2259.63888888889
1781
0
1796.28571428571
0
489
0
1666.88888888889
1451.66666666667
1148
0
0
1760.80821917808
0
1935
1882.75
0
2076
0
0
0
0
0
0
0
1551
1498
2905
2842.5
886
0
2203
0
0
0
1774.19178082192
1126
1155
1025
0
2315
0
971
0
0
993
1767.37037037037
0
1555
920
0
2608
0
1986
1489.33333333333
1723
0
0
1759.5
2661
0
1348.66666666667
1203.4
0
2409
0
1335
991
649
0
2185
1991
1605
685
2286
0
0
2495
0
1715
917
0
1652
0
2433.25
1153
1910
0
1469.5
0
0
1362
1957.5
2245
2145
1189
0
0
0
0
988
2227
1410.33333333333
1773.7619047619
2912
1875
0
0
0
3019
3010
819
1861
0
1102
2383
0
0
0
1153
1781.2
2392
1697.5
1620.6
1921.83333333333
1748.63888888889
2206
1773.46875
2984
0
1225.75
2090
1058
2033
1596
2914
1654
0
990.5
894
0
0
0
0
1667.55208333333
1249
0
3014
0
1700.5
1909
1787
997
0
0
0
0
0
2079.29078014184
0
1962
2015
1252
1121
0
0
1055
2706
0
1476
2343.6
2380
0
2116
0
0
732
0
2523
2029
738
0
0
1996.44444444444
1665
0
2884
2536
0
1945.23076923077
2441
0
0
2088
0
825
2286
0
2644
2329.33333333333
2083.5
1708.5
578.5
2382
1804
0
0
0
1761
2502.33333333333
1919
2082.75
1109
3028
1955
2881
2455
2223
0
2790
0
0
1672
0
1888.60511363636
2031.39029535865
0
2012.76732673267
1882
1419
0
0
1691.33333333333
1325.5
685
0
1749.2
1036
2871
0
0
1238
2204
1496.75
0
2946
2790
0
0
2659
989
1688
0
1277
0
2592
2932
3010
2165
0
0
0
2160.65322580645
1065
291
1741.35379061372
0
1908.5
2035
0
0
1793
1778.76923076923
2754.5
1036.66666666667
1912
0
0
815
2970
2783
0
0
3004
0
1956.5
0
1881
0
2842
0
0
879
1903
2876
0
0
2743
985
1640
0
0
1820.80132450331
0
1038
1363
1730
1388.5
0
1180
0
1600.16176470588
0
1851
1262
0
987
980
0
699
0
0
0
0
655
674
1067
2683
0
1072.5
0
1385
2272.16666666667
1095
1827.5
0
2113
1783
2578
0
2288
1428
1116
1805
2748
0
0
1727
0
0
2292.66666666667
0
0
0
1861
2176.5
0
1444
0
2009
0
0
0
0
1353
1556
0
0
0
1356.44444444444
2426.55555555556
0
2159
1478
0
0
2308
2699
1355.33333333333
0
0
2823
1511
0
0
0
1999.95238095238
953
0
0
1739
0
0
1838
1027
2987
2264
0
0
2624
2335.5
976
0
0
2683
1854.70078740157
1014
0
2152
200
1832.125
1079
1948
2163.76470588235
0
0
0
0
1336.5
1558.66666666667
1161
0
0
1313
0
2411
1589.75
0
2464
0
2558.5
2481
1082
0
2955
0
0
2094
2292.66666666667
1412
0
0
1725
0
1017
0
1080
0
2629
0
0
2091
1273
2070
1647.5
1903.83783783784
0
1926
2205.33333333333
1800
1155
0
0
0
2658
1404
2953
0
0
0
1137
1214
0
0
2473
1767.5
2404
1575
1973
0
1690.29545454545
0
0
2793.5
1248.5
2229
0
0
0
0
1768.39393939394
2391
0
1135.5
1962
0
1686
2227.93827160494
2934.6
1342
2912
1486.9
2194
654
2314
610
2316
1442.66666666667
1324.5
2965
0
1755
1417
1978.4
1758.23529411765
3015
0
988
2255
1888.9375
704
0
1386
793
0
2830
1431.5
0
0
1061
0
3004
0
0
2853.5
0
0
0
0
0
0
1863
1961.22222222222
0
2699
1031
2536
1671
0
1726.36
1097
1420
0
601
0
0
2939
0
2586.5
1541
0
2375
2082
2151
0
1066
2506.5
2984
2929
0
0
969
0
684
0
1707
1871.66666666667
0
2022
0
2688.8
0
2323
1365.5
853
0
0
976
1043
0
0
1314.5
1015
2320
0
1108
0
1348
0
0
1631.5
998
0
0
1829
1613.44578313253
2092
0
1889
0
0
2625
963
0
2136
2912
3140
2684
1175
1748.5
463
0
0
0
1147
1735.42857142857
1775.66666666667
1973
2071
1395
2832
2984
2309
2341
1917
2068
2394.40206185567
1593
3181
0
2954
0
1846
2740
2085
0
883
1168
1781
0
0
2456
2228
2420
0
2066
0
2101.73553719008
2949
0
0
0
2246.62068965517
0
0
1327
0
1484.38095238095
2973
857
1789.36
0
1790.02702702703
0
1522.5
2992
1241
0
1770
1003
1835
0
0
1990
2090
1250
0
1736
0
2480
0
0
2190
2905
1206
1181
2152
0
2365.5
2469
2287.66666666667
2389
966
1102
1005
0
0
947
2252
1566.66666666667
2192.75
0
2584
0
0
0
0
0
761
2134
0
1815.62162162162
1073
1273.5
1717
0
0
0
0
2754
2652
0
2367.5
1778.66666666667
0
0
1721
2758
0
1565
0
1614
0
406
0
0
964
1943
2627
1759
2077.33333333333
1038
1349
1210
1719.6
2321
1894
0
989
2168.33333333333
2186
0
1303.5
0
1925
1978
0
1551
0
1072
1690
0
935
1324
2953
0
1638
0
2195
0
0
2097
2066
1031
3019
0
884
0
0
0
0
0
1508.16666666667
1923
0
1826
2481
0
1170
0
0
1021.5
0
0
2953
0
0
877
2242.93043478261
0
0
2535
774
0
1620.5
1467
2299.81818181818
0
997
0
0
1830.48936170213
0
0
3037
0
560.666666666667
2606
0
0
0
981
0
1680
1855
371
2007
0
0
1637
0
947
0
2394.66666666667
1878
0
0
2157
1171.5
1648
2137
1318
1990
0
0
2269
682
2435
2063.25
2014
0
3000
2666
1162
0
2378
0
0
0
1794
1044
999
0
0
2823
2386
0
0
0
1692.4
2193
1010
1873
0
0
0
0
0
1032
1312.33333333333
0
0
2992
0
928
0
1119
2236.5
1200
2438
1606
1276
1458
0
0
2933
0
0
2150
1529.25
2089
1693
0
1382
0
1114
1098
2988
2762
0
0
1217.42857142857
1883.4
0
1326
1724
1826
2602
1657.25
1323.5
0
0
2431
1728
2250
0
1861
2338
0
2612
2144
0
2156.17647058824
998
2962
1300
0
2322
2465
0
1703.25925925926
2397
0
955
1011.5
0
1788.58823529412
1667.5
0
1982.05405405405
0
0
0
1759.25
1339
0
941
844
1736.66666666667
2553
725
0
791
1089
0
1441
2967
1839
0
1114
2378
1108
0
1993.32142857143
0
0
0
0
0
0
1400
1648
1485.33333333333
1876.2
0
0
2102
1644
0
1076
992
1279
1904.00187617261
2202.55555555556
1906
1672
2274
0
0
1646
0
0
0
2484
0
0
1970
0
3014
2897
2653
0
2003.1884057971
1133
0
2288
1490
2274
0
1572.9
0
0
1777.5
0
0
1286
0
1477
0
0
2790
600
1698
1025
1853.63157894737
0
1765
1749
0
2163.87037037037
0
2998
0
1943
0
1001
2119
1943
1778.23595505618
807.5
0
1430
2935
0
988
1433
1136
2552.5
1778.89583333333
2294.35135135135
0
1767
0
0
1785
1107
932
0
1657
298
2102.77777777778
2968
2116.53846153846
1535.08571428571
1259
0
1727
2342
0
0
1197
0
2059
1418
0
2945
2538
0
0
2880
2176
1575
2830
0
1919.625
1496
0
0
2194
3016
1284
1830.18827708703
2846
2728
1854
2189
2036
1595
0
566
990
0
2602
0
0
2761
0
981
2534
0
1674
0
1746
2887
2263
0
0
0
1741.015625
1790
1841.5
0
0
0
1875
1779
1997.5
0
2860
0
0
0
1936
1234.33333333333
1268
2067
2057
0
0
900
1285
1655
2811
1753.1875
0
1062
2267
2044.25
1044
995
1155
1880
0
2202.88888888889
214
2036
0
0
1836.75
0
2077
1039
1093
1708.8
2137.13698630137
0
1444.33333333333
2530
0
2333
981
1435
0
1811.48148148148
0
2280
0
166
2621
0
1508
0
0
1870.6625
2218
1324
0
2323
0
0
2317
3014
1382
0
2331
1836
0
0
1676
0
2348
2187
2762
1843
1349.5
1118
333
1881
1457.35
1547.75
1186.5
0
0
0
1830
0
1716
1109
1325
1817
1955
2257.71428571429
0
1827.57627118644
0
1038
0
0
1801
1418
0
1640.45402298851
1024
1450
0
1959.26785714286
1224
1736.18181818182
1953.21511627907
1049
1476
0
0
1093
2738
2900
1020
0
969
0
1949
1638
0
3016
874
0
681
2785
0
2643
0
0
0
3357
1003
0
0
2880
2615
0
2168
0
0
0
0
1061
1443
1058
2193
1022
0
1757
0
2000.5
0
0
0
0
1811
0
2192.5
1356
968
0
2217.96116504854
2249
0
1069
0
995
1789.8
0
0
0
0
1664.33333333333
0
1755.25806451613
2329
0
0
0
1544
0
1066
1776
0
0
2120
1055
0
0
0
710
0
1902
1253.5
2146.5
2054
0
0
2502
0
0
0
1946
1967.125
963
2066
1038.5
1035
391
0
2445
999.5
0
1417
1885
1519
0
1800
1836.5
1793.75806451613
0
0
969
2848
1577
0
0
1777.5
0
1962
0
1218
1610.4
0
1692
0
0
2521.83333333333
0
0
2198
1817
0
2724.5
0
1978
1919.5
1848
1339
0
685
0
3018
0
2138.81954887218
2092.46961325967
1197
0
2299
0
1068
2204
1767
2291.51851851852
0
2187
0
1879
996
1740
1021
0
0
1433
1477.43137254902
978
1776
1646.75
1532
0
1107
0
710
1776.03260869565
1151
0
0
1891.81944444444
0
1439
1985
0
0
2390
0
0
1828
1867.18275862069
1017
1901
1428
1837
0
0
1079
3016
1579
0
0
1819
2086
1781
0
1646.75
0
1392
2239
0
1884
0
0
0
790
0
1391
0
1054
1634.5
2842
2705
0
0
2984
1654.85714285714
1094
941
2288
969
1005
2973
1439
1799
1707.39382239382
0
1708.5
0
0
1741
0
0
2816
0
0
1941
1000
3142
0
964
0
1263
1122
0
0
1599
0
1581
0
1279.5
1661.5
1337
1877
1466
1908.66666666667
0
0
0
2713
2673
785
1925.46268656716
1714
0
918
2983
262
0
2948
910.666666666667
1610.33333333333
1752
2097
0
2131
2367
0
1926
0
0
1914.79423868313
966
1028
0
2102
1816
1459
0
0
2670
2880.5
1963
1375
2977
0
1141.33333333333
1111
0
1780.61111111111
0
1022
2536
0
0
2731
1846
0
916
1660
2747
2980
1008
0
0
1110
0
1297
0
1884
2184.71428571429
0
1412
2391
940
2890
2392
1796
2082.57142857143
2277.85714285714
0
0
1331
917
0
2548
1873
0
2978
1658
2008
0
1673
2967
0
0
0
0
1873.5
1669
2178
0
0
2754
0
0
1286
1490
0
0
911
2360
1347
0
1096
1677.5
0
2123
1918.33333333333
1277
0
1324
0
750.5
0
0
0
1739
1367.5
0
2001
0
0
887
883
1149.75
971
2203.96923076923
0
949
0
1848
2300
3015
2591
1439
0
767
1063
1141.33333333333
1454
0
0
0
1477
2196
2108
0
0
0
1762
891
1985
0
1973
1130
0
2274
0
749
1641
1019
1525
1008
2862
1883
2764
1698.9900990099
2028
1377
0
1297.5
0
2602
1147
0
0
2049.2
1836
0
2431
1527
0
1849.34782608696
2306
0
0
1117
0
0
2223
0
1697.63636363636
0
0
0
2170
2605
0
1643
0
1941
0
0
3030
1433.5
2441
1439
1838
2121.5
1532.5
2057
2000.95266716754
1135
0
2073
2250
0
2134.1
0
0
0
845
2179
0
0
2233.02976190476
0
2468
2203
0
1074
1722
756.5
1037.5
0
2016.25
1928
0
0
931
1045
0
1602
1141
819
0
0
0
0
1822.5
1069
0
0
1808
0
1957
2027
0
1025
1424
0
2056
0
1373
1205
2112
740
1954.75
1871.13333333333
1468
1897
0
1650.4
0
0
892
1034
0
1213
0
1826
0
0
0
0
1050
1843
0
1830.5
0
0
0
2880
1692
1294.5
0
987
1528
0
0
0
0
0
0
1065
0
0
1987
0
2207
1822.9068627451
1246
1022
0
2813
1085
0
2352
2263.33333333333
1644
2652.5
1820.5
0
1844
0
0
1599.75
2558
1128
0
0
1208
977
2152
2062
0
0
0
1284
0
1285
0
1021
0
2609
2883
989
1074
2540
1965.80952380952
1329.5
0
0
1515
0
0
3102
1053
1473
1181
0
0
1342
1852
0
2880
1492
1806
2924.5
940
1607
2582
0
0
985
2541
0
1185
1157.5
1891.7972972973
1081
1089
3070
0
1833
2211
809
1868
2424
0
3015
0
0
1067
1566.45454545455
0
1750.625
940
0
1027
0
0
2377
0
991
0
813
2811
0
0
1015
2190.02036516854
0
2114
2126
1964
0
2784
2117
1105.5
0
0
0
0
982
2776
0
2325
0
0
0
2066.72727272727
0
2640
2149
0
1732.5625
1617
0
958
2974
2112
1095
0
987
0
1972.93382352941
0
0
1054
2066
883
1418.33333333333
0
1697
2826
2053
1813
2313
1113
0
0
1884
946
1624.16129032258
1788.22746781116
2591
0
1900
2715
0
1171.5
1040
0
0
0
0
2650
2960
1618.30327868852
2941
1215
1418
2223.5
0
0
996
3020
1621.42426850258
2211
2504
0
0
652
1913
1936
1968.5
1717
1815
1435.94444444444
2387
1742.34337349398
2739
0
0
2053.33333333333
0
1640.21621621622
0
0
0
0
1007.5
1674.2
1816
2213
0
682
2488
0
0
1836
1401.76923076923
2356
1022
1780
0
0
1359
2322
0
1875.33333333333
0
761
0
1560
0
3032
2078
1896
0
1893
0
1805
2799
710
1994
1724
662
1648
0
2365
0
0
1385
2321
2971
1235
2453.5
1702
0
0
0
0
1780
0
0
1444
2433
0
2986
1768
3227
1947
0
1819
1032
0
0
3012
0
1956.33333333333
2421
2587
1380
2952
868
2657
0
0
1364
1956.5
962
0
1559
2944
0
0
1864.00884955752
1184
2346
1661
2748
2072
2124
1114
0
2251
1985
0
1570
2177.70149253731
1657
0
3016
0
2171
1987
834
3040
0
1849
0
1340
1117
2044.01612903226
1867
0
2441
1441
0
1271.66666666667
0
0
0
1852.92857142857
0
2210.33333333333
1424
0
2673.2
0
0
1928
2045
0
0
2154
1780
0
1806
953
0
1017
849
0
1111
2827
2160
0
2787
1054
0
2461
985
1779.66666666667
0
0
1952.28333333333
2613
0
0
0
1094
2086
0
953
0
2475
0
0
2669
2725
1025
0
1585
1530
0
0
2332
1081
2969
2284
1589.90909090909
1726
2921
1965.5
0
1683.90289608177
1117
0
0
2090
1195
2353
1043
0
1420
1495.5
1678
0
1353
1696
1222
0
0
2948
0
2260
2922
872
1467
923.5
1952.1875
1395
0
1755
1931.32530120482
1909
1158
2801
3022
2159
1485
0
257
1700
1298
1099
2494
2235.30882352941
0
0
2011
0
0
2652
2528
0
0
0
0
0
1342.14285714286
0
0
0
1889.39393939394
0
0
916
936
1720
2113
1280
1069
1488
0
0
2139
0
1677.33333333333
2369.16666666667
2126
1196
710
0
1142
971
0
0
0
1443
2133
1722
0
1214
1328.5
1807
1340
1656
517
1991
1585.09090909091
2577
0
2436
1954
0
1316
1494
0
0
1747.02222222222
0
0
2823
1787
2843
0
1058
0
0
0
1073
0
2041.94444444444
0
0
0
2983
1822
0
0
2024
1268.8
0
0
0
2175
0
955
1784
1666.21428571429
0
1251.45454545455
654
1169.5
1474
0
1087
2166
0
1234
2191
0
2188
0
1702
0
928
1648
948
0
1615
0
0
2681
0
0
0
944
1430.1875
2159.2
1992.5306122449
1744.66666666667
0
0
0
1703
874
2442
0
0
0
2665
0
0
2994
420
1280
0
2968
1841
1642
2926
0
1734
3005
1026
0
0
2068
0
0
2882
1502
0
0
2979
2571
0
0
1065
0
0
0
994
2173
1949
865
0
2441
2364
0
0
803
2143.90909090909
1739
763
2386
0
0
2026
1029
1189
0
1333
1020
2848
2825
1697
1238.10714285714
2156.17692307692
0
0
2747
970
3004
1535
0
0
2994
1516
0
950
0
2656
1241
0
1364
1990.30769230769
2676
971
0
0
2893
866.5
0
1247
980
1264
0
2061
1021
2591
0
2404
2074
980
1897.87826086957
0
0
1698.8
1063
1869.5
0
1772.17647058824
2056
813
1359
2644
0
1845
0
1417
0
1732
0
2003.5
2340
1792.33333333333
1428
0
1845.5
2065
1087
1667
2159
0
1973
1384
0
1595.23880597015
963
0
1412
0
0
1788
1614
1912.63636363636
2230
1656.35294117647
0
2020
0
1814.25
0
2968
2400
1304.5
1633
2337.5
0
2548
966
0
1883
1421
2029
1875.5
2109
0
0
745
0
0
1024
0
2829
1960
2391
0
0
1563.5
2874
1695.46153846154
0
0
0
0
1786
0
1088
0
0
0
2232.5
0
0
0
1519
0
1371
1571
2793.5
0
1374
0
1847.0495049505
0
1820
0
1194.33333333333
857
1327
0
1823
0
0
0
0
0
1801.33333333333
0
2174
3008
2144
0
2087
998
1272
0
2194
0
2458.5
0
1359
1665
930
1686
2998
0
0
2928.5
0
0
0
3002
1845.028125
0
0
2972
2247
3014
0
1535.5
1359.25
2807
815
0
2019
847
0
0
1799.31460674157
0
0
1096
0
1303.33333333333
0
0
802
1279
0
1609
2982
1278
0
1893
0
968
0
1816
1965
3021
0
1566
1778
0
1103
2343
0
1145
0
2362
0
0
1988.54545454545
1082
2060.5
0
2172
0
1301
1480
1051
1070.5
0
0
914
1003
0
1114
1041
0
0
0
1032
0
1468
0
0
1526
0
1830.15632183908
0
0
0
1933
0
0
1816
0
0
0
1049
0
1660.5
2523
0
2175
0
0
3002
0
0
2131
0
1067
976
686
0
0
2208
2353
1882.54166666667
2254
0
0
2097
1987
2960
1338
2436
883
0
0
2577
1030
1374.04761904762
0
2912
1795
0
0
0
0
1750
0
1788.1156462585
1561
0
1859
1446.5
1822
1683
1034
1156
0
0
1906
1707
1947.02127659574
1109
1608
2636.5
1609
871
0
1280
0
1676.53246753247
1341
2442
1032
1074
767
978
0
2440
0
1617.75
1266
0
1091
1568
2376
2528
0
1884.1935483871
0
1096
2933
0
0
0
0
1754.3
2523
0
0
0
1681
0
2881
2208
0
0
0
2995
0
1730
0
0
1802.55882352941
1008
993
0
0
0
1650
0
1326.33333333333
0
710
1116
0
0
1659
1077.18181818182
1735
0
1748.83333333333
1035
2557
2866
1613
0
1566
0
0
0
0
2356.5
0
747
1053
2109.515625
0
0
0
2584
934
2298
0
636
0
0
301
2024
0
2295
1577
0
1663
1292
0
1800
0
0
0
1083
958
1865
0
0
1903.95833333333
0
1555.79166666667
1364
975
1201
0
2985
2373.75
0
849
801
300
0
1243
2000.91194968553
1219.5
0
899
2127
0
0
979.5
1489
0
993
0
968
0
984
2145
0
1832
1021
900
1912
0
1280
2642
0
0
1340
1069
1969
1846
2167
2737
2157
2469
2064
0
0
0
2590
2048
943
0
0
2532
0
3001
0
0
0
2666
0
1128
596
1279
1394
977
934
2471
0
2932
1801.40705128205
0
1894
1716
0
1019
0
2573
2272
0
1892
2350.95454545455
2489
0
0
2404
0
1931
0
1843
2662
932
0
0
2899
1812.89230769231
0
2804
936
0
0
1077.5
2038
1712.10526315789
0
1815.41304347826
0
710
0
0
1129
1711.36458333333
2931
2089.5
0
1019
0
2433
1448
1109
0
0
1881
2380.78899082569
1706.27586206897
1489.6
0
1122
1041
2286
0
0
1644.80769230769
0
0
0
1405
1662
0
2378.5
0
1143
0
1017
0
0
1297
2581
0
0
1992
0
1903
0
0
1440
1563
0
1710.9756097561
1024
1049
1403.125
0
0
0
1631
0
1890
2623.33333333333
0
998
2189
2227
2509.48076923077
0
917
1536.5
1658
2312
2975
2410
955
1340
1358
1086
0
0
0
0
2372
1524
1600
0
1327
1515.4623015873
2288
1024
976
2652
0
1696
0
0
0
1562
1034
1771.82142857143
0
431
1365
0
0
1889.09359605911
1882
1950.01801801802
1899
1633
2727
2883
0
0
1825.35869565217
0
0
0
0
1699.33333333333
2389
0
2575
0
0
0
2302
0
1088.5
1919.33333333333
0
1097
0
1378
1863
1994
2896
884
2285
576
1781.01101928375
1468.5
0
1123
958
1813.14285714286
0
0
2687
0
1785.71794871795
0
421
2627
1579
1895
1213
0
0
0
2137
413
2844
0
1840.98076923077
0
1396
0
0
0
1357
1754
0
0
0
0
0
2089
0
0
1570.91489361702
1284
1019
0
1798.34693877551
1914.39130434783
0
1198.66666666667
2411
1663
1020
1601.5
0
2990
0
0
2373
2538
2646
0
0
0
0
0
0
0
2280.1
0
0
2220.5786163522
899
0
1145
0
0
860
710
1889
0
0
856
0
0
0
0
0
2395.65803108808
0
0
0
2902
1821
1096
1454.1
1279
0
2151
0
1687
0
0
0
2187.8635097493
1685
947
2354
0
0
1907
1064
0
2747
1786
2886
1555.34782608696
0
1925.5
1671
1054
1194
0
0
1263.71428571429
0
857
2196.47177419355
2788
0
2672
2909
1908.70967741935
1937
1122.5
1987
2589
1305
0
1087
1644
0
0
0
2694.5
0
0
0
0
0
1200
0
935
0
0
2187
0
1446.72727272727
2949
0
2183
1121
2927
1054
0
1008
1749
2953
2958
1678.89189189189
1811
1618
0
0
1744
1441
0
0
1248
0
0
1249
2027
2028
2286
0
1920.5
0
0
1802
2296
926
2038
1947.94117647059
2017
0
2161
0
0
0
0
0
0
1026
703
0
1992
1858
2518
682
0
2576
1911
0
0
0
0
0
2358
0
2933
2359
2953
0
0
1027
0
1154
0
2608
0
3026
2732
0
1734
876
0
3019
892
0
0
0
1470
893
965
0
0
1025
2739
2323
0
1105
3021
0
0
0
1911.81818181818
2547
0
0
2363
0
0
0
0
1081
1622
2923
0
0
0
1145
980
1779.8
0
1069
0
2358
849
1860.5
1865.46280991736
1120
0
3030
2002
0
0
2025
690
1745
2934
0
0
0
0
2890
1802
963
1825.05333333333
0
1891
0
1085
2184.875
1586
2687
0
2413
2028
959
1622.5
1594
742
2528
1081
0
0
0
2357
922
1766.5
0
0
0
2445
0
0
1767
0
1204.5
0
0
1305
0
0
2229
2880
1060
1020
1142
2315
1846
0
2424
1839.5
1207
915
1889
938
0
939
0
2000
2779
1842.5
1885
0
2822
1090
1143
1334
0
1073.85714285714
2118
1133.66666666667
1970
1114
1703
1734
1663
2463
0
1770.77108433735
1156
3027
2040
0
1511
1065
0
1319
1062
0
0
2424
596
0
0
0
665
2812
882
1927
0
0
1977.38888888889
985
1611
2697
2789
0
1085
2766.66666666667
2032
0
0
1843.5
0
0
815
868.5
1035
2581.66666666667
0
1774.03184713376
2215
980
2591
1120
654
1295
2104.54545454545
2776
0
0
0
1812
1501
0
2783
2012
0
942
0
1424
0
0
736
2159
0
0
1423.72727272727
1982
2386
3000
0
1773.98958333333
2732
1488
0
937
2262.76470588235
0
2992
0
1766
1934
2643
0
0
2529
1704
2880
3015
1028
0
1895
0
2979
1081
2587
829
0
0
0
0
2413
1185
1296
0
1850
1294
0
1369
1385
0
0
987
0
2018
2318
2337
0
0
1917.30158730159
0
949
0
2392
808
999
1503
1011
0
2958
1009
0
2098
0
0
951
0
1826.17171717172
753
1235
0
2250
0
1941
2953
0
1692.5
0
1506.14285714286
2944
785
0
1266
0
0
1037
0
1393
0
0
1019
0
0
0
1018
0
0
0
0
1917
0
1725
2316
2235.2
2116.40677966102
0
0
0
894.333333333333
475
2432
1181
1014
0
0
966
0
0
0
0
2481
0
0
0
2954
2247
1756.03921568627
1068
970
1123
1306
0
795
796
821
0
0
1333.5
1456
0
1444.5
0
0
1689.42028985507
2196
1096
961
2201
971
0
2767
1344
0
1767
1770
0
0
2548
1888
0
1693.76923076923
2645
0
955
0
0
0
2659
0
0
0
2845
2244
1090
0
0
1023
0
2084
1985
1991
0
0
1354.16666666667
936
984
0
0
0
0
0
0
2154.57142857143
0
1684
2321
1106
0
0
0
1259
2401
1280
1414
1511
2783
1714
0
2363
1051
2950
0
2392
0
0
1612
1097
1681
0
0
0
2459
2576
0
1907.5
2215
0
2644
1709.65322580645
0
0
1835
0
973
2536
0
1012
652
0
0
1896.36585365854
2163
2109
0
0
2713.5
0
0
2914
2037
1864.5
2985
2042
2445
0
0
0
1052
1132
1043
0
1831.27272727273
0
1067
480
0
0
0
1412
0
0
0
0
2175
0
0
0
1004
2487
1088
2539
2209
2923
2481
1113
0
0
0
2638
2135.90532544379
797
0
1348
2162.33333333333
0
0
0
2427.671875
2499
0
1702.15384615385
594
1712
786
969
0
2215
0
1208
0
1921
0
2864
0
0
760
1338
2287
0
0
1016
0
1146
0
2985
0
0
0
2342
0
0
0
1641
1831
948
0
949
0
0
1774.95
2424
955
1720
212
1014
1587.31506849315
0
0
2606
2176
0
0
2996
975
0
1052
0
0
0
1058
1808
0
0
2880
1008
0
0
2253
0
1630
2312
1655
1870
0
0
1936
0
2477
1153
995
943
2188
0
0
1558
2051
1286
941
743
1937
0
0
0
0
0
0
0
2835
1354
0
2374
1264
0
1022
0
0
0
0
1196
2420
930
0
2389
2424
2627
0
0
2167
0
0
0
0
816
3069
0
2211
0
0
143
0
1363
1086
1280
0
0
1872.48333333333
1366
1077
2054.43373493976
0
0
0
0
1170
1918.41935483871
0
0
1990
2536
1781.14285714286
1598
1891.5
1732
0
1931.6
1884
1121
2151
2282
1841
0
1895.04166666667
0
3030
0
1292
0
1496
1961
0
0
2244
654
3273
0
872
1704
0
1540
0
1707
2930
1223
2315
0
0
1067
1897.39837398374
0
1021
1545.84615384615
1822
2608
1729
741
1115
0
1131
2559
0
0
710
2151
0
0
1050
2446.75
2091
0
960
0
3130
0
1757.52830188679
1114.5
0
0
0
0
1998.2
1103
1070
1748.16887417219
810
1125
0
977
0
0
0
3018
1755
0
0
1081
0
1572
931
1493
1182
0
2646
1744
1523
1607.4347826087
2012
830
0
1765
0
0
0
0
1431
2380
0
3197
1851
0
2322.375
2860
2254
2847
2862
2165
0
1446
3030
2846
1920.2380952381
1750
0
0
3015
2126
0
992
2985
871
2544
0
2570
2092
1338
1892.16666666667
704
785
2081
1845.20952380952
0
0
2826
985
0
0
0
0
0
0
0
0
1695.66666666667
2364
1031
0
2840
2623
912
0
1182
0
0
912
1012
1903
2120.8322147651
2213
0
1974.5
2242
2188
0
0
969
1477
0
1551
2286
0
0
3013
1695.56842105263
1027
2121
0
989
1365
1409
3021
962
0
1053
0
2576
0
2132
2088
1581
0
0
1778
0
1084
2137
1366
0
2105
0
2846
0
1759
2116
0
2043.6
2027
0
0
2419.5
0
0
1810
0
2717
0
1541
0
1222
0
1903
0
2840
2701.5
0
2407
1524
1593
0
0
0
2717
1029
0
1068
1909
0
2222
1698
0
0
1446
2480
2412
0
2178
2203
1137
835
585
1139
894
1579
0
1847
0
1556
2194
0
0
0
747
0
0
1257.33333333333
1368
0
993
0
2390
619
902
2537
2589
0
1775
1732
1583.25
1085.5
0
0
0
2407
1010
0
0
1579.5
1848.56492693111
0
2341
1436
2752
0
1040
1036
983
0
988
0
0
0
1027
1443
2708
2503
949
2811
1146
0
0
1096
0
1653
0
1000
1629.72251308901
851
1699
2109
1634
2173
2953
0
0
2685
2511
0
0
2470
0
2025
773
2222.43023255814
1706.5
799
0
1973.72340425532
0
980
0
1618
0
0
1386
1784.77564102564
1039
0
0
931.5
0
1072
285
2117
1817
1565
0
0
1129
2454.5
0
0
0
0
1905
2827
1815.78
2637
1209
0
1007
0
1114
2205
0
0
0
0
1521.56913827655
3068
2687
0
1086
0
1159
0
766
1549
0
0
0
0
1970
0
0
0
0
1448
1891
0
2843
1126
1785
1079
0
0
1666
0
1071
0
2659
0
0
1074
2252.25925925926
2016.14285714286
2222
0
1292
1931
2089
0
2118.80952380952
0
1970
2745
0
1430
0
0
0
1937
2666
0
0
1942.59493670886
0
0
997
0
2008
0
2221
2643
928
0
2807
0
1948
0
647
1579.2
0
0
1316.5
0
1626
256
2602
1779
2559
0
1869.54545454545
1525
1956.72
2287
0
2089
2188
0
2470
1605
2617
1122
1664
984
1086
2787
2848
906
0
2390
2416
1439
0
1687
0
2800
0
2481.33333333333
0
1521
1868.21621621622
1903.48780487805
0
0
2181
0
2018
2804
0
2276
2129
0
0
1115
0
2432.5
2230.66666666667
1708
0
1111
3015
2072
0
2234
0
1644
2845
0
0
751
819
0
0
2855
2821
1080
0
2407
3042
540
768
1664.95238095238
0
3012
2168
944
0
1940.62179487179
1074
810
0
0
1442
1288
0
2159
0
999
0
0
0
1836
1980.33333333333
2314.66666666667
0
0
2993
269
0
0
1081
1305
1805
0
1861
2881
0
1650
0
1843
0
0
710
0
2574
2648
1349
981
1826
916
0
0
0
3021
0
2102.5
980
2163
0
0
0
977
1652
2902
0
1145
1726
1397.91666666667
2984
0
0
0
2591
3247
2209.5
2969
2459
0
2016
2026
0
2846
2089
1243
979
1919
0
2068
976
2426
0
963
1779
0
2066
0
0
0
0
2912
1094
0
1948
0
0
2761
0
0
2313
0
766
0
0
0
2054
0
0
1513
0
1136
1288
1026
0
1916
2189
2994
0
0
0
0
1795
0
2980
0
2442
0
0
0
0
976
0
2811
0
1026
1032
0
0
1042
0
2956
0
0
0
1431
1021
0
2373
0
2046
1469
1579
0
1611.5
1520
2409
2666
0
2482.33333333333
0
986
1967.68421052632
0
1908
0
1188
0
899
0
1083
0
2556
0
0
2391
1907
0
0
0
0
0
1448
2524
3034
0
2549
713
0
2095
1516
0
3011
1899.5
930
2552
0
2057
0
930
1810.08620689655
0
1899
2366
0
1986
2539.5
0
1363
0
1720
0
0
926
1565.75
0
0
664
1101
2594
1538
0
2303
2438
2418
1792.98648648649
0
0
740
0
0
0
0
1327
3002
2267
1122
0
1391
1391
1860
2301
0
0
0
2425
742
1408
747
2033
1078
1443
2277
1012
0
1300
1840
2485
1047
1478.33333333333
0
0
1566
1189.66666666667
1308.5
0
1117
1865.05555555556
0
0
1688
2589
1709
1053
0
0
0
1237
1927.5
2537
0
2559
0
0
737
1095
3014
0
0
2267.2
2320
0
0
1906
1857.25
1262
2359
1735
1863
2946
2804
2897
1028
1886
467
0
577
0
1524
1491
0
1116
0
1585
0
0
0
1520
1436
0
987
2071
0
943
998
0
0
2831
0
1658.53608247423
979
986
0
1114
2994
1020
0
2717
751
787
2366
0
1925
2258
1834.5
1884
0
0
2984
0
1168
0
2784
3000
0
1384
1116
1927.8
0
0
0
0
1132
2802
995
1831
0
0
2237.5
1346
0
1081
1752
1441
2892
0
2400.2
0
2102
1834
970
0
1332.125
961
2684
2267
1282
1944.33333333333
0
0
2301
0
1462
2935
0
0
0
0
2830
1648
1848.07407407407
2930
1156
1722
2440
2550
1931.51851851852
0
2258
1437
1280
685
0
2486
2280
0
1931
0
0
1807.03846153846
0
2972
0
3052
0
1017
0
1831.8679245283
856
1555
0
0
0
2133
0
1836.25
837
2536
0
2110
0
845
2174
0
0
2294
0
0
2549
0
1122
0
1969
0
0
1538
2747
2384.5
1327
1011
2103
0
0
1586
2237
1685
1456
0
0
2433
0
0
0
0
2340
2376
1665
2323
703
0
0
1001
0
0
0
1008
0
1735
0
0
2160
0
1765
0
0
0
0
1229
2251
1072
2282
2193
0
0
0
0
2090
2133
1063
0
2107
0
0
1870
604
1962
2488
2005
0
0
2922
0
0
1669.50877192982
1601.59375
0
3005
2923
2225
1703
0
1906
2307
985
0
1082
997
990
1672
988
0
0
2834
2048
0
1215
0
0
2900
964
0
2069.33333333333
0
912
0
0
2754
1909
0
0
1240
0
0
1954
0
0
2288
0
0
0
2913
1089
1116
2004
1562
0
0
0
0
1125
2369
0
1679
2804
934
0
1774
0
0
2620
0
1589
2591
2932
1236
0
1504
989
1979
956
0
1740.22222222222
1950.35849056604
0
2374
0
0
1655.65517241379
0
1757
1581
3010
0
0
0
1858.86178861789
713
0
2279
977
0
0
0
0
1250
0
0
1936
2370
0
2674
2682
0
1555.33333333333
1083
0
0
2020
0
0
0
1277.25
1037
1311
0
1000
1648
0
1011
0
0
0
2928
936
3023
0
0
2264.5
986
855
0
863
463
1802
2036
2243
1842.91666666667
970
2470
0
689
2652
2898
0
0
1638
1668
0
1516
844
0
3135
0
1142
0
0
3016
0
0
793
0
1187
0
2696
1774.5
1100
2130
0
1808
1251
2447
2203
1481.04166666667
2126
1657
2319
0
0
0
0
2384
0
1851
0
1732
0
2160
0
1670
2844
2999
1792.46153846154
1055
0
1032
0
891
1403
0
1570
1128
2315
2168
0
0
0
1096
0
2547
0
2499
0
2749
1354
0
0
2994
2947
0
1550
1857
0
1419
1439
1572
2041
0
0
0
2678
1074
0
796
0
815
942
980
2880
0
1438
0
2782
1614
927
0
1083
0
1501
928
2205.5
0
0
0
0
1019
0
1836
0
0
2191
1748.73076923077
2811
2844
1907
2117
2139
3010
774
1300
0
1694
3028
2100.75
1085
2665
1768
886
0
1084
0
0
955
1495
0
980
1918.17123287671
1034
1060
2728
2842
0
0
0
1078
1711.27186512118
0
0
976
2626
2066
1824.25
1103
2747
2469
2034
0
0
0
1729
2087
2720
2250
1879
2455
1928
2088
938
2113.53720508167
2029
2355
0
785
811
0
1456
1137
1049
1538
0
0
2000
1729
0
2827
1358
819
1070
2873
937
977
2139
2964
0
0
0
1678
2265.62181818182
0
1031
0
1953
1503.06060606061
877
0
0
1776
0
2678
984
2066.45454545455
2660
1316
0
0
2419
0
0
1118
1371.5
1913
1078
0
1059
2758
1543.8
923
1226
2535
0
1941
0
0
0
0
975
0
2078.95238095238
1363
0
2618
0
0
0
0
1148.375
1975
1905
576
1425
2300
2565
2068.63636363636
0
1068
856
0
2767
0
0
2856
2666
0
992
0
0
1074
1733
0
1374
1908
0
0
2751
3006
0
2670
2438
1637
2558
0
0
0
1098
0
1678
1994
1007
0
3010
1531
0
2453
2499
2249
753
0
0
2448
0
0
1829
1689
0
1977
1970.79411764706
1289
0
1860
0
2169.33333333333
0
0
0
1982
1649
1588.85064935065
985
0
0
1741
0
2181.5
2252
2089
0
0
0
0
940
0
2847
0
1690.5
0
1660
0
2113
0
892
1045
2080
1686.05
2234
2929
1799.32616487455
1482
1138
0
0
2286
0
929
0
1906
0
0
2642
1077.5
1900
2122
0
0
0
3244
2050
1535
979
0
1025
1877.52112676056
2574
2081.13888888889
2685
694
2447
1061
0
1744
1573.13888888889
1006
0
0
0
1543
2574
1698
0
1951.7
2538
2753
0
0
1187
0
1074
2949
1837
0
0
665
2999
2173
1643.55882352941
0
1061
1767
0
0
2312
1088
1991
0
2619
0
0
1534
919
0
1828.5
1142
0
2736
0
1436
2029.77777777778
0
2262
2488
2268
1988
1527.5
2033
0
1004
801
2640
0
1028
941
739
0
2268.66666666667
842
781
0
1081
0
2095
1146
1405
0
1500.95620437956
1960
0
1879
2017
1929
0
0
1907.95238095238
0
1875
0
1756.5
1676.36
886
0
0
2657
0
402
2152
1984
3018
1879
2018
2042
863
1154
1684.76119402985
688
973
1114
0
2271
2981
0
1443
1823
2303
829
0
1892
0
0
0
0
0
0
0
1083
0
0
0
2565
0
0
2173
0
2803
2448
0
918
0
0
2027
0
1795
0
1901
0
0
2125
946
1097
0
0
1448
0
2307
0
0
2386
760
2086
2063.003894081
1852
3018
1280
0
2003.1914893617
0
0
0
2666
1887.75
0
975
0
1326
1780
0
1883.66666666667
0
2211
2022
0
0
0
0
609
1178
0
1026
988
1039
0
2136
2368.66666666667
1758.59090909091
2506
2856
1935
0
1159
0
0
0
0
0
0
2758
1845
948
0
815
788
0
1550
0
0
0
2359
0
0
945
1264
2260
2931
2253
1465
2429
2840
0
0
969
1088
2002.66666666667
948
0
0
1998
766
0
1447
1042
2254
0
1321
0
1611
0
421
2295
1674
1768.66666666667
1312
0
1546.77272727273
0
0
2076
1717
1640
1941
0
1793.46341463415
0
0
1761
2970
0
0
1004
0
1749.23469387755
0
1087
0
1496.3
880
2237
2105
1419
0
1410
0
1926
0
2034
2336.24
0
0
2322
1010
1683.12903225806
2576
1654
906
2383
1321
2101.05263157895
2675
1102
820
918
2244
2062
0
2541
1520
0
0
0
976
0
1560
1581
1533.42857142857
0
2420
1014
1817
1609
1008
0
1027
0
2425
2602
2283.8
3010
2141.875
0
0
2457
0
0
0
1081
2626
2811
1342
2063
0
0
2158
0
0
954
0
2846
0
0
766
1415
0
0
1291
1453
1085
0
865
2113
1288
1041
2587
2385
947
825
1764
0
0
1659.25
1896.63265306122
0
1802
0
1096
2196
1524
632
1436
1321.75
0
0
2276
0
0
2159.84161490683
0
0
2176
0
1158
0
0
2063.07692307692
0
0
2107.65317919075
1186
2967
1773
1659
0
2210
0
2065
2757
1102
1413
0
2867
0
0
1596
2011
1734.40625
2644
710
1772
0
1425
1004
1433
2457
1439
2466
0
0
0
0
1958
0
0
0
0
1720
0
0
1031
1390
0
1678
854
0
2969
967
2064
1813
1028
0
999
2626
2535
589
2031
0
0
0
1850
2385
2004
0
963
0
620
1388
1034
0
0
2780
2313
0
0
1756
951
0
0
0
918
924
0
2208
1920
0
2005
2555
2041
1266
0
1789
914
0
0
754
0
2561
1633
0
0
0
2230
1888
2193.13432835821
2434
0
0
0
0
0
969
1182
0
0
0
0
1794
0
3029
2241
0
1015
1432
1906.25
0
1491
0
0
0
0
2095
1164
293
2287
2036
1806
1030
1918.43333333333
1559
0
0
2070.84444444444
0
1853.45454545455
0
0
773
2020
0
0
963
0
0
0
1017
0
1605.23333333333
970
0
0
0
2212
2682
1795
1647.72251308901
482
276
0
845
985
2866
1059
1785.57657657658
2972
0
1709.57352941176
0
0
1137
2007
0
1480
0
0
0
0
1268
0
0
1674
1425
1027
1022.6
2027
1922
0
2553
2826
0
0
995
0
0
0
2452
3243
2105
2253
0
1164
0
0
1533
1656
0
0
2912
0
1947.66058394161
3024
0
0
0
0
0
3070.25
1395
992
0
1118.5
0
1741.56097560976
0
1095
0
1884.15384615385
2776
0
2210
2213
0
0
2666
1097
0
1787
3003
0
1368
1000
2386
0
1851
682
0
0
1173
1190
0
0
2446
0
3037
2116
0
1552
0
2289
0
1633
0
0
2159
0
1814.42857142857
894
1082
0
0
0
0
0
2491
2201
1865.84671532847
3006
0
1793.36956521739
1076
0
1894
2543
1714
1593.625
2297
0
1519
0
962
2874
982
2085
1219.6
0
2838
1500
1538
2574
2086
2608
2085
1884
1883
0
3008
0
0
0
2126
0
0
989
0
0
1118
1051
2200
1653.66666666667
1501
1143
1109
1923
2985
2015
2551
2167
2011
2166
1937.5
2017
2221.37661406026
1535
0
2048
0
0
0
0
0
2025
1684
0
1103
0
1434
961
0
980
0
1497.5
0
1185
2837
0
1546
1970
0
1914.57142857143
0
0
2726
2169
1913.71818181818
0
319
1019
2599
1121
932
2371
0
2282.61538461538
2983
1859.5
0
0
3028
2894
0
1825
1988.16666666667
0
3273
1096
0
2965
3018
1871.33333333333
2587
0
0
1504
1830
0
1116.5
0
938
0
3028
2007
0
1589
1376
2151
1172
0
2841
0
0
1791
0
1798
0
2157
2589
2449.76470588235
0
0
1048
0
0
0
0
1396
1760.96103896104
1108
1100
0
2409
0
1097
0
1600
0
1818.50593607306
1642.57142857143
1346
1419
1626
0
1843
0
0
0
2895
1007
2493
2139
2028
1818
0
1032
1144
1996
838
2650
933
0
0
0
1589
0
0
908
0
2799
0
1524.5
0
2703
0
0
0
0
0
0
535
0
0
2512
0
0
1954
0
3010
2065
1772
0
0
947
0
0
0
0
0
2665
0
2309
0
771
1089
0
0
0
1082
740
2866
0
0
0
0
0
2591
1018
0
2534
0
1829.75
659
0
1137
978
1248
1315
0
2173.8
0
0
0
795
1943
1410
2113
0
3010
2006.18181818182
0
1988.93684210526
1988.9
990
1857
0
1890
0
0
0
0
1905.76923076923
1445
1694.44736842105
1207
0
1863.5
0
0
2129
0
2196.22222222222
0
2914
0
1750
1497
0
0
2483
970
0
0
2356
1350
2084
1735
0
0
2094
851
0
0
1119
0
0
2174
2300
1470
0
1359
1759.25
0
0
2036
0
2777
1054
2358
3022
1791
0
0
1697
2842
2945
1812.56989247312
0
0
0
0
856
322
1976
2089
2245
793
2708
2000
1545
0
2982
817
697
0
0
1744
0
2432
2634
0
0
2058.78348778433
1297.8
272
0
1157
0
2268.45890410959
1502
0
613
0
0
1787
0
1906
0
1140
2824
0
2265
2469
2122.07692307692
1028
0
1454
0
1116
1073
1732.61797752809
2951
1527.5
0
2223
1147
0
626
0
0
0
0
2442
2395
0
917
1879
1953.875
0
1573
892
0
1903
0
1109
1858.97647058824
2769
955
1137
1815.5
0
2415.55813953488
0
0
2049
0
3229
0
3001
2397
2437
0
0
0
1848
0
0
2404
1074
1280
3034
0
0
0
1324
0
0
0
0
2951
0
973
870
1406
1256.66666666667
2135
2703
0
2665
1056
2027.47126436782
2151
2054
660
0
0
1316
1331
1775.5
0
1724
1183
2221
0
1916.04054054054
1147
0
0
0
1326
1515
1703
1634
1382
1114
1112
0
2530
1429
0
894
0
2139
0
2347
1873
2620
0
0
0
1443
1707
0
927
0
1881.64285714286
0
2953
0
0
1565
1165.42857142857
1846
1508.83333333333
1761
1592
2482
2965.08333333333
0
0
0
2315.33333333333
2292.5
2964.23076923077
0
0
2136.4
2819.5
0
2294.75
1460.5
2162
2979
2253.5
0
1027
0
1430.66666666667
0
2963.35714285714
2466.22222222222
0
0
1442.6
0
2973
1706.15384615385
990
0
1271
0
2881.5
0
0
2889.33333333333
1406.25
2905
1899.36
1843.44444444444
0
0
0
2790
0
3084
1046
3076
2988
1680.75
2096
2511
0
0
0
1972
0
2941
0
0
0
0
0
0
0
2395
1737.5
0
1538
1009
2481.71428571429
1464.96875
2066.36363636364
2727
0
0
2080
2889
1113
1150
0
0
0
2988
2988
1089
2138
2248
2910.33333333333
0
1019
0
2996
0
0
3076
979
0
2006.2962962963
0
2934
2060.1
1435.75
2888
1733.67647058824
0
0
0
1998.8
0
0
0
2878
1868
1942.5
0
1381
1745
3002
0
0
0
3002
0
1003
0
0
1025
0
0
1087
0
1929
1604.5
1749.25
2905.33333333333
2899.25
0
1819
2517
1737.3
1657.33333333333
1979
0
0
2926.5
2871
0
0
0
1575.11111111111
0
2890
0
0
0
1170
2742
0
0
0
0
0
0
996
0
2873
2903
1431
2446
0
2240
1306
0
0
0
0
0
0
1990
0
0
0
1382
2112.5
2251.75862068966
2889.5
0
0
0
2033
0
1648
2973
0
1779.58064516129
0
2666
1252
0
2039
0
0
1831
1901
1344
2953
1067
0
1162
0
0
0
0
1934.1
0
2388
0
0
0
2088
2464
2383
950
1018
2889
2892
0
0
1675
0
0
2764
0
1620
0
0
0
2425
1071
1079
0
0
0
0
2666
1069
0
1825
1703
0
1432
2908.8
0
0
0
2745
0
160
0
1875.80555555556
0
0
0
0
893
0
0
0
0
1229
2225
1055
0
0
0
0
0
0
0
1498.5
1804
2980
0
1152
1044
2892
3052
2957
2066
0
2685
0
0
1380
1105
0
0
0
2889
2984
2081
3000
0
1534.04347826087
0
0
0
2471
1812.33333333333
1730.7650273224
0
2153
0
2483
1233
2735
0
2261.33333333333
0
0
0
0
0
2843
0
1092
2349
2884
3014
0
2893
0
1123
2901.5
0
1083
0
2763
0
3076
1464
0
2290
2215
1661
0
1506
0
0
0
0
0
0
0
3035
0
0
1629.53333333333
0
0
1082
2039
2848
0
1682.74502923977
0
2922
2906.71428571429
2435
0
0
2018
964
2075
0
2889
0
0
0
1155
1673
0
2833
0
0
1987
0
0
0
0
0
1436
0
0
0
0
0
2203
2947
2763.55555555556
2724
0
2652.5
2340.83333333333
964
0
2257.83098591549
2372
2541.33333333333
2058
2412.38461538462
0
1289
0
0
0
1494
0
0
0
0
0
0
1929.25
0
0
0
1514.5
0
2166.86206896552
2439.33333333333
0
2039.33333333333
0
0
2973.5
0
0
2109.92857142857
0
0
2947
2296.91666666667
1923
2739.41509433962
2947
0
2169
0
2324.8
3012
2887
0
0
0
0
0
2625.57142857143
0
0
0
0
0
0
0
0
0
0
0
0
1992.16666666667
2667
2129
0
0
1065
0
923
0
0
2350
0
1337
2398.83333333333
0
996
0
0
0
0
0
0
1540
0
0
0
2984.66666666667
0
2197.15384615385
2158.23076923077
1123
1119.5
0
0
2597
848
0
3065
0
0
0
0
1669
0
0
0
0
0
0
0
0
0
1798.33333333333
1453
0
1375
2494.33333333333
807
0
0
0
0
0
0
0
0
0
0
0
0
1605.25
2431
0
1073
828
0
0
0
0
0
0
0
2141.8064516129
2500.57142857143
1895
2022
0
0
0
0
1825
0
0
0
0
0
2438
0
1045
1113
0
0
0
2386
2936.28571428571
2092
0
0
0
0
1673
0
0
0
0
0
0
0
0
2750
2001
2135
2229.16666666667
0
0
0
1332
0
0
0
0
0
2135
0
1016
0
0
0
1078
2885.33333333333
0
0
2518.25
1439.33333333333
0
2334.33333333333
0
0
2244
1799
2171.33333333333
0
0
3021
0
0
0
3014
1774.625
0
2438
0
2778.2
0
0
0
0
1893
1538
0
0
0
0
0
0
0
0
907
0
0
0
0
0
0
0
0
0
0
1866
0
0
0
2460
880
2631.5
1925.90697674419
1337
0
991
0
0
0
0
2552
0
0
1109
0
0
0
0
0
880
990
1431
2986
2421
0
0
1041
0
0
724
996
0
633
0
0
0
2160.66666666667
0
2890
0
0
1332.33333333333
0
0
0
0
1831
0
0
0
0
0
0
0
0
0
0
0
2802.33333333333
0
2865
1213
0
0
0
0
1969
0
0
0
1066
0
0
0
0
0
0
2280
0
2947
1799
0
0
0
0
1604.6
0
939
0
0
2526
0
0
2959
1684
0
2564
0
2417
1516
0
0
0
0
0
0
0
0
0
0
0
0
2020
860
0
1065.5
3002
0
0
0
0
0
0
0
0
0
0
2505
0
1699
2039.5
0
0
0
0
0
0
0
1970
1592
0
0
0
0
0
0
0
0
0
0
0
0
0
0
0
0
0
1993
0
1019
1138.5
0
810
2041.85106382979
0
1664
0
0
0
0
0
0
0
0
0
753
0
0
1226
2358.4
1349
0
3054
3041
0
0
3047
0
0
1021
0
2851
0
0
0
0
0
0
0
0
2994
635
0
0
0
858
0
0
0
860
0
0
0
0
0
0
3009.75
0
0
0
0
0
0
0
0
0
0
0
0
0
0
1383
0
0
0
0
0
0
2169
2634
0
0
0
0
1171
0
0
0
0
0
0
0
2716.5
1182
0
0
0
0
0
0
0
0
0
944
0
0
0
0
2888
0
0
0
0
0
0
0
0
2333.45
1833.16666666667
0
2811
0
1592
2615
0
0
1139
0
0
930
2777
0
0
0
0
0
0
0
1650
1100
0
3006
0
0
2851.5
0
0
0
0
0
0
0
0
0
0
0
1828
0
0
2124
2846
0
0
0
0
0
0
0
0
788
0
0
0
0
3016
0
0
0
3013
3042
550
0
1549
0
0
0
0
0
2007
0
2347.11111111111
0
0
0
0
703
1080
0
0
0
0
0
0
0
0
2770
0
1803
3019
0
1093
0
0
0
0
0
0
0
0
0
0
2852
0
0
0
0
0
0
1427.25
1977
0
0
0
0
1071
1036
0
0
0
0
0
0
0
0
1625
0
0
0
0
0
0
2396
0
1300
0
0
0
0
0
0
0
0
0
0
0
0
0
0
1780
0
0
852
0
0
0
958
0
0
0
0
0
767
0
0
0
1910
0
0
2861
0
1716
0
2600
0
2312.59016393443
1763
0
2439
2299.5
0
1024
0
0
0
0
0
0
0
0
1779
2512
0
1767.47222222222
0
0
0
0
0
950
0
0
0
1931
0
0
2322.82352941176
0
0
0
0
0
2886
0
2947
3014
0
0
0
2065.33333333333
0
0
0
0
0
0
0
0
0
0
0
0
0
0
0
0
0
0
0
0
1643
2291
0
0
0
0
0
2947
0
1318
0
0
0
0
0
0
1616
0
0
0
2535
2418
0
2746.5
0
0
0
0
1550.66666666667
0
0
0
0
0
0
0
0
3013
0
0
0
0
0
0
1723
2169
1941.1038961039
0
0
2120
0
0
0
0
1113
1234
0
0
0
1432
0
0
2659.5
0
0
0
3002
0
2768
0
0
0
1731
0
0
0
0
642
0
0
0
0
1931
860
0
0
0
1691
2391
0
0
0
2696
0
0
0
0
0
2761
0
0
0
0
0
0
0
0
0
0
0
0
0
642
991
0
864
0
0
116
0
0
0
0
0
0
0
0
0
0
0
860
2296
0
0
0
3013
0
0
0
982
910
0
0
0
2584
0
0
0
0
0
2865
0
3019
0
0
0
0
0
767
0
0
0
0
2083
0
0
0
0
0
1681
3015
0
2112
0
1489
0
0
0
0
0
0
2459
0
0
0
0
0
0
0
0
0
0
0
0
0
0
0
3013
0
915
0
0
0
856
0
0
0
0
0
0
0
0
0
1029
0
0
959
0
2480
1065
0
0
0
793
0
3069
0
852
0
1866
0
0
0
1540
2280
0
0
1453.875
1075
0
0
0
0
0
0
0
2770
0
0
769
0
0
0
0
0
996
0
0
0
2356
0
0
0
0
2162.76271186441
0
2026
0
0
0
0
0
0
1116
0
0
0
0
0
0
0
0
0
0
0
0
0
0
0
0
0
0
0
0
1025
1312
1842
0
0
0
0
0
1407
0
0
1023
0
1113
0
0
0
1091
0
0
0
0
0
0
2565
0
1076
1386
0
2009
0
0
0
0
1868
0
0
0
0
0
0
0
0
1154
0
0
1821
1009
0
0
0
0
870
0
0
0
2583
0
1445
0
0
0
0
0
0
965
0
0
0
2072
0
1299
0
1337
2505
0
2988
0
0
0
0
1658
0
0
1913
1650
1574
3085
2277.67656765677
1810
0
0
0
1457
0
0
0
1449.45454545455
0
0
0
0
902
0
0
0
0
0
0
0
1443
0
0
0
0
0
2227
0
2022.85714285714
0
2515
720
0
0
998
0
0
0
0
2705
977
0
0
3039
0
2795
0
1757.90909090909
0
0
0
0
2194.5
0
0
1028
0
1072
0
0
0
0
0
1751
0
0
0
0
0
0
0
0
0
0
0
2968
0
0
0
2160
0
0
0
0
0
0
1178
0
0
0
0
0
0
3029
0
0
0
0
0
0
1785
2947
1822
0
0
0
978
0
2947
0
0
0
0
0
1522
0
0
0
0
0
0
1944.68518518519
0
866
0
0
0
0
0
0
1559
0
0
0
0
1060
0
0
2335
0
3019
0
0
2438
0
0
0
0
0
0
0
0
0
0
0
0
0
0
0
0
0
2738.5
2275
1526
0
0
0
0
0
0
0
0
2551
0
0
0
0
0
0
0
0
0
0
2142.21212121212
2979
2092
0
2132
0
0
0
0
0
1884
0
1520
0
0
1172
0
0
1781
0
0
0
0
0
0
0
1739
0
0
0
2281
0
3016
0
1977
2355
1549
1698
0
0
0
0
0
0
0
0
0
0
0
0
0
3029
0
0
0
420
3054
0
0
0
0
0
2627
2088
0
0
0
0
0
0
0
0
0
0
1027
0
0
1580
0
3042
0
0
0
0
1630
0
0
2321
0
0
0
0
0
2298
0
1093
0
0
0
0
2814
0
0
0
0
0
0
0
0
0
0
0
0
0
1078
0
2877
0
0
0
0
0
0
0
1984
0
0
0
0
2752
0
0
0
3013
0
0
0
0
0
0
0
0
0
0
0
0
0
1102
0
0
1957
0
1113
0
0
0
0
0
0
1844
2088
1958
0
0
0
0
0
1875.11111111111
1336
1295
0
0
0
0
0
0
1721
1088
0
0
0
0
1824.1
0
0
0
0
2632
2002.32432432432
2871
0
0
2517
1910
0
1477
0
0
0
0
0
1089
0
2120
1055
2080
0
0
0
0
1398
0
2295.33333333333
0
0
0
0
0
3047
3038
0
0
0
0
1407
0
2164
0
0
0
2342.5
0
0
2988
2159
0
0
3016
0
1199
0
1822
0
0
0
0
0
1815
0
1113
0
0
2947
0
1801
0
0
0
0
0
0
0
677
1026
0
0
0
0
0
0
0
0
0
0
0
0
0
990
0
0
0
0
2820
0
0
0
915
0
0
0
0
0
0
0
2531.5
0
0
1926
2280
0
0
374
0
0
0
0
0
0
0
2428
0
0
0
0
1824
0
1213
0
0
1549
0
0
0
0
0
0
0
0
0
0
0
0
0
2947
0
0
0
0
0
1034
0
0
0
0
0
0
0
0
0
0
0
0
0
0
0
0
0
0
2005.5
0
0
0
0
0
0
2383
0
2237
0
0
0
1086
0
0
0
0
1923
0
0
1362
0
0
0
0
0
930
0
0
0
0
0
0
1043
0
0
0
0
0
2074
0
0
0
894
1034
0
0
0
0
0
0
0
0
0
2753
0
0
0
0
0
0
0
0
0
0
0
0
0
0
0
0
0
1407
0
0
1074
0
0
0
1683
0
0
0
0
0
0
1704
0
0
0
0
0
0
0
0
0
2006.42485549133
0
1676
0
2603
0
0
0
0
0
0
0
0
0
0
0
0
0
3013
0
2379.5
0
577
2267
0
0
3007
823
0
0
0
0
0
966
0
2830
0
0
0
1055
0
2154
1022
0
0
1318
0
0
0
0
0
2833
1392
0
0
0
0
2552
0
0
0
0
0
0
0
0
0
0
0
0
0
0
0
0
0
0
0
1115
0
0
0
0
0
0
0
0
0
0
0
0
1553
0
0
0
0
0
3029
0
0
0
3013
1339
0
0
0
1740.625
1108
0
0
0
0
0
0
0
0
0
0
0
742
0
0
0
0
0
2640
0
0
0
1150
0
0
0
1117
0
0
0
1822
2282
0
0
0
0
0
0
0
0
0
0
0
0
0
0
0
3019
0
0
0
0
0
2719.09090909091
0
0
0
0
0
0
0
0
0
3038
0
0
0
0
2278
0
0
3013
0
0
1430
0
2100.66666666667
0
0
1549
0
0
0
0
2362
0
0
0
0
0
0
1949
948
2361
0
0
1183.5
0
0
0
0
920
0
0
0
1914
0
0
0
0
0
0
0
0
0
2107.57142857143
0
0
0
0
0
0
0
0
0
0
0
1115
1541.85714285714
0
0
0
822.5
660
0
0
0
0
2853
0
0
1622
0
1980.4
0
0
2615
2982
997
0
0
0
1913
0
0
2245.5
0
0
2767
0
1688
955
0
0
0
0
0
0
1779
0
0
0
0
0
0
1032
0
2947
929
0
0
0
0
0
0
0
2321.5
0
0
1818
1287
0
0
2621
0
0
0
2272
0
0
0
0
0
919
0
0
0
0
0
0
0
0
1389
0
0
0
0
1419
0
0
1108
0
0
0
0
1891.33333333333
0
0
0
0
0
0
0
0
0
0
0
2525.5
0
0
0
0
0
0
0
0
0
950
0
1113
2175.2
0
0
0
0
0
0
0
0
2752
0
0
0
0
0
2331
0
2127
0
0
0
1868
0
0
1679
1507
0
0
0
2782
0
0
0
0
0
0
0
2930
0
0
2403
0
0
0
2683
2886
2083
0
0
0
3013
1731
0
0
1148
0
0
0
0
0
0
0
0
0
0
0
0
2957
0
0
0
0
0
2312.5
0
0
0
0
0
0
0
0
3046
0
2617
0
0
1171
0
2693
0
0
0
907
0
0
0
0
0
0
0
0
1457
0
984
0
0
1790
0
0
0
0
0
0
0
0
0
0
0
0
0
0
0
0
0
0
0
1175
0
0
1020
0
0
0
1010.66666666667
0
0
0
0
0
2986
1489
0
1648
0
0
0
0
0
1446
881
0
0
0
0
0
2784
0
0
2528
0
0
0
0
674
0
1889
996
0
0
0
0
0
0
0
1669.64705882353
2169
0
0
0
0
0
0
0
2845
0
0
1799
1031
0
0
0
0
0
0
0
2833
0
1625
2805
0
2397
0
0
1108
2276.88461538462
2315
2390
0
0
1929
0
0
0
0
1947.64864864865
0
0
0
0
0
0
0
0
0
0
0
0
0
0
0
0
0
0
0
0
0
0
0
0
1229
0
0
0
0
0
0
0
0
0
2474
0
0
0
0
0
2697
2683
2790
0
0
0
1773
0
0
0
0
1679
0
1086
0
0
0
1535
0
0
0
0
1337
0
0
0
0
0
0
0
1822
0
1939.08333333333
0
0
0
0
0
0
582
0
0
2438
0
0
0
0
0
2055
0
0
0
0
0
2878.8
0
0
0
0
0
0
1489.33333333333
0
0
0
0
0
0
0
0
0
0
0
1296
0
0
0
0
0
0
2059.85714285714
0
1980
0
0
1136
1170
0
0
0
856
0
0
0
2259
0
0
0
0
0
0
0
3111
0
0
0
0
0
0
1889.078125
0
0
2989
0
0
0
0
1025
0
0
1776
0
0
0
0
0
0
0
0
0
0
0
0
0
2373
0
1012
1681
0
0
0
0
1027
1379
3016
0
0
1296
0
0
0
0
0
0
0
2387
0
1129
0
0
0
0
2530
1034
1520
0
0
2761.5
0
0
0
0
0
0
0
0
1484
0
0
2090
0
0
0
1011
0
0
3013
807
0
0
0
1955
0
0
0
0
0
0
0
0
1716
1608
0
2130.46428571429
2902
0
0
2902
3013
0
0
0
0
0
1942.25
0
0
0
0
0
0
0
3013
1814
3013
0
0
0
1528
0
0
3016
0
2267
0
0
0
0
0
0
0
3013
1080
0
3013
0
0
0
0
1376
0
0
0
0
0
0
0
0
0
0
0
2118
0
0
2493
0
0
0
1435.83333333333
1769.71428571429
972
1390.33333333333
0
0
0
1818
0
0
0
3021
2957
0
0
0
0
2197
0
0
0
0
0
0
0
0
0
0
0
0
3019
3019
809
0
0
2904
2904
0
0
0
0
0
0
0
1931
1134
0
0
1503
0
0
0
0
978
0
2670
1357
1887.5
0
0
0
1123
1296
0
0
0
0
0
0
2886
0
0
0
2941
0
0
0
0
0
1321
0
0
0
0
1058
0
0
1540.64705882353
0
0
0
0
0
1885
0
1438
0
0
0
0
0
0
0
2826
0
475
0
0
0
0
0
2793
2753
0
0
0
0
1999.33333333333
1774
0
0
0
0
3013
1171
3013
0
852
0
1700.33333333333
3013
0
0
0
0
0
0
0
0
0
0
0
0
0
0
3013
0
0
0
0
1003
0
2629
0
2244
0
0
0
0
0
0
0
0
0
0
0
0
0
0
0
0
1967
0
1855.06730769231
2553
0
0
0
0
2801
0
0
0
0
0
0
0
1931
1931
2297
0
0
0
1113
0
0
0
0
0
1090
0
1881.5
0
1263
0
0
0
0
0
1050
0
0
0
0
0
3016
0
0
0
0
0
1560
0
0
0
0
0
0
0
0
1594
0
0
2192.16666666667
2957
0
3013
0
1016
0
1094
0
1900.79268292683
1171
0
1630
0
0
0
0
0
1907
0
0
0
0
0
1083
0
3007
1746.25
0
0
0
1744
0
1630
1145
2396
0
2076
0
2010.5
1369
1234
0
0
0
2947
0
0
3069
2267
2274
1574.75
0
0
2220
0
1198
0
0
1165
2833
0
0
2610
0
0
0
0
0
0
2042
0
1979
0
0
0
0
0
0
0
2259
0
0
0
0
0
1809
0
0
0
0
2167.71428571429
0
1124
1040
0
0
0
0
0
0
0
0
0
0
0
0
1723
0
0
0
2121
0
0
1466
0
0
1528
0
2994
0
0
1913
1913
0
2227
762
1085
0
0
0
0
3021
1198
2257
2388
0
0
0
1071
0
