0
174791
925
0
41804.6315789474
0
42791.2121212121
53508.9785714286
48154.9523809524
63154
45983.5128205128
4794
12190
0
54282.9696969697
86654.6666666667
59380
0
24028.5
148975.5
31226
29469
215812.636363636
188521
16542
15328
155536.823529412
153049.666666667
37737.6666666667
121729
32764
45259.4347826087
15781
0
96068.7142857143
86377.125
81852.6666666667
79899.9852941177
0
59502
200573.5
0
29123.3333333333
104993.307692308
0
57526.5660377359
0
6712
68719.625
15036.3333333333
195628
35873.8666666667
0
54377.4285714286
64575.6666666667
29404
18123.6666666667
133019.8375
14106.5
56905.4586956522
34729.5
89760
65574.4590163934
133465.928571429
11253.6
16486.2666666667
49337.1785714286
47995.5
70183.75
55473.0714285714
30250
71991
0
39047.4
26665.75
41442.5
22799
69770.4333333333
2071.5
234754
0
42084
59470
22408.1
77733.1666666667
15339.6
0
94098.5744680851
74751.9230769231
29426.2857142857
0
15315.8947368421
42660
0
12296
0
6165
135135
10486
0
207176
52033.6666666667
14842
28442
0
86275.3214285714
224006.25
20144.75
204993
59502
62172.75
67910.0097087379
11535
110916.666666667
649890
20844.6
33742.5
15306.5
0
13306
53383.2
23482.6
3702
153630.333333333
0
96266.8461538462
58371
72106.6666666667
59842.8571428571
32203.8947368421
0
9073
381852.833333333
0
7202
233603.5
0
27362.5
97663.75
16171
40555
42095.9444444444
0
0
51331.1428571429
97893.6
5949
45343.4285714286
5201.5
71396
0
83426.5
148075.138888889
40784.9285714286
172225
76155.7
3589
49024.6
89668.3529411765
0
285731
76649.1666666667
82898.3333333333
2488
106240
41369
23472
43006
98094
3505.4
0
1600
33348
864
0
116997.714285714
131642.733333333
141513
0
0
145236.376470588
63793.3333333333
17922.25
6212
60561.3733333333
41702.1
12918.2142857143
42077.1111111111
34579
51039.5
65815.4444444444
0
41218.6153846154
86125
71823.4444444444
28387.5454545455
5630.5
70946.5714285714
21930.25
57283.9318181818
56365.8
73454.5
214080
20081.1666666667
42272.8448275862
44843
77267.4285714286
19592.5
210574
7496
67396.5
38839.1538461538
0
0
100004.75
0
1998
47706
90991.1428571429
0
14555.5
50527
27369
0
0
128518
135521.833333333
60406.3333333333
26732
93481.9
26598
26536
3192
10272
18049.5
102629.5
33930.3333333333
0
2751
82070.3272727273
0
0
0
108562.833333333
118492
28716.4893617021
3474
0
120509.648648649
32014
6601.5
0
141194.448275862
49079.1818181818
62738.8888888889
101799.5
154715.25
1441
61608
5429
5477
4293.25
0
0
11017
48229
74502.8888888889
2677.5
54209.4
0
0
106569
76841
13104
64314
107399.222222222
9449
0
8226
87909.3243243243
109399.5
43238
0
117642
51996
0
816
82692.4285714286
54297.5
34608.8571428571
37293
285731
161682.9
85444.6
69144.8
41565
36707
0
98422.5454545455
8434
30901.9047619048
457
9896
25242
38989
0
104709
0
5432
52420
0
0
70479.5833333333
16710.5
79991
63571.2424242424
136047
55387
44047
2229
13059
1911
222947
0
154063.125
0
139258
11305.6
23259
281231
94296.7230769231
136673.25
91662
132193
17358
0
0
381852.833333333
157846
69099
23532
50803
1964
20649.2
0
0
0
0
39743.375
48146.2222222222
227402
34975.4
1001.5
106329.6
227872
21101.5
218785.031746032
83879.8
0
30609.6875
41283.2857142857
44974.5
50980
73043.8
99986
52427
12043
134209.4
0
99511.0769230769
77394.5
9740
64219
12107
41314.0512820513
62740
94738.7619047619
26680.5
50408.8559322034
68770
45777.9060402685
18223
0
23604.2
106479
77801.5
56017.8
0
0
89468.3333333333
0
1
7490.33333333333
324997.5
24001
0
0
66627.6666666667
161199.411764706
1848
54515
2521
38155.9090909091
245070.25
42695
111661
87554.75
137122
110540.333333333
46010.5535714286
45583
152142.217391304
11505
19488
99912.75
62319.2
86785.3333333333
107274
0
16486.6666666667
27690
66590.1818181818
45528
53417.2857142857
82209.9266666667
538289
135841.2
14892.9
0
28086.6666666667
105805
40915.75
38541
111660.5
79184.5217391304
75204.5
0
279898
132991
10643
56687.3333333333
13399.25
378530
71333
0
182598.833333333
19277
30758
0
128556.8
48930.4504950495
26402
192094
79082.90625
16544
153584
95668
112114.666666667
47031
18633.5
86347
0
52505
16179.5
26486
77066.2
10166.5
15598
0
2621
4947
0
0
25858
3801
34893.75
73209.4
45787.5294117647
99569
63657.9473684211
36249
65534.2727272727
46403.625
54673.5
538289
11240
39312
0
0
0
231
41955.9393939394
18220.5
55385
23759
269752.714285714
15446.2727272727
0
1322
6282
0
26670.25
0
39076
16967.975
17978
63034
58709.8125
26002
0
27306
82816
49456
8853
72350
0
0
75416
0
3240
41778.6666666667
20401
0
49156.8571428571
75871.6666666667
35030.5
119408
58902.9191919192
0
1114
0
136614.348837209
54385.6
0
29085
108988
33186.3157894737
45206.6860068259
55209
1106
0
0
218279
0
59502.5151515152
226949
29497.1666666667
11984
0
4233
13166
8255.5
114423
114476.333333333
9321
9982.75
384560.6
19080.5
61234.2
0
0
131587
43174.6666666667
46871
9676
53429
2509
0
40349.3333333333
106300.6
0
22547
17643
0
0
51972.75
52737.6
79773.25
43068.3333333333
178430.4
0
133519
222049
0
58834.5
20365
0
0
0
0
74919.3673469388
145174
35624.2857142857
0
95578
14033
0
103208.972972973
0
172194.625
42725.45
63779
40530.7142857143
101136.5
5285.5
33065.5
42322.754491018
31833
0
38648
0
15392
46040
52643.1764705882
34684.7142857143
0
101464
45642.1428571429
76585.0444444444
0
0
1916
48408
0
45645.1471571906
78002
41848
0
43483.5
8503
202
1329
19298
31319.0625
124921
26733.5
9
29972
18651
90373
24863
18533.8723404255
153362
81892.5
71315.4827586207
1362
0
4558
0
0
0
3642.125
1394
44268.5
18363.5
0
0
154329.533333333
20640
51520
0
0
27870.3333333333
28684
869
0
30105
0
0
58783.3333333333
0
37729.4285714286
18221.5
37592.4
101031
0
0
152804.576923077
34823.5
22695.5
34365.5333333333
677
90620
70564.6842105263
78736
74213.6
0
242798
44702.625
23512
47607.6666666667
16442
3737
62024
79734
0
105482.029411765
20142.7333333333
10879
75681.25
11898
0
115485
36190
0
52887.6666666667
10475
0
13727
115142.272727273
25116.25
38472
188496.5
31619
0
52751.3333333333
1739
0
0
0
0
31997.6009852217
399
19928.5
0
30982
6895.66666666667
92203
57090.8571428571
35609.625
10944.8
53619.7647058824
0
85964.3333333333
19033.5
5275
873
0
75119.6666666667
27247.75
45366
110533.481481481
156344
16873
0
111620.230769231
0
30750.65
0
30316.6857142857
5141
0
0
52909.3
34636
0
12114
15865.125
37065.4444444444
13239
14723
27245.2
7621
86933.7142857143
228197.428571429
75778.9333333333
137733.380952381
0
0
0
0
2704
145182
84725
0
68095.8064516129
5681
36058.8333333333
9132
31662.2181818182
0
6967
44296
99939.8095238095
60876.6363636364
80272.85
0
0
0
0
72294.8333333333
17102.3333333333
2079
2049
0
183165
3950
0
9609.33333333333
22101
3647
29988.9285714286
4543
32959
0
132135.25
168858.4
122814.8
0
7116
4008
0
44630.6666666667
1001.5
27172.3571428571
18642.3333333333
72322
25630
42809.1666666667
110457
175057.55
76453.8571428571
129528.761904762
93440
348007
48684.3043478261
45503.3333333333
11647
0
945
2246
4192
422714
75112
29871.3333333333
0
24674
43238
82939.431372549
73744
10143
50199
0
234460
2801
51710
40930.6
0
39775
0
50335.925
63241
2061
48938.8620689655
0
17642
45366
59815.8
0
160797
64766.7307692308
42086
0
133411.25
0
7601
0
76665.5
294597
0
3423
2501
62452.5714285714
0
8553
27436
127896.736585366
46474.46875
163254
56095.5
0
206103
257414
75983.5
1445
213434.25
11534
60528.5
23452.6666666667
0
93968.5
405395
105845.833333333
0
47753.5789473684
0
0
0
32856.7777777778
40374
31228
0
95660
52682
18851
0
27346
0
852
10751.8
0
9527.33333333333
0
0
113032
14310
2541
79091
60075.5294117647
0
0
15319
92748.5
53309.8
27856
30508.5
58810
69007.5454545455
549
575814.6
0
1354
0
157626
0
0
0
3639
115651.6
18496
186679.666666667
13133
0
118256
13908
53276.0909090909
112566
0
0
0
17826.3333333333
13792
11454
0
15613
191513.5
22453.75
100089
0
77182
164583.333333333
3066
48125
2843
0
0
3639
8054
38628
20555.3333333333
104808
60512
1332
0
40231.5
0
74973.5294117647
0
43354
58442
90247.6
250951
0
3211
20127
31679
124156.8
1525
85432
0
0
0
95347
215601
40805.6363636364
9160
16180.3333333333
22340.4285714286
22010
87910.8181818182
0
0
0
23484.6666666667
21590
17904.5
84274.347826087
0
8208
6525
0
57241.4673913043
0
63881.6
33716.92
21099
61507.2105263158
45838
122072.304347826
0
8663
14839.6666666667
212915.5
60620.3548387097
0
126125.333333333
82748.1369863014
184140
161735
58293.5714285714
46376.6
0
114737
97341.6
31582
0
8372
0
298346.090909091
33703.3333333333
32389.2272727273
0
29184
0
611
15252
6858
53378.6666666667
93609.2105263158
99640.25
15768
15
88338
0
3776
117812
47568.3333333333
117415.5
3285
3365
40781.3333333333
49861.4
12354
49749.1666666667
686
314387
55847
37290.5
26365.6666666667
4509
95414
0
0
121814.875
0
6186
0
36903
45056.8
46347.1666666667
0
0
0
26833
169956.285714286
43605.75
0
0
7760.5
134843
148093.102040816
90173
986
0
0
66239.5
96869.6666666667
0
13834
13605
421
30735
5428.33333333333
203380
72963.5
100420.25
26379
6305
40824
3479
0
41146.25
73747.3333333333
6305
3370
20747
21063
0
44530.6
0
14896
127839.863636364
33031
0
249143
15144
103331.2
1631
38828.6964285714
33385.5
63198.2119914347
6125.66666666667
35824
76371.5
78736
3639
46092
0
2939
0
44028.6666666667
44123.3333333333
0
5246
0
24786
8982.5
36495
76229.1944444444
2417
0
0
0
0
27568
24476
35170.5787234043
2650
4789
4656.5
223441.368421053
0
0
88430.5
45261.7
25306
9310
61813
59348.5
13262
0
35004
99991
59793
34585
190162
216295.75
22534.75
2750
41286.2222222222
0
10338
0
52570
3120
0
36094
123244
98896
0
15971
2577.5
0
18433
0
0
21716
68744.5
82346
12097
20777
4427
0
33348.9285714286
107817.894736842
0
34263.5
0
59103
50069.2
46011.5
117748
0
140946
3465
0
0
1
98484
49317.5392156863
17406
119
41031.5263157895
52215
3949
0
1525
0
17672
8484.5
21397.5
37683
1445
98501
0
15631
90470
0
0
69149
86964
18736
0
0
191
30508.8
13059
0
0
2385.5
79
19864
0
13960
10158
76190.5
28982
46566.1428571429
9047
0
412911
10166
0
80314.625
40397.75
0
122359
14113.5
0
0
20605
35477
0
13426
0
24682.0665137615
54005
58953.5384615385
80622.25
0
82278.1153846154
71502.5714285714
80706.5263157895
267092.142857143
69456
30941.3333333333
0
0
169815
0
174126.4
131049
0
54855.25
137579.416666667
0
275855
0
43325.3333333333
0
0
2425
27920.6666666667
0
57851
0
99562
30702.3720930233
17449
0
0
107581
16636
88119.0263157895
35489
31025.6666666667
0
0
14371
0
11992.3333333333
0
57694.6666666667
3706
40992
48319.6725888325
2506
14939
0
17485
0
157048
0
18032
20420.7142857143
19962
14423
0
0
25524
0
54193
0
39315.75
227959
9509
0
39840
3312
4479
0
0
0
0
0
59628
0
4087
0
1502.5
4009.66666666667
76197.7857142857
45240.25
76960
26732
5140
24970
8438
64940
4890
0
170425
70873.4285714286
0
0
14242
0
111478
0
164934.2
126135.6
46371.0869565217
32871
32888
46799.5
59288.0377358491
74758.7619047619
0
0
0
23445.6666666667
85890.8
0
22801.5
40010.75
1384
0
1070
114714
17213
0
81656.6666666667
60210.2857142857
133855
32253.5
0
78005
186950
4165
0
3506
0
245028
50024
31798
484
1385
26516
73365
86513.8793103448
0
90058.3333333333
27274
111923.461538462
6828
98907.6666666667
0
130073
0
34987
43926.3333333333
47822
12295
56520
8286
106260
0
25237.3333333333
32847
24291
0
89861.6
199963
0
79250.3333333333
47580.5
88538.6
35384.78125
124172.5
11038
2520
0
26663.3333333333
91591.5
23935
498004.5
0
0
20412
130390
0
0
6258
31002
65808.5
33852.4058697208
3184
0
46224.3333333333
0
78173
6885
1470.66666666667
0
108091.25
84638
3271
129639.75
3150
153526
168296.571428571
58634
0
35213
0
119112.8
30917
11285
49679
0
6820
22335.3333333333
0
2865
10338
0
0
4025
28225
0
10075
54232.75
0
19938.3333333333
7894
143260
102904.25
0
52215
0
0
42638.5
43404
0
47777
0
23432
36612
43340
348007
0
44688.6666666667
11107
0
102627.166666667
90321.3333333333
11504
62849.5174013921
0
17970
0
43238
12913
28806.5
13712
28435
294597
0
65606
17992.8333333333
0
3245
36545.1515151515
0
4927
35199
314387
0
0
34597.8888888889
42439.3333333333
467471
147008
65993
0
142474
0
6498
0
104916.714285714
65862.625
4866
0
65362.3157894737
147815
13872
5445
15459
0
19397
53855.5
144297
670.333333333333
44688.6666666667
38420.5
36916
75517.4444444444
30798.6666666667
26896.75
21908
31694.1428571429
21912
0
3161
0
9567
46654
17863.3333333333
62135.1
76250
98320.622754491
95015.6666666667
60483.2857142857
38993.5
64572
40408
10901
4540
221086
11080.1428571429
93597
80296.1428571429
5743
32710.875
28400
0
0
65589.3809523809
52322
30852
37699
27477
0
80533.7096774193
44765
73435
14635
0
42084.4782608696
0
86875.5
7402
50866.3333333333
54196.7368421053
114394.43537415
19339
32956.75
17512.1111111111
3966
55589
0
10908
124701.5
1700
143815
0
22262.5
4192
38718.6666666667
0
258827.4
0
22589.6666666667
33958.8
958
0
11846
119826
31054.5714285714
54129
30941
53403.25
0
50345.2608695652
105886.5
39744.6
84524.5
34783
59470
0
78736
0
0
0
22004.2857142857
36926
0
68021.3333333333
14989
38648
0
0
28758
129804.107954545
19327
35733.2912087912
52229.4
3023
92924
30037
0
0
0
0
0
0
49368
67136.8181818182
2848
0
23091.4545454545
0
76568
148482.041666667
41865.5
13825
3583
25597
48587.5
0
36653
0
0
58695
0
14156
5545.8
4995
16186.5
56635
47
25305
30066
0
39834
111796.25
167765.444444444
26411
0
33955
32273.5517241379
0
0
86318
57516.5
0
0
0
16120
41244
44515
3297
0
36910.5
0
6232
35175
2107198
18619
84794.5
0
84898.6666666667
2858
0
31993
0
21293
229585
0
89116
1287
0
0
31971
17010
6797
0
49955.8
0
24152.5
154289
144297
218125.75
0
4004
2923
0
61176
19652.6
0
0
2796.83333333333
0
0
0
0
21691
34072.5714285714
8086.5
10678
7371
25966.6666666667
175123
82229.5
13845
100879
16485.5
8913
0
32613.2222222222
0
167423
196221
0
467471
195936.5
61599.6
57876
76132.1428571429
11642
9186
6088
20188.6666666667
0
31648
14965
0
0
42219.696969697
44383.5034965035
49475
123867
0
0
0
29409
0
23187.5
0
0
47788.9285714286
13666
0
45345
0
0
3894
36988
374460.666666667
0
15666.8571428571
37832
30322.7
3607
105536.25
53456
76051.2777777778
1743
23357.1666666667
9310
57981.6153846154
76781
18918.5
0
43778
33782
8548
24819
0
0
4840
9285.5
144542.5
56950.1901840491
23708.5
260682
153603
0
24532.1666666667
0
128
0
101997
19105
754
12049
0
237997.666666667
0
69929.9506172839
2615
19327.5
6070
0
1878
63990
0
207000
0
83651.25
76604
25630
261859
116621.615384615
0
167046
100789
70501
170786
0
10484.5
0
62357
12905
0
86434
25503
103308
0
0
24861
0
81713
0
53939.3333333333
14624
34288
158828
40663.925
0
0
16247
959
227402
39392.5
0
63274
6396
26115
3880
0
10173
0
32201.8333333333
0
10161
0
11241
7955
15768
48598
45013
0
0
43931
0
4741
0
0
0
33047.9878048781
0
132829.5
7659
17513
51357
19798
0
8126
7534
70300.5
94100
0
58311
31608
0
50286
30079.5
0
0
20607.5
0
15465
0
73379.4705882353
0
34796
11359
1174
0
7485.75
34740
0
11664
57617
74348
9915
7944
0
0
29632
9816
365
156765
51567.6304347826
52839.0833333333
41285
0
46909.25
5982
87045
23534
0
0
4846
0
0
0
0
20747
0
3599
0
24385.5
259
19777
28155
78114
30608.5
9310
0
25761
3815
41980.75
52609.5843373494
85823
23060.5
924
24471
10810.5
33925
27385.5
36972
36456
0
27842
48735.7142857143
8767
4116
88230.9146341463
129370
102265
177769.058823529
0
33134
3918
6333
114737
0
29646
14730.3333333333
35510.75
5306
18625.3333333333
0
3458
0
23504
0
0
0
44806
0
23597.0873786408
0
36495
1373
110423
9671.5
0
97725
21664
0
13670
176317
24280
0
12594.8333333333
0
46660.8976109215
0
45547.4
207000
9738.2
27958.6666666667
216997.428571429
0
60460.4482758621
27021
0
131872.863636364
0
0
0
3831
164383.523809524
4639.5
26607
2228
1277
0
0
0
0
72515.8181818182
7347.5
0
0
250868
44195
0
21844.8
0
13724
15415
0
0
0
0
29093
88380.83
152487.5
0
48196
101372.5
64847
0
960
37551.875
0
77345.625
67105.2830188679
57641
0
25322
0
81987
29484
16069.6666666667
1
4636
0
129449
66681.3333333333
58251.4666666667
35362
89060
0
423405
0
69762
57469.2204724409
83012.6666666667
408715.916666667
4569
160574
14181
39885.2222222222
0
77786
0
9130
0
73920
48479.3333333333
3854
41158
62993
0
52247
0
101533
0
17412.5
0
12969
0
0
0
0
92389
3041
192216
67503.3333333333
45632
31466
134944
28985.5
52709.5
33784
3483.5
0
0
9777
119847.143382353
10612
22595
101063.371428571
131524
164878.5
11177
15025
32741
35780.8125
24261
0
0
0
46644.5
40196.0801886792
35791
515
45476.5
779
72046
30114.5
0
0
67563
0
0
32966.5
0
51624.75
369603
0
7487
62764.5
0
155
2472
1798874
0
28599.5102739726
98341.2857142857
226974
0
2564
128731
95844.6666666667
15388
0
59400.5
0
0
14269
41662.25
86108.3333333333
8556
0
67244.7857142857
0
60700
55
71798
0
113228
0
0
38696
4366
0
33235
143600
28085
6559
43609.6666666667
0
93431
0
69788
2774
0
2158
8604.5
14679
3872
164148
0
0
0
797
23863.5
104742
0
5329
327948.5
0
7349
19945
102087.876923077
5980
33315
33379.4285714286
0
151471.5
78989
0
0
9154
1790
154815
2836
0
103059
3472
0
171581
187270.75
664
0
19110
344764.666666667
35825
42225
0
5493
0
0
0
473380.5
0
66869
71773
10440
0
27561
0
19749
0
32906
14831
0
8724
0
242
0
9027
0
0
10820
0
57413
0
109929
2107198
0
96216.3333333333
11711
80077
159044.68
198
77774.2222222222
0
15212
0
17904.5
99585.6857142857
90725
516
18780.6666666667
8987
10338
0
7165
37528.1666666667
95739.75
21965
53945.1728395062
0
22112.3846153846
12320
0
0
95128
0
35911
2915
3508
7014.66666666667
40094
31299.25
40369
0
54121
0
45009.8
48990
3913
0
0
0
11389.75
97143.6470588235
23432
0
12925
8680.22222222222
0
0
518647.5
11009.6666666667
0
61398
57228
143087
15110.6666666667
35942
152221.368421053
0
10040
50115.6
103
32815.5
33868
130982
1921
14232
0
0
2774
7050
13672
44972.5
0
462400
0
18517.8333333333
20017
36019
12786
0
22692
0
0
0
0
9820
920
0
97059
109579.166666667
17214
16145.5
129032.5
40886
719
41805.5
0
40370.5555555556
0
0
58214
17785
2405
0
13947.5
0
15574
40973.5
0
8014
5515
0
90016
40239
16818
7552
0
307916
6947
0
0
48497
23076
55589
78522.5
0
0
26484
0
28569
28513
70671.4897959184
0
0
0
9325
101745.5
0
11695
0
71510
5311
203380
35723
0
13470.5
213
69981
0
24533
391431.5
151375
0
61613.5
0
11604.6666666667
7234
0
178414.4
2515
36478
116253.866666667
29648
0
110669.333333333
19778
91
0
33338.8
68442
1334
0
0
74970
0
16143.6363636364
31104.8333333333
147379.666666667
22622
0
0
0
27419.6666666667
0
0
0
18900
971
25500
7027
4620
16512
0
0
60787.2727272727
4366
0
46356.3333333333
58268.6356589147
78267.5
28881
15258
0
7140
3357
0
6889
1426
0
330608
0
885
17301
38825
83351
0
110188.666666667
0
18598
63132.8
110368
0
13561
0
206077.666666667
74
78269
0
62701.5
20641.5
0
0
36984.4
0
0
66275.1477272727
121215.592592593
22259.5
27163
196
498766
11079
0
0
7332
99392
0
45946
81935.6896551724
29218
1394
10444
4840
59628
0
14381
96805.5
12416.8333333333
0
14129
0
0
38901
0
17160
54667.5
178959
26411
0
1
0
5748
11648.25
10850
7502
0
14257
15899
0
79467.6
2955
48266
51787
0
35229
0
68803
0
0
14547
87322
0
0
31688.6666666667
0
0
34211
0
5666
38728
0
2588
0
34132.5
0
42620
0
0
2774
45615.0082191781
14573
158443.5
19913.5
10958.5
54218.4545454545
22613
37613
36624
0
98044.7894736842
87839
4323
26182
744
27323.5
22165
0
84471.7884615385
75529
28513
26584
8130.66666666667
0
0
3029
0
0
45984.75
63846.3333333333
0
0
0
10987
0
40260.5
6836
0
4454
256053.888888889
43470
11053
47735
71373
127080.944444444
148114.615384615
44214
0
34470
199380.333333333
7307
4284
26769.9864603482
24925.2719378428
5515
0
27381
63385.4
48315
50968
0
0
228090.933333333
0
0
0
4417
66028
66754.75
151278.166666667
0
0
1465
158474
0
0
128871.8125
9581
14744
0
0
93379.7
61514
54312
0
37787.5
0
38315
339
0
74772.8928571429
33993.5
120012
35570
622
0
8340
0
49742.625
0
738
0
15503
13755
24471
0
0
17903
116820
0
0
23813
0
0
6465
0
0
312075
35398.5
169955.5
39095
12493
105824
152240
0
0
70848.5
32269
0
64472
39689.4454545455
49
61703.5
1415
83514
43681.3333333333
34053.2965779468
18115
45632
0
48108
58597
0
88785
0
49744
0
0
56595.1283783784
37114
0
0
102236
23452.25
58884.5
0
6800
88276.4
0
20593
9662
53111.5128205128
33961
0
0
49828
18532
26726
0
0
68921
0
0
19299
201393.5
26022
144411
5820
0
7420
7229
21816
60806
171868
10299
1643
16641.8333333333
44225
18477
16723
10871.3333333333
131407.142857143
0
0
20797
44351.5
25219
7931
25755
48010.6
9327
60336.5
13830
126517.25
21335
78524
2838
233280.5
19701
90929.2
0
0
2293
4261
105731
31259.1
7682
7868
2378
28982
559
0
40684.75
86
113222.307692308
0
2808
6778
3832
0
67166
39092
22297
12392
0
71544.7619047619
0
0
61969
285986.5
0
0
98859.3125
48342
9467
0
0
0
0
19391.5
0
2233
414816
0
482
0
63422
27454
0
65379.2747747748
18421
0
0
0
55525
123751
0
0
0
33321
0
44603
13715
0
56531
266056
27690
3444
30
30882
127590
3969
64795
144155
0
194
0
8619
87500.6131386861
0
0
0
0
199022
0
0
32638
0
482
0
0
0
54076
754
18662
0
43566
3301
7821
22251
41803.5
30800
15768
57621
122098.384615385
0
1598
18273
30380
0
0
42624.6666666667
202273
20572
27111
767
6185
0
52677
0
27263
0
1263
0
0
0
61562
0
20492
0
588
0
0
60466
55306
2628
83275.3333333333
9949
140360
0
39505
164006.666666667
13909.75
24997
44708
0
21164
0
0
0
25234
74142.5
0
0
18593.5
2549
29960
0
0
53262
5
30110.3333333333
17998.8
69232
2838
0
40121.75
2761
36066.4444444444
0
13387
10708.5
140826.888888889
42112.1078431373
0
0
73941.3333333333
0
0
24681
6104.5
52010
14002.3333333333
0
86
0
0
0
40827.0487804878
9080
0
9589
125578
0
68253.5
54330.9666666667
1474
89669.5
6816
60504
0
0
74066
36704
480
24253
40097
0
25224.5
4837
254494
0
0
0
3673
24
0
0
324457
2513
236457
6059
95602
8669
7894
0
60398.3333333333
0
13902.5
0
0
10842
55406.25
0
0
1511.33333333333
0
0
68672.2112676056
25919
0
17425
21862
140025
74550
696
53209
133134
0
482
9310
0
64442.1666666667
12617
21782
23072
4844
46457.6666666667
79588.1578947368
0
9740
0
0
0
73187.5
0
754
656498
0
9651
7596
898
655
0
100879
154289
80451.5
1015
1
0
120608
0
68511.5
52830
0
1465
0
18050
0
0
6505.5
0
0
0
0
0
4160
46754
82355
0
61871.5
3747
3310
52350
11902
2396
0
0
0
18477
29136
97675
38578
0
0
40097
39
68406.4807692308
0
59354.4444444444
56433
27711
0
0
10296.5
131117
0
39286
20480
26742
8129
5592
63634
0
93
26334
19646
88231.8974358974
1386
47496
190187
0
0
0
0
0
945
66574.375
0
86785.2307692308
3783
67930
0
50492.6910569106
40216.5
0
31530.5
39595
15719
0
15069
7607
25261
26172
50563
0
0
0
1009822
101997
71698
18265.5
125400.666666667
19607
43821
74355.75
20365
34416.7337662338
330
3205
11130
97878
33348
0
33685.5
0
21865
1242
28031
0
5246
162459
58943
0
0
0
26274.5
97172
517
0
6586
41954.5
50446.25
55699.5
12003
70107
54406.6428571429
51163.5
0
0
78867.6
12546.3333333333
0
149305
81973.5
17532
58571
0
93099.5
0
74132
0
0
1
91326
0
0
52892
37951
17900
54928.75
124555
190314.5
611
0
0
0
0
0
0
0
97231.3333333333
7075
71948
11838
0
26023
0
66418
50242.75
0
24078
135325.5
52411
23953
91128
64354
368314
215497.5
447570.5
53
0
241340
56201.4
14555
128801.2
0
11413
0
0
8813.5
4269
78960
24245
246787
0
93028
3018
37246
0
59785
175384
0
35516
0
0
52075
3445
116
113033
613696
25035
10066
19434
0
4633
0
65727.5
0
47756.7142857143
27171
0
77631
0
38272.0555555556
77631
10081
0
8739
0
107773
41133.6666666667
0
149687.266666667
4554.5
55238
102614
39486
540212
6400
0
0
116153.615384615
15366.6
0
0
90916
10582
0
0
0
2727
9295.5
82693
0
132604
71698
63154
132334.877192982
1923
0
28231
31268.75
110963
151066.5
45626
62386
0
56433
80557.6210762332
0
83769.3333333333
10752
0
14972.6
81333
21462.1666666667
0
235409
68209.3333333333
24505.2
0
0
0
0
3929
8995
3908
0
9766
75938.75
13988.5
0
0
53665
17906
4968
61955.387283237
0
0
19137.5
0
59313
0
0
346370.444444444
0
21691
110828
128655.731707317
8434
1426
0
1939
183842
0
0
84344.495412844
14522
0
43608
25592
29444
99493
32518.4306569343
2
53456
0
12405
57873.4285714286
9610
0
85298.724137931
49014.7777777778
76075
57272.3333333333
80607.8333333333
47181.6666666667
0
0
331975
0
52966.4
55211.6666666667
0
79653
11575
36852
39173
30860
0
0
16670
95
0
42777
110687.517241379
7768
0
24731
1810
87930
26509
104025
64127
0
68363
0
324997.5
15344
0
0
71027
0
23108
66179.5
0
39932.75
25284
138125.5
4725
5895
314387
0
28917.4775510204
2630
144564
17238.5
0
3287
0
0
12237
57130.4363636364
0
0
83485
0
0
99237.7466666667
0
0
0
48125
14540
97253.5
0
161490
43421
5131
85414.75
16961
61276
82576
12274
31739
0
85509.3333333333
42273
131292
25261
71976
6098
178046
0
50018.75
36119.3333333333
11
111600.092592593
63259.0679012346
0
66742
71479
0
83238.1666666667
99217
0
17687
0
0
1499
12221
467471
3102
0
6552
21055
5
325
0
9740
157308.870967742
0
0
44998
0
79924
333173.5
228971
0
4544.5
19411.5
7785
7439
0
1139
0
0
12649
0
144856.5
33921.75
0
0
3141
204202
0
7577
5840
58175.5769230769
2067
144213
0
34579
47562.2
17172
119859
100088
63109.2228915663
0
34367
0
22410
29924
0
0
47
0
134608.142857143
40383
0
0
0
25592
6365
0
37497.5
64127
35908.5
0
8302
49238
13748
3526
0
6662
0
133684
34319.4615384615
24986.5
9681
67112
56460
12732
0
0
35980.6666666667
2468
76059
70337
114650
67635.5
7409
0
183613
130746.402777778
81169
0
160654.714285714
0
8167
0
90003.8888888889
122873.666666667
5396
0
0
71140.2465753425
0
133040
70032.5
0
1537
0
0
0
0
0
0
0
48629
14515.3333333333
1701
9976
98484
0
23207
0
0
0
41921.4657534247
10704
395
5150
0
6556
0
2197
0
0
64395
51610.3703703704
0
39160
44995
0
2259
0
4161
24122.3333333333
5331
0
0
76469.3333333333
2005
0
102941.333333333
17430.6
0
3651
0
168093.2
9465
29504
0
17142.5
24046
18047
45390
6749
0
0
49996
0
1667
7189
0
81946
0
176663
51
577768
0
169300
0
0
8895
241069
17782
79045
7651
0
0
0
0
186950
13755
48879
98321.9047619048
10066
36624
0
0
0
64127
43238
18754
8622
0
178959
21241.5
0
0
0
19701
91275.4
5279
71136
35230
35380
50343.3055555556
19217
50771.71875
1986
0
53307.5
13745
25568
29540
12356.5
865
8468
0
33177
1219547
0
0
0
0
27270.7604166667
105826
0
196
0
3480.5
34039
64219
18698
0
0
0
0
0
45519.7890070922
0
286758
1694
67466
239525
0
0
7529
7389
0
35094
55377
145813.666666667
0
10264
0
0
521302
0
42086.5
9443
22970
0
0
185041.888888889
3915
0
31291
1531
0
48495.4615384615
25226
0
0
57094
0
18109
3815
0
760
12792
68854.1666666667
177560.25
70722
18634
150435.5
0
0
0
13114
29239.8333333333
114832
103049.25
13723
118
17219
24010
163254
698
0
14779
0
0
40816
0
36863.9715909091
79699.7686357243
0
138574.549504951
6524
32116.5
0
0
9418
73248.5
10173
0
16287.7
21427
17367
0
0
9788
8357
33092
0
9885
10338
0
0
17356
9796
8063
0
3870
0
23911
2299
43238
9740
0
0
0
25044.0608198925
6817
75158
77696.6967509025
0
25601.5
325619
0
0
5526
66822.7692307692
187950
21507
5297
0
0
45085
8087
13978
0
0
16199
0
20290.5
0
12954
0
4806
0
0
59969
19223
26660
0
0
9813
119633
45109.2702702703
0
0
59459.4768211921
0
19414
14335
24405
10013
0
17722.5
0
65904.9852941177
0
9215
209105
0
25659
13426
0
22429
0
0
0
0
119859
69496.5
133265
69359
0
33443
0
157462
9589.66666666667
20016
92043.1666666667
0
2462
100016
10294
0
34342
24223.6666666667
3601
4894
13075.3333333333
0
0
173484
0
0
142783
0
0
0
25510
1589.5
0
109874
0
15328
0
0
0
0
2073
32858
0
0
0
55230.7222222222
29477.4444444444
0
4031
4128
0
0
10778
28146
72869.6666666667
0
0
60142
11311
0
0
0
94892.5238095238
11017
0
0
2605
0
0
25271
33514
26023
9017
0
0
16040
107665.5
314387
0
0
106102
28519.2598425197
34924
0
112088
108497
42857
24297.5
37410.5
147893.117647059
0
0
0
0
23387
17902.3333333333
664
0
0
881
0
50082
10337.625
0
15488
0
130029.5
8150
6046
0
29258
0
0
1183
62608.4444444444
18086
0
0
4716
0
485655
0
17531
0
5235
0
0
39205
6579
19992
47336.5
135115.513513514
0
57889
61257.5
388
7709
0
0
0
11065
9391
25833
0
0
0
34170
11457
0
0
7416
88645
3832
93
47505.4864864865
0
55335.0454545455
0
0
4175
120530.5
28944
0
0
0
0
142925.363636364
83236
0
18114
286758
0
3797
39142.7901234568
4985.5
32089
3052
73307.65
6469
64621
752
34411
1899
7599.33333333333
73248.5
8652
0
15799
44806
16715.6
157193.588235294
54
0
186950
1364
40513.3125
14561
0
259475
95479
0
6499
147804
0
0
20941
0
16199
0
0
38051.5
0
0
0
0
0
0
161178
45242.5972222222
0
17632
16327
9849
3480
0
52317.08
44765
24912
0
12117
0
0
17
0
23288
222947
0
10776
5791
9231
0
16120
8497.5
1986
4129
0
0
155667
0
275256
0
26411
126190
0
12558
0
247958.4
0
13788
28834.5
7425
0
0
47198
15015
0
0
21152.5
124782
7228
0
22324
0
4327
0
0
7967.5
51389
0
0
2519
37474.9277108434
19760
0
19675
0
0
11019
107802
0
15028
10066
7
83497
2389
44479.4305555556
12273
0
0
0
19467
59457.2857142857
9181.33333333333
174407
30620
175800
1508
8445
3087
6993
1610
14054
30043.5773195876
9205
769
0
27815
0
100973
2061
3560
0
95922
29116.5
161135
0
0
80244
40214
3364
0
6938
0
39771.920661157
125476
0
0
0
35174.224137931
0
0
83426.5
0
54043.0952380952
245028
4979
86598.8
0
58399.3243243243
0
37993.5
3829
17323
0
10772
93158
3033
0
0
4595
19791
9100
0
27635
0
245042
0
0
22429
176893
15695
58763
15390
0
99300
1121
3635.66666666667
50598.6666666667
522314
21413
15994
0
0
16600
43802
43510
28615.75
0
74424
0
0
0
0
0
4
73557.5
0
29067.3783783784
144470
63835.75
24401
0
0
0
0
12894
7016
0
34002.5
57559.3333333333
0
0
4196
876
0
103481
0
1465
0
6186
0
0
97535
8366
23474
47441
45674.6666666667
132053
1901
29757
43746.8333333333
8928
146408.5
0
44475
57176.6666666667
5887
0
82492
0
126452
5856
0
115926
0
3215
50075
0
152225
3080
32888
0
37664
0
14555
0
0
4660
6938
29053
40
0
71937
0
0
0
0
0
47036.5
153991
0
6414
32041
0
85055
0
0
8422.5
0
0
32888
0
0
21595
154435.973913043
0
0
6800
58838
0
42088.5
162332
139907.454545455
0
6455
0
0
67356.7234042553
0
0
1566
0
61003.6666666667
38245
0
0
0
31764
0
6919
8108
82527
9615
0
0
16391
0
80584
0
71072.6666666667
26270
0
0
952
507701.5
6368
7036
244493
4595
0
0
2089
193636
989373
20054.25
114737
0
93291
167423
54398
0
53209
0
0
0
18583
49069
2256
0
0
839
24823.2
0
0
0
108142
5724
5933
34986.7333333333
0
0
0
0
0
29315
133400
0
0
28501
0
12295
0
69201
73824.5
12316
112866
51294.25
12111
140946
0
0
71510
0
0
169174
110768
53452
21949
0
108489
0
21976
66759
31820
3657
0
0
111786.928571429
68904.4148148148
0
696
19614
153945.166666667
6198
54450
20313.5
0
0
24157
4284
97811
0
21462
15724
0
241275
58971
0
235494.058823529
8066
515
952
0
2066
68
0
56504.8333333333
18477
0
134453
133994.5
0
31301.7058823529
25856
0
26539.5945945946
0
0
0
12748
93233
0
61660
18721
36288
1598
40850
0
65854
35133
0
2140
688
28115
0
14409
4393
122977
0
64456.5357142857
0
0
0
0
0
0
10259
56883.75
57893.3333333333
29051.4
0
0
22774
24894
0
20695
2079
15104
62444.1444652908
144170.444444444
129449
25305
19406
0
0
18490
0
0
0
923
0
0
207000
0
41507
576
95404
0
58883.768115942
20854.5
0
24467
28763
4191
0
56667.92
0
0
14403
0
0
21700
0
12041
0
0
38444
94889
32479
8769
76579.8229665072
0
35610
9834
0
20562.3472222222
0
6021
0
79007
0
105130
24240
79007
93842.9662921348
128516
0
205208
995
0
186950
6217
29409
434448.5
64476.8854166667
26054.009009009
0
58567
0
0
101598
57351
53238
0
36042.1428571429
84210
136469.555555556
37203
68628.3846153846
115376
16047
0
44776
12123
0
0
38498.5
0
7277
31869
0
12126
48063
0
0
122359
23437
34469
71127
0
103507.95
208556
0
0
6751
52
47267
61270.9378330373
37871
152797
11313
1370
127522
92042
0
31500
42308
0
6365
0
0
14377
0
322169
100691
0
96787
0
4736.66666666667
13872
4802
0
0
0
54990.87890625
3422
60357.5
0
0
0
2746
37740
11056.5
0
19520
0
0
0
19145
236742.666666667
133034
28435
96951.5
0
0
97607
1761
53984
16108
27129.4791666667
0
16558
7411
8147.5
12493
86915
166986
21792.8
0
24293.1752136752
20501
40061
0
0
83409.5625
0
94971.6666666667
1104
60776
42855.8
119356.712328767
0
161440.333333333
131256
0
31664
90467
118912
0
80865.7530864197
0
68547
0
12027
55563
0
119738
0
0
83117.55625
4285
2171
0
13788
0
0
10696
47
43520
0
6550
7073
0
0
74146
0
173458.5
1702
14139
755
106561.5
22479.5
54229
8215
86710.15
492310
62395.5
0
0
0
28405
0
128731
14371
75223
2293
10675
38802.7142857143
0
74495.4915254237
0
3763
0
0
738
159461
0
62080.7551724138
27498
810
0
111294.482142857
11004
45949.4545454545
60634.1686046512
28658
8510
0
0
192094
70608
806
26685
0
1250
0
27279
87493.5714285714
0
26
419929
0
19818
66853
0
10257
0
0
0
1878
16906
0
0
122359
5476
0
67307
0
0
0
0
41453
3254
11
10
29040
0
25467
0
28649.5
0
0
0
0
15758
0
119006.777777778
116925
5420
0
23958.2330097087
4640
0
24332
0
77710
52411.92
0
0
0
0
23469.6666666667
0
45169.623655914
852
0
0
0
45121
0
1218
909
0
0
24667
13623.5
0
0
0
32764
0
1940
7560
92271
27263
0
0
8845
0
0
0
23572
22510
107802
6938
29267.5
3003.5
27280
0
2076
131945.5
0
76817
38549
37378
0
67660.2
15580.5
65771.6290322581
0
0
50396
8540
174344.5
0
0
58455.25
0
286758
0
22740
24689.2
0
5233
0
0
9116.16666666667
0
0
8175
66633.3333333333
0
129076.5
0
5856
45191
235837
32866
0
10173
0
82
0
113437.015037594
136446.35359116
66731
0
18197
0
4933
46089
6338
28290.1851851852
0
1702
0
1895
35101
132070
6088
0
0
64786.5
56883.6274509804
25524
31500
87793
42435
0
30633
0
32764
74124.3043478261
220945
0
0
39768.6944444444
0
91381
10308
0
0
969
0
0
74055
35298.7965517241
22643
57006
40498
26353.6666666667
0
0
46113
9186
4724
0
0
1269
1426
37768
0
73.5
0
70595
1915
0
263958
0
0
0
43281
0
72330
0
16685
80740.375
1448
37890
0
0
5445
19487.2857142857
192125
12252
126
3284
7278
245028
44243
55898
47827.0656370656
0
281790.666666667
0
0
10169
0
0
6791
0
0
4276
102210
4
0
1665
0
32993
7542
0
0
2340
0
12822
0
46706
40347
43521
15062
106935.5
282105.333333333
0
0
0
33575
1101
86255
40951.9253731343
13836
0
127710
35
34352
0
7938
195687
108534.666666667
57184.5
94005
0
32794
6415
0
2003
0
0
61550.3909465021
5456
13416
0
40733
678863
79188
0
0
5744
47818.5
2387
15161
2978
0
6173.33333333333
202486
0
71020.2222222222
0
34450
9849
0
0
26411
15606
0
61632
7569
396
20193
2074
0
0
13064
0
30620
0
4035
7563.28571428571
0
1525
26732
12369
3819
10930
1123
45713.1428571429
88196.1428571429
0
0
95988
61864
0
42295
10607
0
5534
24864
6922
0
35397
4814
0
0
0
0
32523.5
8894
17475
0
0
4183
0
0
70275
85402
0
0
17260
72445
497227
0
6305
9529.5
0
21505
75920.3333333333
123326
0
51569
0
40447.75
0
0
0
12969
28150.5
0
27565
0
0
19149
55510
204035.75
70527
52399.1384615385
0
19335
0
33218
35942
53
3639
91381
0
88492
4897
6173.33333333333
41511
0
0
0
31111
7996
5456
0
0
0
7159
112048
12895
0
6176
17904.5
0
19406
0
23924
201
150798
38238
2046
33028
179032
47431
57754.9306930693
192090
121192.666666667
0
242655
0
64041
290386
0
0
61505.2
3210
0
39312
76028.5
0
93008.3652173913
5304.66666666667
0
0
41075
0
0
42794
0
12884.7272727273
0
0
0
36923
6293
0
58019
0
230455.5
0
0
751848
8879.5
28352
91381
9554
96789.5
53160.5
4511
49637.8752817431
264538
0
17966
97811
0
87469.5
0
0
0
22438
1702
0
0
26874.755952381
0
18591
23207
0
1445
11357
25463
20831
0
34823.5
3672
0
0
6347
81845
0
14247
125780
37400
0
0
0
0
6204.5
3456
0
0
22242
0
35068
54897.64
0
5150
23125
0
7900
0
87
7041
10570
85888
40259.25
53399.6
17249
21486
0
76412.0666666667
0
0
9147
1672
0
40881.5
0
12498
0
0
0
0
19132
5105
0
24561.5
0
0
0
122359
34624
37851.5
0
51074
9209
0
0
0
0
0
0
54550
0
0
13240
0
6928
120482.465686275
57299
16474
0
126878
21129
0
31887
85911
23610
175231.75
19547.5
0
1908
0
0
66623.75
8672
70801
0
0
37952
15659
112088
27499
0
0
0
22328
0
183613
0
114423
0
22808
4728
10166
2152
17871
114372.761904762
189896.5
0
0
12543
0
0
4
55693
17598
7046
0
0
9325
26587.5
0
122359
39515
12062
53927.5
1573
3962
36509
0
0
1526
26989
0
210334
72192
37210.6891891892
4225
4985
1
0
10703
744
72731
2836
5644
0
23
0
0
9585
88347.2727272727
0
63424.75
115714
0
33514
0
0
50573
0
83944
0
55053
16108
0
0
60806
25061.5737359551
0
45865
46333
14087
0
15469
20069
46866
0
0
0
0
11044
19869
0
33214
0
0
0
123993.151515152
0
159270
5004
0
44754.6875
34804
0
42078
1437
27511
2647
0
10996
0
96069.6029411765
0
0
12568
4730
1111.5
201462.666666667
0
7669
6777
137544
41729
10218
4913
0
0
408
3580
41870.5161290323
71423.991416309
3639
0
79289.5
85
0
507701.5
8987
0
0
0
0
2114
672041
50730.262295082
32775
4865
1400
20629
0
0
16347
23
55585.9518072289
2856
12556
0
0
209534
68010.25
23506.4516129032
185739
47486
24670
38244.2222222222
5549
77736.7710843374
15336
0
0
114069.333333333
0
82640.9459459459
0
0
0
0
213332.5
70321.06
678863
31437
0
55600
47956
0
0
7073
82689.3846153846
4955
47676
68578
0
0
148397
12259
0
18815
0
4
0
5949
0
22
30091
31791
0
45155
0
6352
329369
32764
6232
3610
18524
8580
0
28990
0
0
119381
50948
1760
33817
32633
4098
0
0
0
0
15648
0
0
141363.428571429
739
0
2647
47031
0
15170
0
6891
5081
0
0
85811
0
87522.6666666667
1317
31309
60878
61276
24189
8007
0
0
121734
33305.5
2752
0
147463
48561
0
0
46096.0840707965
7673
7983
241275.5
61
10040
275626
306
0
1597
79211
0
27398
210015.47761194
14569
0
9186
0
1419
10273
16266
28
0
72016
0
20908
3481
92927.6516129032
43510
0
84742
13417
0
25406.6666666667
0
0
0
147787.142857143
0
158331.666666667
14797
0
29745.8
0
0
59272
22422
0
0
130982
32967
0
92297
11017
0
1588
47838
0
1556
1521
30816
0
37067
10455
0
2577
2039
182014.666666667
0
0
126396.35
55911
0
0
0
192125
55800
0
8765
0
10951
0
0
75968
19476
30816
0
33791
91269
0
0
3475
9910
1791
30262
42462.5
51881
2750
32874
0
66434.1873935264
1811
0
0
44304
230339
13798
82462.5
0
33148
99115
18545
0
49232
40581.6666666667
23741
0
0
30013
0
15782
471
2022
32282
32352
137069.659090909
39399.5
0
1550
68253.5060240964
24997
54430
1923
155
182518
104541
0
39840
11527
40803
81993
55341
33242.8676470588
0
0
27749
0
0
7016
13222
0
0
0
0
0
73365.2857142857
0
0
0
176374.606060606
0
0
6974
22534
239
5330
2107198
74479
69224
0
0
17176
0
5255.66666666667
240538.5
2383
58810
32764
0
5047
16390
0
0
0
28513
9675
9683
0
290
2481.5
11952
9359
44317.75
51820
5542
108371.151515152
19774
0
27861
8337
0
1921
5365
0
0
62555.1111111111
0
0
2619
64219
20200
0
11
0
0
0
100928
0
49876.6944444444
0
0
0
6733
230217
0
0
132343
37399.2
0
0
0
48035
0
19370
9336
34085.3928571429
0
49885.3636363636
17357
40477.5
102720
0
15972
210250
0
141651
20887
0
22505
0
16147
0
94371
67106
32436
0
15080.2
0
0
1546
0
0
0
133323
49019.9375
30560
79898.0204081633
15565.3333333333
0
0
0
689
43986
120608
0
0
0
27171
0
0
985
460253
2107198
0
37203
174716
10738
4745
0
488511.5
407
10154
0
0
2205
0
0
17778
3831
0
0
255
14135
0
0
8434
0
0
0
28565
8775
98911
5002
0
5780
1687
0
0
43394
172817.227272727
54326
61336.5
35
0
0
69402
42508
11614
0
1432
140541
6729
29799
27369
91639.6428571429
36563.4923076923
0
0
6139
50177
16199
52012
0
0
484
161415
0
7897
0
538
35761
0
51352
30218.9230769231
23271
20822
0
0
33307
20254
0
29769
59
19531
0
68244
114423
3639
0
57592
17965
22371
34126.1782608696
0
0
68919.6
412911
80851.5
0
53360.7647058824
1537
19756
2272
10887
0
6968
0
8018
0
19117
0
17129.5
30565
10089.3333333333
25987
0
4105.5
8299
37479
38127
27591
0
6176
29187
0
103555.014925373
5277
0
42069
0
0
26474
58387
149195.772727273
2113
102684.058823529
0
2946
0
81250.9166666667
0
37203
32076
3596
93772
21237
0
33905
83691
0
10836
19179.5
4141
47936
4173
0
0
79105
0
0
87436
0
6815
7110
27764
0
0
85367.5
4181
62676.7307692308
0
0
0
0
6397
0
33086
0
0
0
16603.5
0
0
0
3204
0
113536
174358.666666667
9501
0
102185
0
48898.5247524752
0
1615
0
41655.6666666667
28121
3449.33333333333
0
60138
0
0
0
0
0
241817.333333333
0
4802
1605
2588
0
99858
8326
3255
0
6751
0
25425.5
0
103094
15871
10698
146093
193
0
0
39155
0
0
0
2744
42411.3791666667
0
0
2712
557
196
0
24139
103941.125
12672
78420
0
11212
9968
0
0
63126.0786516854
0
0
6305
0
386631.333333333
0
0
320
2627
0
30909
3870
10594
0
21099
0
5515
0
678863
553
1247
0
43931
9551
0
18161
6255
0
6059
0
3950
0
0
108487.636363636
4290
14438
0
43239
0
41200
25592
43302
1290137.5
0
0
37163
4192
0
6862
117243
0
0
0
32983
0
6912
0
0
78655
0
41615.9448275862
0
0
0
175854
0
0
44615
0
0
0
918499
0
9163.5
5695
0
79397.5
0
0
751
0
0
88718
0
19453
12906
160297
0
0
9930
13798
32301.4166666667
5623
0
0
6290
2981
6841
95448
8440
9420
0
0
2612
75911.5
85375
0
10066
18960
0
0
0
0
3249
0
65587.0204081633
99768
0
2438
104164
20954
39380
27771
15972
0
0
36389
62031
40552.6170212766
59560.5
27713
5417
64723
30033
0
2107198
0
67548.6883116883
2067
228971
25590
1445
88492
36336
0
18507
0
30789.5
6823
0
79680
47795
6564
7938
0
98147.311827957
0
6305
71510
0
0
0
0
139422.45
5932
0
0
0
13878
0
5340
10352
0
0
0
5506
0
24405
0
0
66590.9705882353
132071
2571
0
0
0
3154
0
59785.6666666667
0
32764
38702
0
0
104921
90601.9090909091
45345
0
74037.1666666667
34795
6416
8196
39624
0
43931
0
0
0
0
4502.5
0
63154
12914
146328.635416667
0
0
0
5258
95446
5978
0
34180.3333333333
0
0
71106
19842
0
10655
5662
0
170572.5
0
0
4835
0
0
0
8607
10468
3733
0
0
82149.6388888889
0
51639.7083333333
7326
21688
38346
0
9933
36539.25
0
16841
14408
37951
0
26459
23767.6729559748
11123.5
0
1834
14447
0
0
193415
24053
0
116014
0
150424
0
48897
45536
0
4965
55725
854
140678
0
2107198
10595
0
0
32601
74479
1690
100973
3678
7180
4506
13032
15129
0
0
0
331
72827.3333333333
58998
0
0
60820
0
24861
0
0
0
167423
0
23489
71911
11093
37732
737
3847
58072
0
3242
51131.9519230769
0
160309
94475
0
88010
0
3999
1955
0
6434
18918.1818181818
8643
0
0
1160
0
101997
0
17569
12148
169704
0
0
4034
70507.7692307692
0
5500
11979
0
0
20756.5
103
102667.631578947
0
68218.6956521739
0
32764
0
0
7796
80033.90625
3780
88181
0
5385
0
11959
51343
5978
0
0
2952
20798.0519877676
30490.0689655172
70861
0
12120
24254
3815
0
0
67816.4615384615
0
0
0
593
54866
0
95368
0
1394
0
50903.6666666667
0
0
30620
10647
0
0
90376
0
11304
0
0
7682
34485
0
15358.2195121951
54766
92884
84566.625
0
0
0
132254
0
2408
161821
0
4886
26275
6793
22696.8461538462
0
7135
118084
47925
104329.5
1126
48639.4285714286
3816
24029
56249.8333333333
26495
0
0
0
0
2163
133626.5
51243
0
83426.5
46518.3333333333
19314
35294
147815
7016
0
11255
0
0
0
48092
31222
69249.0892857143
0
20670
37105
0
0
45613.2167487685
3029
115158.297297297
31774.5
93772
16383
2743
0
0
85193.597826087
0
0
0
0
161589
353
0
36306
0
0
0
10990
0
32059.5
76000
0
44765
0
54481
74409
16492
2085
34330
30227
6893
36375.4848484848
96933
0
62220
66894
21191.1428571429
0
0
30362
0
45754.6666666667
0
53765
20344
47761
656498
8389
0
0
0
30457
19520
4192
0
53593.1346153846
0
102268
0
0
0
130875
54778.6666666667
0
0
0
0
0
1181
0
0
56553.3617021277
19897
7008
0
109047.612244898
94662.8260869565
0
110532.666666667
7774
13823
120305
100414
0
10144
0
0
5554
1666
26649
0
0
0
0
0
0
0
248618.3
0
0
23526.5283018868
24784
0
14739
0
0
97270
32764
9655
0
0
63265
0
0
0
0
0
30024.1658031088
0
0
0
538
4309
6305
45143.35
15104
0
9231
0
131597
0
0
0
30087.56545961
332339
17314
13878
0
0
28460
22060
0
6525
3987
1217
56500.9456521739
0
5820.5
8572
9127
279
0
0
66924.2857142857
0
532
35971.1653225806
1457
0
18819
2274
145182.548387097
140659
81648.5
113980
22033
6697
0
530
5600
0
0
0
754
0
0
0
0
0
26243
0
152225
0
0
1702
0
82718.8787878788
1133
0
105404
3870.5
30146
8198
0
15399
126916
131418
2792
50789.7162162162
18652.3333333333
2584
0
0
43656
52892
0
0
792
0
0
36897
44901
17769
3815
0
12278.5
0
0
1032
8078
23028
199963
106508.676470588
11931
0
1450
0
0
0
0
0
0
53665
1362
0
827
14661
22165
36877
0
14242
44415.5
0
0
0
0
0
1942
0
2
35811
3854
0
0
15106
0
40038
0
334741
0
482
3500
0
18032
37828
0
64127
31116
0
0
0
75316
149217
54312
0
0
16922
80141
5742
0
24065
21714
0
0
0
38244.4545454545
33870.5
0
0
61392
0
0
0
0
83123
29616
71034
0
0
0
14730
41779
25306
0
39242
0
857616
42903
3723
57033.2809917355
62496
0
233
19808
0
0
29235
5528
22991
62451
0
0
0
0
55997
934
107802
59278.0266666667
0
88785
0
229327
30047.3698979592
1054
30362
0
22248
9132
29218
36769
7830
1867
4286
18312
0
0
0
137122
22561.5
17114
0
0
0
4248
0
0
6338
0
6973
0
0
6697
0
0
31785
122359
16514
17809
3695
22963
100973
0
57662
171782.5
77369
19272
68999
86376
0
912
0
115977.5
5525
29836.5
85197
0
2034
73721
1394
11281
0
70680.1428571429
9381.66666666667
48479.3333333333
207000
6133
25362
29194
26913
16976
0
107544.698795181
61736
686
14259.5
0
11311
8434
0
421
12950
0
0
6832
15951
0
0
0
26636
8749
846368
4414
0
0
47073.5
27871
19507
467471
7043
0
44342
20636
3233
0
0
242411
0
0
78420
45234
105016
876287
0
80671.2547770701
12804
13426
3639
17668
64621
3516
34838.25
7073
0
0
0
94579
121572.5
0
6146
14168
0
4826
0
12341
0
0
35862.3333333333
27591
0
0
48416.1818181818
12492
13131
47
0
52471.75
2983
1810
0
22488
33410.9044117647
0
731
0
18964.5
134391
10758
0
0
1231
89116
122359
816
17757
0
32049
0
289543
9910
1691
2340
0
0
0
0
22248
9846
84735
0
76740
31418
0
2669
35071
0
0
40587
0
28492
105295
127916.5
0
0
50324.5873015873
0
9866
0
19857
56678
8643
91326
16575
0
7360
3744
0
2830
0
0
43188
0
39380.9595959596
15440
13535
0
97811
0
20792.5
32888
0
223068.5
0
65009.2857142857
369
215158
0
143286
0
0
782
0
181381
0
0
49642
0
0
0
45688
0
0
0
0
69470
0
134728
430
124606.8
98170.3898305085
0
0
0
59770.3333333333
57590
7076
14267
14595
0
0
2430
0
0
0
0
21046
0
0
0
179
15640
19523.8823529412
10254
23205
37752
90579
0
46619
90916
4364
0
0
27824.5
49255
0
89122
0
0
66065.8260869565
78505
82558
8471
5920
122860
0
266
10611
0
73920
10314
0
0
26919
43819
0
35492.1538461538
3619
0
33177
0
0
0
43344
0
0
0
163325
27977
149295
0
0
54508
0
14842
24278
1456
0
0
129893.333333333
55555
43899
0
0
0
0
0
0
147633.571428571
0
2278
4327
44056
0
0
0
11242
7175
2107198
15082
38746
909
1281
0
46275.3333333333
43302
441
0
1064
0
0
1858
54055
21277
0
0
0
5850
40427
0
65137
4543
0
7008
64366.4677419355
0
0
1204
0
140622
126977
0
21013
11173
0
0
69377.6341463415
2255
18153
0
0
62136.5
0
0
189
1632
4653.25
9933
7246
80842
0
0
0
64335
13196
17628
0
181234.727272727
0
133265
99475
0
0
0
42069
0
0
0
0
13521
0
0
0
32047
2569
7517
11397
23314
5949
15375
4913
0
0
0
8187
28637.9822485207
24450
0
6059
30563.3333333333
0
0
0
17768.5
613696
0
51680.3846153846
31944
12731
30125
88598
0
12804
0
6617
0
66888
0
50324
0
0
114179
50547
14726
0
0
16889
0
75295
0
3344
0
0
0
15421
0
0
0
25262
26296
11394
0
38911
0
0
55547.275
11667
7582
12956
12530
30745
74954.4931506849
0
0
38245
98108
0
0
507088
20222.5
0
6616
0
0
0
2016
45142
0
0
122359
47506
0
0
285731
0
3227
2063
200858.5
13794
0
0
78349
0
515
18837
104742
819
20234
0
0
66785
3141
2978
2371
4190
7818
0
0
0
0
0
0
0
3201
59071
0
12931
276264
0
51518
0
0
0
0
58810
34092
8971
0
6912
57662
130437
0
0
516
0
0
0
0
1622
2144
0
744
0
0
27111
0
91210
42643
2107198
0
0
55887.75
72363
31201
44342.5060240964
0
0
0
0
85055
71654.8709677419
0
0
4595
12098
172516.285714286
3120
26274.5
38395
0
86959.7111111111
54076
83453
12412
41152
5510
0
125853.097222222
0
1498
0
113364
0
208556
67510
0
0
9260
17357
0
0
17911
49553
0
25552
0
3433
2055
2628
22963
0
0
25697
44607.4715447154
0
35146
116142.769230769
128588
1759
109656.64
301144
351
0
12520
11524
0
0
32764
17921
0
0
39632.5
5317
39205
0
15374
0
1322
0
90864.2830188679
239607.5
0
0
0
0
135189.2
98175
17031
47560.0231788079
85011
14907
0
1804
0
0
0
7587
15799
0
0
20980
0
75865.5
20208
6627
82443
0
4243
76322
6087
105843.695652174
8832
16906
0
8729
0
0
0
0
47364
22836
0
0
28424
0
28595.5
5
489431
3893
294162.5
9740
0
31041
22
37871
26585.5992063492
25989
0
0
278
784
0
83046
486
41041
27598
0
2801
8946
20311
33253.3333333333
74707
86255
49736
112053.433333333
0
0
5590
41695
0
0
0
0
0
0
0
0
74029.6666666667
1285
7442
0
21403
2623
20791
0
2415
0
0
3198
17105
20875
89786.7986577181
8705
0
50394.25
66061
22505
0
0
1250
29800
0
6433
3815
0
0
74
79074.8368421053
5206
20490.2727272727
0
49989
194069
10688.5
768
204485
0
13510
0
16209
0
116688
23040
25479.5
0
0
9551
0
7568
141
72363
0
20576
0
32234
0
94403
1101
0
64987.6
16169
0
0
36470.5
0
0
15739
0
43
0
1268
0
15392
0
14863
0
3863
41815
0
8728
133626.5
113667
0
0
0
43
28062
0
248619
1249
0
4165
32479
0
0
31041
639
12087
0
52850
23207
11674
42037
20721
21734
2712
21238
0
6646
0
45404
25284
0
0
0
28687
0
0
46095.6666666667
9124
0
116014
0
1953
67657
18621
42116
6831
0
68087
4882
56253.75
129219
0
0
0
6212
5933
0
0
6758.5
50626.8730688935
0
7970
104051
30527
0
38255
43028
126584
0
1795
0
0
0
33514
28513
31303
2885
11154
16350
6310
0
0
45369
0
30003
0
417
54183.4659685864
111869
53955
11817
71235
5200
3854
0
0
19399
6625
0
0
115885
0
29235
85338
33787.9263565891
27484
14709
0
49720.5106382979
0
13426
0
31240.6
0
0
22723
60378.2307692308
60878
0
0
3568.5
0
34757
69201
62386
2293
9772
0
0
79991
9537
0
0
0
0
33743
14153
63844.88
8736
18152
0
49645
0
306
91047
0
0
0
0
59386.006012024
109
30362
0
1123
0
17301
0
34796
39370
0
0
0
0
207000
0
0
0
0
51343
88785
0
2949
2967
89280
3305
0
0
14740
0
10612
0
43344
0
0
19680
26500.962962963
44414.1904761905
2042
0
1689
101997
132425
0
306404.142857143
0
207000
555
0
3495
0
0
0
3306
167423
0
0
60944.1518987342
0
0
31661
0
44186
0
10075
14525
43231
0
21281
0
99964.4186046512
0
13164
44160
0
0
21847.5
0
11289
130569
64041
48622
6725
0
172897.606060606
4933
40141.88
14726
0
53452
7203
0
115885
5737
77687
7542
28539
51876
4152
31392
347934
178
0
9349
115223
33952
0
3302
0
3458
0
102770.666666667
0
14523
46222.7567567568
126820.926829268
0
0
18099
0
18796
5500
0
45366
24210
0
0
44976
0
20990
38811.3333333333
10158
0
1689
538289
10040
0
48429
0
10452
6919
0
0
159948
18754
0
0
1715
1906
2711
0
6212
23642
84987
23172
38355.6904761905
0
3309
24860
512
0
41463.9230769231
1445
15267
0
0
205
3838
0
27591
0
9351
0
0
0
31696
51473.3333333333
37720.6666666667
0
0
1998
22205
0
0
34837
6697
14359
0
25510
1038
0
15342
0
17716
0
0
32764
0
123913
8570
1901
29717
57319
27640
0
0
0
1247
0
9425.5
76389
2255
0
0
0
3900
4492
777
0
254494
7408
52703.9166666667
5445
0
0
0
3639
1010
82979.5
7826
4160
0
27422
48379
0
32234
132425
14133
33571
6919
0
1009822
314387
20016
0
8400
4255
0
4478
0
0
0
0
3052
11433
0
20341.5
0
0
1863
0
0
16119
0
34796
0
0
0
8749
0
0
18057.6666666667
0
29409
28758
64045
0
4589
46405
13155
0
0
0
0
70618
0
231
0
228971
0
0
0
0
314387
0
32180
0
7694
1329
0
0
105993
0
5363
0
0
0
141161
49515
0
27286
0
150113
4749
26042
0
111018.5
2954
48125
159560
0
621850
0
111030
88697.5526315789
0
17360
0
77325
0
24784
0
3654
0
35803
0
0
8908
20242
0
0
0
0
0
156980
259
55
0
3591
41854
0
4856
161415
0
47
56997.5
6245
41566.3333333333
0
4511
0
19024
70504.9827586207
0
1800
3459
0
42216
36822
0
70232
0
5419
0
0
23028
53665.125
0
0
67437
21009
34236
625
0
31700
6200
9241
56782.6216216216
0
0
17134
0
0
0
0
5058
1023
13476
7542
0
72330
6325
120154
3661
0
0
0
2087
44545
165744
129594
62021
42511
28513
111796
11222
0
116120
31282
1504
17674
57309.6666666667
0
0
43931
86153
20802.5
0
1811
56027.8611111111
0
0
930
10382
5673
37333
0
0
0
41447
558858
56593
0
1681
0
0
30756
12092
73
0
0
17648
28435
0
0
33518
107750.8125
92656
5113
7321
74409
1704
5500
576
113433
13479
2840
0
40382
0
49985
4154
0
19559
0
8435
0
0
0
167468
104051
0
9266
45650
0
17523
8066
0
0
6539
0
72123.7010309278
7525
55362
0
6133
11273
4356
0
43
159948
17790
3997
0
16316
194
23282.5
54076
0
0
225
0
20954
0
6172
93291
0
70652
19559
93487.8
0
0
0
0
15055
42494
10576
63323
0
0
35673
330
0
9910
8699
54
21644
0
42375.05
0
114107
8943
3073
0
39378.375
24671
38954
60241
124701
72505
0
0
24439
0
203380
995
0
0
0
0
20984
8580
58793.6111111111
530
43738
9683
232284
23891
62601.1851851852
0
22879
9194
2107198
60525
0
4027
1679
0
23955
0
0
43684.9230769231
0
6352
0
1073
0
67269
0
52702.6981132075
15479
9768.33333333333
0
0
0
54348
0
19287.75
123055
126977
0
35574
0
16590
4007
0
0
44168
0
0
3189
0
15707
0
338319
0
0
900
396
141994
2018
25330
4559
0
0
122888
3692
19627
49255
0
0
893
0
0
0
0
162652
9212
37969
11392
9340
0
0
12880
0
0
0
67142
0
5752
0
0
62512
0
35610
0
0
0
0
96646
9040
5201
27
10
0
0
0
0
19388
46716
104067
0
19261
0
0
95482.7741935484
150347
130498
8931
3442
0
0
20481
0
0
54154.8362573099
46816.8942307692
0
10487
110512
329789.5
689
0
4986
9110
1955
0
196225
935
8082
2471
32783
0
0
646
49147
0
11054
0
0
17602
1665
0
18362
0
5936
0
0
195647
106543.87012987
0
0
15301
0
0
34239
0
0
34342
0
0
0
5318
70802
37586
47913
24764
0
0
0
0
78152
13952
0
19581
3738
2927
0
215601
0
0
18701
0
2282
3639
1823
54071
0
4935
9796
11838
95368
0
30022
47798.3773584906
0
3349
0
0
60375.7931034483
0
18645
575994
1051
0
0
0
52741.6260162602
49475
0
11536
31761
0
0
0
0
50185
0
0
19145
5601
0
5358
1681
0
119667.8
3654
0
0
6170
0
0
0
40194.75
8529
71846
0
32178
1499
0
5252
0
0
0
20777
17207
12943
0
0
19595.8333333333
22739
28047
0
13539
17168
14430
270552
2736
42036.3333333333
2287
29768
0
62585
7016
30033
0
0
96645
8078
0
161415
47296
0
0
0
55703
0
0
9186
0
0
63623
0
20572
0
378
44541.5
22620
3120
0
16593
19463
1072
23207
48777.5
34377
898
28339
0
0
0
0
6725
0
5679
0
45375.5
0
38043
0
22163
4192
5523
246730.769230769
11734
0
3920
0
11438
2533
0
7692
9462
22963
31113
0
0
0
6305
0
14423
0
23977
0
1422
61349
0
0
484
14501
0
22860
24601
0
4331
13771
26995
16359
0
0
0
7773
1445
0
55551
0
78420
43519
11019
122359
0
9567
0
28067
778
71506
0
8607
0
74468
44611
3330.5
0
0
0
0
46022
0
3891
0
0
19584
45722.1538461538
131623
4192
5283
3770
232175
43238
36811
25416
0
55
19749
19393.5
123867
2212
47031
50563
0
27073
0
0
19370
35684
0
10797
64278.5684931507
654
2411
9869
10184
0
0
0
23741
56890.3846153846
0
0
4277
6480
6938
9005.25
78853
396
13032
12454
0
0
0
11132
2172
36375
97811
1895
163254
4748
1668
269198
39965.9255898367
9443
12441
0
26802
23197
0
3921
11674
4641
164500
0
0
33529
252871
0
14
14003
1050
16627
60092
14602
12925
17176
48359
0
0
0
32684
23070.1236363636
0
28577
0
74279
36338.8787878788
8339
0
0
36225
0
2293
16552
100890.090909091
1142
19605
0
0
14179
0
0
28144
27831
4963
145413
0
1205
77767
72981.6
727
49228
45358
0
4454
0
0
0
0
20439
0
74179.8095238095
9324
0
7161
0
0
0
0
27792.5
55288
1675
6893
7137
1765
7450
204247.727272727
0
35129
113457
0
48361
0
0
10683
167423
0
6298
0
0
1445
48264
0
102185
1647
0
0
4095
1084
0
37572
27585
91857
4966
0
0
0
25415
0
53396
16492
30778
0
43238
18688
0
26966
9357
1859
29486
0
0
2162
0
0
1411
58775
0
15241
38707.6764705882
4827
0
9
0
36770.3333333333
0
0
0
30829.75
60869
64317.8376623377
5651
0
0
14639
0
209598.666666667
868452
16294
0
0
0
0
31175
0
2799
0
22252
0
2843
0
2363
0
10175
26366
49679
63792.8
9103
26100
37910.5304659498
21332
16442
0
0
3815
0
173611
0
4986
0
0
9082
20756.5
18357
24889
0
0
0
707
81737
22663
15971
0
1512
149636.549295775
13659
37447.3611111111
2805
56433
1072
10577
0
9510
37959.6111111111
31038
0
0
0
60864
471
12118
0
135181.9
4661
11391
0
0
9374
0
7596
11492
1174
0
0
6612
1026
76841
62108.8823529412
0
20281
2344
0
0
140
654
36747
0
282422
0
0
380859
2346
0
568158
57355
0
1141
0
6586
45994.4814814815
0
171
70081
21331
42868
19432
5761
0
1946
91309
12675
0
171646.5
25649
87221
0
105556
23813
52514
0
36465
0
1630
6099.5
150053
0
64506.5547445256
1282
0
16048
1649
114306
0
0
44425.1904761905
0
5689
0
53884.8333333333
98081.56
50563
0
0
21453
0
16373
27318
1952
9
1895
8440
738
156012
136838
51314.1492537313
31006
38626
6133
0
6154
588
0
28513
13155
35053
16967
0
222510
0
0
0
0
0
0
0
25920
0
0
0
161
0
0
20081
0
33561
1886
0
64777
0
0
8817
0
143656
0
20652
0
0
48384
71002
44765
0
0
19227
0
8476
0
0
255
44242
10796
37865.5171339564
48667
7587
2107198
0
32973.8085106383
0
0
0
167423
211442.583333333
0
11602
0
696
14968
0
80390
0
13428
39779.6666666667
0
0
0
0
16567
5865
0
66314
186950
9581
0
22409
125624.333333333
109000.318181818
450451
1652
26433
0
17301
0
0
0
0
0
0
1541
634
19771
0
78420
15206
0
109484
0
0
0
31346
0
0
5730
6440
3312
403489
27283
12869
29455
177035
0
0
17092
47005
37612.6666666667
58351
0
0
6126
34796
0
22883
80954
8335
0
6010
0
116
0
1954
1740
62072
126075.233333333
928001
0
97051.9090909091
0
0
23734
271
4057
25236
0
109009.609756098
0
0
7579
8087
0
0
27124
0
52948.6428571429
0
55106
0
153876.4
24417
22660
6151
30006
0
16852
0
16871
0
4412
76660.32
0
0
4775
53191
43902.5483870968
16209
15933
22221
55823
13804
126483.684210526
2220
49322
115485
64777
6934
25101
0
26427
47833
0
0
0
63957
0
21918
12822
21904.1428571429
0
710
10744
3427
30909
14033
0
2385
0
1005
9288
41492.2
1901
33809.125
0
0
20797
0
0
0
9910
276675
16350
5599
5615
0
0
4605
0
0
22747
0
49912
0
0
34796
4850
0
0
5851
1171
229327
0
39997
2091
36427
19291
32381
14297
178046
22365
5896
0
0
100414.25
87573.6734693878
0
3908
0
6305
77859
35319
98647
6586
98545
0
0
19380
0
0
57818.5341614907
0
0
4041
0
33708
0
0
26382.2307692308
0
0
156351.965317919
1445
4814
5188
104921
0
45110
0
55600.652173913
1250
29809
17189
0
1265
0
0
9975
29474
63533.375
8683
32764
10822
0
3310
953
11389
28005
44243
21807
0
0
0
0
608446
0
0
0
0
294597
0
0
30584
17760
0
32684
2732
0
55716
46754
10204
12041
113318
0
32170
7348
6800
6384
33961
0
0
0
3987
17377
47079
0
107802
0
81933
75365
2619
0
0
77357
246555
0
0
18405
27452
0
0
0
64777
45897
0
2989
16223
0
5419
5384
7112
19355
0
38069
132991
0
0
29418
0
105529
93772
0
0
0
8401
110597
21803.671641791
20532
0
0
0
0
0
7476
49636
0
0
0
0
755
0
6769
28945
0
6387
32163
26940.8333333333
0
3037
0
0
0
0
14371
6331
40377
5553
5249
22673
3664
164317.35
1064
0
0
65729.5777777778
0
89146.1818181818
0
0
29185
2946
0
0
149884
0
0
0
35815
0
49684.4666666667
48965
0
0
0
78301
409
17659
62424.4188481675
4291
54721
0
4867
73319
4935
15708
87467.8468468468
2923
0
46836.9117647059
0
0
11674
16426
0
25592
0
0
0
0
20969
0
0
82777.5
10594.5
33514
58462.8
2163
34150
0
1598
1682
0
0
21006
0
0
0
7229
1054
16538
27283
0
22676
0
0
46093
28639
0
0
1892
0
51623.496350365
19
0
0
0
0
0
3488
16530
61296
0
53546.75
0
78694.5609756098
0
12838
0
56997.1538461538
39747
0
7588
8705
0
0
167423
102782
0
64219
4169
0
77317
14138
3430
0
17411
10170
0
0
56306
17752
0
0
1339
0
446
50855
0
26764
0
155
0
93772
0
0
9746
0
53830.5714285714
10877
22392
0
0
0
0
0
23298
36528
68757.6642335766
1084
0
62936.3695652174
2044
0
160309
3155
50092
94247.5
25173
0
91600
0
2752
67415
130982
16319
53658
0
14621
146164
28552
2312
21501
9635
13495
352
179032
0
9754
0
0
0
82423
0
0
11844
0
0
47337
19961
48159
38859.3333333333
66234
7834
13723
1749
897
85665
1144
101788
27749
17437
131227.454545455
752090
18986.9641319943
856
0
1164
0
0
0
0
0
21033
13040
0
18693
0
37735
39153
0
22371
0
74472.5
0
9627
78736
0
8318
36928
0
98864.2857142857
0
0
22284
3339
43070.0454545455
0
18799
46022
1053981
2429
11190
32652
0
40929.8461538462
2420
23271
0
0
19749
52500
0
9764
50926.4166666667
0
0
6305
0
1937
82
135473
75
0
0
4935
2216
0
52746
0
30378
0
19749
9615
0
2282
209174.333333333
36337
43379
0
622
0
0
5661
0
36363
0
6868
6831
93934.7843137255
0
0
158348
0
0
0
0
56279
39583.9090909091
17314
108368
0
48125
0
44765
0
13357
0
52383.5105022831
29201.2857142857
61672
2105
13670
0
613208
0
0
0
915
17425
3273
17176
4957
20313
0
6662
26818
68737
11014
20958
6177
0
0
0
26681
0
0
14613
0
5739
0
175494
0
43347
0
0
0
0
0
0
87288
0
0
24087
0
0
1911
0
43238
1374
37389
0
0
178046
0
0
0
0
0
10131
0
3087
0
1398
43379
0
0
0
22507
334113
8422
0
0
0
0
0
3639
146580
0
3164
0
50529.925
113732
0
57850
36336
4339
21260
0
39768.44
0
0
0
14316
147846
251
4820
0
43238
120291.802597403
0
99307.8105263158
49269.45
40326
11466.5
0
57896
0
0
0
0
141538.923076923
69283.3333333333
51735.4210526316
77369
0
50499.75
0
0
24210
0
123615
0
396
0
58695
2503
0
0
3801
27103
0
0
17
239608
86866
24501
0
0
40986
85454
0
0
19110
0
0
8014
20245
75316
0
2248.5
15351.5416666667
0
0
5850
0
9077
15502
857616
155
35748
0
0
27369
4806
586
38251.7204301075
0
0
0
0
27032
12596
22201.5
70090
1721
2585
31303
90563
61264
0
2273
6024
38831
0
0
9791
0
7076
43829
0
0
29292.9427127211
152449.8
3053
0
92924
0
25421.9006849315
43949
0
5848
0
0
107894
0
30405
0
18117
5501
0
17190
2562
91362.6153846154
11661
0
1109
0
19559
213355
105437.426966292
6107
37017
0
1553
19467
0
9826
0
0
0
0
221587
6441
0
7788
42073.0666666667
75262.2291666667
0
8129
10175
0
8066
0
31495
89278.8117647059
8426
7249
11674
67143.875
0
25785
0
0
427817
0
8356
0
24861
18477
27403
0
0
0
670
0
0
17868
31050
2107198
12426
0
0
0
121754
0
0
0
0
6107
0
9356
14161
9263
61706.3333333333
16279
20501
0
36330
38560
36606.8045977012
17921
2712
234664
0
0
3989
489744
73838
0
10960
57885
10075
0
102702.581081081
73929
0
0
0
8982
6342
15667
15344
35304
2892
17903
0
17125
4542
0
85347
0
21891
0
16589
2491
14054
0
0
0
79668
32519
0
53786
0
73135.6428571429
0
25833
0
0
103481
19079.4285714286
20826
8999.33333333333
198567
8983
250
28270.8333333333
0
0
0
36395.3333333333
27205.875
28358.5384615385
0
0
137996
244378
0
143984.333333333
27754.25
71040
369
207663.5
0
45829
0
349268.666666667
0
28455.3571428571
101727.333333333
0
0
132460.4
0
26182
45747.8461538462
99470
0
132013.666666667
0
591.5
0
0
1726.33333333333
26787.5
857.333333333333
58022.08
30498.6666666667
0
0
0
62982
0
38
30762
397
114643
24707.375
49259
16042
0
0
0
157093
0
10149
0
0
0
0
0
0
0
84207
13019.5
0
172446
3343.33333333333
45232
39729.84375
149889
3323
0
0
49679
1341
109682
2373
0
0
0
114643
114643
15174
17663
14951
475
0
17448
0
7970
0
0
397
15971
0
49187.037037037
0
123094
74617.8
112046.75
1171
97940.0882352941
0
0
0
8249
0
0
0
1557
46355.3333333333
192005.5
0
262391.5
48896
16765
0
0
0
16765
0
56488
0
0
24721
0
0
26762
0
114306
19299.5
124604
616.333333333333
959
0
4806
1009
80078.7
70206.6666666667
11838
0
0
981
243
0
0
0
51896
0
618
0
0
0
85055
455
0
0
0
0
0
0
45132
0
565
894.5
141161
9774
0
66715
23419
0
0
0
0
0
0
29141
0
0
0
21924
521429.5
188708.413793103
1789
0
0
0
14296.5
0
24499
245028
0
96953.7419354839
0
167423
73697
0
18198
0
0
16539
253092
64268
32888
176647
0
264037
0
0
0
0
91093.3428571429
0
1426
0
0
0
23040
20365.75
2607
44505
52843
1341
725
0
0
36116
0
0
6325
0
1312
0
0
0
5666
44741
29464
0
0
0
0
167423
44462
0
18578
52824
0
93951
813.4
0
0
0
24860.6666666667
0
149920
0
38604.0833333333
0
0
0
0
134931
0
0
0
0
4479
75673
5763
0
0
0
0
0
0
0
22633
3260
867
0
2497526
104626
493
919
2127
21252
0
357
0
0
32113
59569
0
0
0
1341
5445
1169
2081
0
50979
0
0
0
9132
69376
43863.2076502732
0
19500
0
11402
19023
53359
0
77120
0
0
0
0
0
76200
0
10359
23112
31291
41507
0
899
0
26929
879.5
0
3654
0
246348
0
397
88457
0
20256
743716
4239
0
29147.5
0
0
0
0
0
0
0
56
0
0
76803.8666666667
0
0
61693
56441
3514
0
39394.5485380117
0
1164.5
597.285714285714
989373
0
0
170
126124
33413
0
1341
0
0
0
14122
67960
0
98669
0
0
13240
0
0
0
0
0
132147
0
0
0
0
0
28035
14501
226331.518518519
11651
0
121277.5
128301.555555556
30020
0
124507.112676056
8738
200411.666666667
9401
71185
0
16227
0
0
0
33536
0
0
0
0
0
0
60472.25
0
0
0
27891
0
131204.137931034
143775.333333333
0
3277.33333333333
0
0
154742.5
0
0
277567.142857143
0
0
14501
146790.75
153991
36930.0566037736
14501
0
95413
0
276610.8
25326
60499
0
0
0
0
0
99976
0
0
0
0
0
0
0
0
0
0
0
0
39401.1666666667
45469
5142
0
0
8434
0
51013
0
0
6081
0
5097
38398.3333333333
0
45132
0
0
0
0
0
0
203672
0
0
0
102844.333333333
0
175693.692307692
19432.8461538462
48335
56142.5
0
0
12148
327566
0
668
0
0
0
0
55858.6666666667
0
0
0
0
0
0
0
0
0
310536.666666667
33920
0
33708
10865.6666666667
75197
0
0
0
0
0
0
0
0
0
0
0
0
26719.25
8028
0
144470
19790
0
0
0
0
0
0
0
188533.516129032
111674.285714286
688943.25
99595
0
0
0
0
45791
0
0
0
0
0
112299
0
17191
1880
0
0
0
35541
92958.5714285714
354
0
0
0
0
10462
0
0
0
0
0
0
0
0
80462
58668.4
90094.3333333333
66887.6666666667
0
0
0
172589
0
0
0
0
0
232407
0
3203
0
0
0
25398
219248.333333333
0
0
446905.75
110525
0
103269
0
0
9961
57867.3333333333
21441.3333333333
0
0
27415
0
0
0
41507
266183.5
0
112866
0
70981.6
0
0
0
0
10782
172446
0
0
0
0
0
0
0
0
8325
0
0
0
0
0
0
0
0
0
0
4987
0
0
0
293358
302836
58218.5
152195.069767442
5097
0
2719
0
0
0
0
103019
0
0
56135
0
0
0
0
0
45496
99470
141161
12467
80637
0
0
324936
0
0
125616
45132
0
50331
0
0
0
47847.6666666667
0
14728
0
0
174177.666666667
0
0
0
0
1241
0
0
0
0
0
0
0
0
0
0
0
60326
0
440750
46862
0
0
0
0
3992.5
0
0
0
47234
0
0
0
0
0
0
93435
0
14501
55709
0
0
0
0
164196.75
0
6338
0
0
4094
0
0
61423.3333333333
113057
0
162206
0
10195
2658
0
0
0
0
0
0
0
0
0
0
0
0
21611
5752
0
20057.5
1500
0
0
0
0
0
0
0
0
0
0
14719
0
33297
9819.5
0
0
0
0
0
0
0
207000
16553
0
0
0
0
0
0
0
0
0
0
0
0
0
0
0
0
0
218321
0
174
3872
0
61931
317829.659574468
0
125056.5
0
0
0
0
0
0
0
0
0
26501
0
0
8726
43619.4
8573
0
5261
4029
0
0
2010
0
0
45057
0
232405
0
0
0
0
0
0
0
0
8418
55233
0
0
0
49840
0
0
0
5752
0
0
0
0
0
0
83533.75
0
0
0
0
0
0
0
0
0
0
0
0
0
0
3266
0
0
0
0
0
0
13834
53660
0
0
0
0
13683
0
0
0
0
0
0
0
41705.5
5734
0
0
0
0
0
0
0
0
0
28343
0
0
0
0
82591.5
0
0
0
0
0
0
0
0
13871.65
15839.8333333333
0
1100
0
14295
8997
0
0
42513
0
0
72284
15768
0
0
0
0
0
0
0
14310
41546
0
2716
0
0
231190.5
0
0
0
0
0
0
0
0
0
0
0
21225
0
0
31244
33467.3333333333
0
0
0
0
0
0
0
0
25784
0
0
0
0
15553
0
0
0
28020
3228
69283
0
395
0
0
0
0
0
161928.5
0
222344.888888889
0
0
0
0
1362
4826
0
0
0
0
0
0
0
0
4751
0
8743
64127
0
255703
0
0
0
0
0
0
0
0
0
0
194973
0
0
0
0
0
0
546
349094.5
0
0
0
0
25458
24610
0
0
0
0
0
0
0
0
20925
0
0
0
0
0
0
37230
0
5902
0
0
0
0
0
0
0
0
0
0
0
0
0
0
9802
0
0
19587
0
0
0
66894
0
0
0
0
0
88492
0
0
0
577768
0
0
17164
0
53315
0
60504
0
164779.098360656
19554
0
184332
172229
0
49733
0
0
0
0
0
0
0
0
21092
13189
0
19429.8888888889
0
0
0
0
0
64771
0
0
0
9535
0
0
36797.2058823529
0
0
0
0
0
51374
0
14501
41507
0
0
0
370106.333333333
0
0
0
0
0
0
0
0
0
0
0
0
0
0
0
0
0
0
0
0
4619
5545
0
0
0
0
0
14501
0
8916
0
0
0
0
0
0
4876
0
0
0
275405
13756
0
41299
0
0
0
0
128450
0
0
0
0
0
0
0
0
28020
0
0
0
0
0
0
2648
95413
105723.116883117
0
0
63460
0
0
0
0
1880
172423
0
0
0
41438
0
0
11619.5
0
0
0
1500
0
2848
0
0
0
32052
0
0
0
0
4717
0
0
0
0
101997
5752
0
0
0
4963
13874
0
0
0
129962
0
0
0
0
0
118693
0
0
0
0
0
0
0
0
0
0
0
0
0
107064
2472
0
324457
0
0
123715
0
0
0
0
0
0
0
0
0
0
0
5752
31886
0
0
0
28020
0
0
0
214303
132721
0
0
0
5258
0
0
0
0
0
9483
0
64127
0
0
0
0
0
45315
0
0
0
0
60960.6666666667
0
0
0
0
0
21277
27624
0
2857
0
24861
0
0
0
0
0
0
58634
0
0
0
0
0
0
0
0
0
0
0
0
0
0
0
28020
0
159781
0
0
0
3156
0
0
0
0
0
0
0
0
0
28062
0
0
34897
0
41270
8434
0
0
0
95479
0
17012
0
19587
0
18146
0
0
0
18485
44747
0
0
51699.875
12076
0
0
0
0
0
0
0
4751
0
0
96841
0
0
0
0
0
45132
0
0
0
11148.3333333333
0
0
0
0
479223.983050847
0
25699
0
0
0
0
0
0
8814
0
0
0
0
0
0
0
0
0
0
0
0
0
0
0
0
0
0
0
0
2438
928001
3879
0
0
0
0
0
168662
0
0
48205
0
1880
0
0
0
27402
0
0
0
0
0
0
4638
0
46440
44888
0
1772
0
0
0
0
36144
0
0
0
0
0
0
0
0
3898
0
0
91591.5
94092
0
0
0
0
22264
0
0
0
13824
0
44749
0
0
0
0
0
0
22228
0
0
0
10978
0
37887
0
5097
14719
0
114643
0
0
0
0
3912
0
0
25688
5268
50139
25602
173823.504950495
4520
0
0
0
27436
0
0
0
140856.818181818
0
0
0
0
39721
0
0
0
0
0
0
0
9943
0
0
0
0
0
37861.3333333333
0
132747.857142857
0
57936
5361
0
0
68744
0
0
0
0
19334
8079
0
0
1121
0
2503
0
59682.6363636364
0
0
0
0
45698
0
0
180036
0
7497
0
0
0
0
0
35222
0
0
0
0
0
0
0
0
0
0
0
106388
0
0
0
38150
0
0
0
0
0
0
64460
0
0
0
0
0
0
11312
0
0
0
0
0
0
14244
14501
5546
0
0
0
26836
0
14501
0
0
0
0
0
48704
0
0
0
0
0
0
163153.685185185
0
17462
0
0
0
0
0
0
147463
0
0
0
0
146795
0
0
42843
0
64127
0
0
112299
0
0
0
0
0
0
0
0
0
0
0
0
0
0
0
0
0
9098.5
3077
56052
0
0
0
0
0
0
0
0
22613
0
0
0
0
0
0
0
0
0
0
476219.606060606
209430
354
0
3977
0
0
0
0
0
46574
0
19685
0
0
134086
0
0
339021
0
0
0
0
0
0
0
121843
0
0
0
110771
0
4757
0
3175
7767
395
4729
0
0
0
0
0
0
0
0
0
0
0
0
0
11312
0
0
0
460253
5261
0
0
0
0
0
48030
9016
0
0
0
0
0
0
0
0
0
0
55013
0
0
185254
0
3228
0
0
0
0
17297
0
0
38897
0
0
0
0
0
2109
0
297352
0
0
0
0
12632
0
0
0
0
0
0
0
0
0
0
0
0
0
93727.5
0
26603
0
0
0
0
0
0
0
90044
0
0
0
0
80375
0
0
0
28020
0
0
0
0
0
0
0
0
0
0
0
0
0
3850
0
0
11246
0
1880
0
0
0
0
0
0
30317
7955
35617
0
0
0
0
0
196839.055555556
14121
8524
0
0
0
0
0
0
50130.3333333333
2433
0
0
0
0
195581.5
0
0
0
0
46055
147114.094594595
207978
0
0
29031
577768
0
21713
0
0
0
0
0
1161
0
1455
3058
49679
0
0
0
0
145794
0
271045.333333333
0
0
0
0
0
2010
28139
0
0
0
0
168662
0
559859
0
0
0
39175
0
0
114643
27591
0
0
15553
0
107569
0
5546
0
0
0
0
0
17339
0
1880
0
0
14501
0
643360
0
0
0
0
0
0
0
159166
19527
0
0
0
0
0
0
0
0
0
0
0
0
0
99470
0
0
0
0
5490.5
0
0
0
46593
0
0
0
0
0
0
0
20790.5
0
0
308726
93435
0
0
19006
0
0
0
0
0
0
0
4587.5
0
0
0
0
7153
0
39284
0
0
395
0
0
0
0
0
0
0
0
0
0
0
0
0
14501
0
0
0
0
0
66428
0
0
0
0
0
0
0
0
0
0
0
0
0
0
0
0
0
0
5101.5
0
0
0
0
0
0
10417
0
10499
0
0
0
8869
0
0
0
0
153991
0
0
66212
0
0
0
0
0
101533
0
0
0
0
0
0
67254
0
0
0
0
0
24705
0
0
0
24303
111736
0
0
0
0
0
0
0
0
0
1449
0
0
0
0
0
0
0
0
0
0
0
0
0
0
0
0
0
168662
0
0
7642
0
0
0
293646.318181818
0
0
0
0
0
0
195511
0
0
0
0
0
0
0
0
0
31568.3988439306
0
62454
0
26252
0
0
0
0
0
0
0
0
0
0
0
0
0
28020
0
72862.75
0
3417
97287
0
0
36178
121185
0
0
0
0
0
39300
0
3566
0
0
0
27245
0
440860
35147
0
0
65328
0
0
0
0
0
364
71586
0
0
0
0
56917
0
0
0
0
0
0
0
0
0
0
0
0
0
0
0
0
0
0
0
1024
0
0
0
0
0
0
0
0
0
0
0
0
29645
0
0
0
0
0
1381
0
0
0
28020
113245
0
0
0
103252.339285714
122977
0
0
0
0
0
0
0
0
0
0
0
44545
0
0
0
0
0
34550
0
0
0
19318
0
0
0
5912
0
0
0
5546
31703
0
0
0
0
0
0
0
0
0
0
0
0
0
0
0
64127
0
0
0
0
0
15051.3636363636
0
0
0
0
0
0
0
0
0
28139
0
0
0
0
59549
0
0
28020
0
0
119254.75
0
199086.80952381
0
0
395
0
0
0
0
6370
0
0
0
0
0
0
15984
157120
3178
0
0
35351.5
0
0
0
0
9279
0
0
0
10852
0
0
0
0
0
0
0
0
0
266797.5
0
0
0
0
0
0
0
0
0
0
0
1024
40260.0476190476
0
0
0
58313.5
27103
0
0
0
0
5220
0
0
43875
0
19476.4
0
0
634
4264
4521
0
0
0
77982
0
0
279959.6875
0
0
111102
0
36244
134453
0
0
0
0
0
0
21092
0
0
0
0
0
0
40767
0
14501
53181
0
0
0
0
0
0
0
135572
0
0
18677
167823
0
0
477
0
0
0
261
0
0
0
0
0
97411
0
0
0
0
0
0
0
0
15190
0
0
0
0
39315
0
0
10736
0
0
0
0
283051.666666667
0
0
0
0
0
0
0
0
0
0
0
152394
0
0
0
0
0
0
0
0
0
45488
0
1848
58067.4
0
0
0
0
0
0
0
0
80375
0
0
0
0
0
3941
0
13436
0
0
0
57128
0
0
2871
17406
0
0
0
11050
0
0
0
0
0
0
0
50890
0
0
24567
0
0
0
10035
51374
14700
0
0
0
28020
78283
0
0
6584
0
0
0
0
0
0
0
0
0
0
0
0
9679
0
0
0
0
0
34095.5
0
0
0
0
0
0
0
0
11882
0
18630
0
0
43619
0
1067
0
0
0
8325
0
0
0
0
0
0
0
0
27436
0
3691
0
0
18938
0
0
0
0
0
0
0
0
0
0
0
0
0
0
0
0
0
0
0
22132
0
0
104837
0
0
0
180259.333333333
0
0
0
0
0
12467
24861
0
11562
0
0
0
0
0
3518
20126
0
0
0
0
0
10207
0
0
115939
0
0
0
0
14029
0
27637
45132
0
0
0
0
0
0
0
98624.9411764706
95413
0
0
0
0
0
0
0
586401.333333333
0
0
55898
2694
0
0
0
0
0
0
0
98669
0
29016.5
137210
0
9919
0
0
122977
287884.025641026
22963
8707
0
0
482041
0
0
0
0
101660.797297297
0
0
0
0
0
0
0
0
0
0
0
0
0
0
0
0
0
0
0
0
0
0
0
0
119586
0
0
0
0
0
0
0
0
0
1675
0
0
0
0
0
467471
10035
62982
0
0
0
69543
0
0
0
0
44413
0
54075
0
0
0
27951
0
0
0
0
5097
0
0
0
0
0
0
0
5546
0
55494.0833333333
0
0
0
0
0
0
148832
0
0
112866
0
0
0
0
0
13010
0
0
0
0
0
23201.4
0
0
0
0
0
0
106983
0
0
0
0
0
0
0
0
0
0
0
81852
0
0
0
0
0
0
512323.428571429
0
4338
0
0
51406
85946
0
0
0
36138
0
0
0
1206
0
0
0
0
0
0
0
151
0
0
0
0
0
0
194078.34375
0
0
18547
0
0
0
0
8769
0
0
58582
0
0
0
0
0
0
0
0
0
0
0
0
0
173659
0
168374
19342
0
0
0
0
55013
24718
15553
0
0
44410
0
0
0
0
0
0
0
135611
0
44083
0
0
0
0
12065
23041
19685
0
0
15639
0
0
0
0
0
0
0
0
30051
0
0
73498
0
0
0
5336
0
0
28020
17129
0
0
0
15117
0
0
0
0
0
0
0
0
94475
93362.5
0
167494.875
51161
0
0
51161
28020
0
0
0
0
0
44467.75
0
0
0
0
0
0
0
28020
68070
28020
0
0
0
42485
0
0
15553
0
14014
0
0
0
0
0
0
0
28020
13549
0
28020
0
0
0
0
180265
0
0
0
0
0
0
0
0
0
0
0
90373
0
0
46054
0
0
0
132656.166666667
69130.3809523809
41915
229023.666666667
0
0
0
19432.5
0
0
0
27415
9679
0
0
0
0
114425
0
0
0
0
0
0
0
0
0
0
0
0
64127
64127
6346
0
0
589
589
0
0
0
0
0
0
0
101997
102287
0
0
587913
0
0
0
0
48229
0
14533
1825
190339.5
0
0
0
17884
24811
0
0
0
0
0
0
51374
0
0
0
40685
0
0
0
0
0
7328
0
0
0
0
25568
0
0
25978.6470588235
0
0
0
0
0
11432
0
17230
0
0
0
0
0
0
0
32891
0
13491
0
0
0
0
0
8016
3093
0
0
0
0
142383.888888889
47360
0
0
0
0
28020
150033
28020
0
19587
0
133860.666666667
28020
0
0
0
0
0
0
0
0
0
0
0
0
0
0
28020
0
0
0
0
31489
0
1463
0
19317
0
0
0
0
0
0
0
0
0
0
0
0
0
0
0
0
8218
0
45470.8557692308
2176
0
0
0
0
7140
0
0
0
0
0
0
0
101997
101997
20275
0
0
0
1880
0
0
0
0
0
10766
0
6839
0
27655
0
0
0
0
0
428401.5
0
0
0
0
0
15553
0
0
0
0
0
126549
0
0
0
0
0
0
0
0
39016
0
0
73156.1666666667
9679
0
28020
0
72093
0
36930
0
49141.4146341463
43619
0
17297
0
0
0
0
0
35820
0
0
0
0
0
43659
0
36178
49020.25
0
0
0
82435.6666666667
0
97337
254494
256865
0
135988
0
79462.5
9518.5
2894
0
0
0
14501
0
0
17012
10652
10291
96162.4375
0
0
28016
0
98094
0
0
13042
1252
0
0
88524
0
0
0
0
0
0
44706
0
3137
0
0
0
0
0
0
0
122925
0
0
0
0
0
6267
0
0
0
0
50096.5714285714
0
57925
49893
0
0
0
0
0
0
0
0
0
0
0
0
13902
0
0
0
19542
0
0
77041
0
0
42485
0
1346
0
0
4963
4963
0
6793
38210
5434
0
0
0
0
27415
98094
6528
3449
0
0
0
220204
0
