0
3600
-18000
0
-20057.1428571429
0
-9810
-19415.7303370787
-23400
-12600
-19894.7368421053
-14400
-27000
0
-15552
-23400
-28800
0
-16200
0
-26228.5714285714
-28800
-2880
-22800
0
-25200
-16400
-21600
18000
-18900
-21600
-17100
0
0
-17550
-19350
-24000
-18477.5510204082
0
-18000
-6000
0
-23400
0
0
-21381.8181818182
0
-27000
-21600
14400
3600
-21876.9230769231
0
6171.42857142857
-24000
-23400
-18000
-18766.6666666667
5400
-19584.9829351536
-15960
0
-2693.33333333333
-22153.8461538462
-18720
-17228.5714285714
-17505.8823529412
-19800
-15942.8571428571
-11880
0
0
0
-25200
-6750
3600
-14400
-21130.4347826087
-14400
-18000
0
-25200
-18000
-20250
-17100
12000
0
-17068.2352941176
-15652.1739130435
-16560
0
-342.857142857143
-18000
0
-18000
0
-14400
-28800
0
0
0
-16863.1578947368
-18000
-18000
0
-22800
-18000
-9600
0
-18000
-19800
-18236.8421052632
-25200
-3600
-14400
-16200
3600
-19800
0
-18000
-20482.7586206897
-19800
-14400
0
0
-21600
-22800
-16800
-17861.5384615385
-22371.4285714286
0
0
-28800
0
-21600
-36000
0
0
-17400
-14400
-16200
-18300
0
0
-19800
-18300
-18000
-23760
-27000
-18000
0
-28800
-2880
-20057.1428571429
-21600
-21342.8571428571
0
-12240
-19963.6363636364
0
-14400
-18720
-12600
0
-14400
-28800
-14400
-14400
-28800
0
0
18000
-18000
0
0
-15428.5714285714
3375
-4846.15384615385
0
0
-13245.2830188679
7200
-18000
-18000
-6428.57142857143
-23142.8571428571
900
-16457.1428571429
-18000
-18000
3600
0
-20400
-18000
-3000
-18000
-22800
-5657.14285714286
-21600
-16842.8571428571
-24480
-23400
-19800
-25200
-131.707317073171
-14400
-18000
-21600
5400
-14400
-27000
-16800
0
0
-18000
0
-21600
-10800
-18808.1632653061
0
-18000
-16200
-18000
0
0
-23400
-16457.1428571429
10800
0
-21600
-18000
0
0
-28800
-18000
-16200
-16971.4285714286
0
0
-18506.25
0
0
0
-18000
-18000
-20957.1428571429
0
0
-3176.47058823529
-25200
7200
0
-21450
-17621.0526315789
-15428.5714285714
-18900
-23400
-18000
-25200
0
0
-18000
0
0
-25200
0
-13542.8571428571
0
-2769.23076923077
0
0
-18000
-18000
-14400
-18000
-20057.1428571429
-18000
0
-28800
-9900
-23400
-28800
0
0
-14400
0
0
-20400
-19680
-19200
-18000
-14400
-6942.85714285714
-18400
-18000
-14400
-18000
0
-20700
-21600
-21300
0
-18900
-18000
-20800
0
0
0
0
-15600
0
0
-21600
-18000
-21600
-11057.1428571429
-28800
-24000
-18000
0
-14400
0
-21600
0
4050
0
-21600
-21600
-18000
5400
-14200
-18000
0
-21600
0
0
0
-28800
-21085.7142857143
-18000
0
-18000
0
-15200
0
0
0
0
-23142.8571428571
-24171.4285714286
-25200
-17600
0
-12000
-18000
-18000
-5880
-14400
0
-7200
-19800
-16036.3636363636
-22800
-17345.4545454545
-19800
-18000
-21600
-7920
0
-17280
1800
25200
-28800
-18000
-16407.6923076923
-28800
-16027.8260869565
-21600
-17127.2727272727
0
-15127.4611398964
10800
0
-1200
10800
-20880
-25200
0
0
-9600
0
0
-19800
3600
-7200
0
0
-8100
-9385.71428571429
0
0
-18000
-20400
-7200
-20290.9090909091
7200
7200
7200
-25200
-18163.6363636364
3600
-5717.64705882353
0
-14400
1200
-25200
-18000
-18000
0
-19800
-10800
-17280
-18000
-19200
-19998
3600
-21600
-13200
0
-15750
0
-19800
-18514.2857142857
-20160
-10350
-5400
0
-23400
-18000
-21600
-19542.8571428571
-600
3600
-18000
0
-18720
-10800
-21600
0
5400
-19838.5714285714
-18000
-18000
-18163.6363636364
-28800
-18000
7200
-18000
-14400
-16200
-36000
0
3600
-18000
-23400
-13050
-18000
-21600
0
-14400
0
0
0
-20400
-21600
-19800
-19350
-1500
-32400
-17400
-21600
-8550
-15300
-18000
3600
-18000
0
0
0
0
-18000
-13714.2857142857
-28800
-18000
-18000
-17280
-18000
0
-18000
-10800
0
-12150
0
-18000
-12309.6774193548
-28800
3600
-18981.8181818182
-18000
0
0
-23400
-16200
-18000
-18000
0
0
0
0
-21600
-18150
-14400
0
-6000
3600
-23400
0
-18370.5882352941
0
0
0
-20592
-16800
0
3600
-18000
-11630.7692307692
-14934.7826086957
-25200
7200
0
0
2400
0
-9818.18181818182
0
-3600
-28800
0
-18000
19800
0
-18000
-22000
-21600
-9000
-28800
-14400
-18000
0
0
-22800
-18000
3600
-18000
-18000
3600
0
-10800
-19080
0
0
-10800
0
0
-5700
-19542.8571428571
1800
-18000
-20880
0
-28800
0
0
-32400
-18000
0
0
0
0
-16200
-3600
-572.727272727273
0
-19800
-18000
0
-15860.3773584906
0
-21600
8400
-16200
-30000
-14400
-16200
-7200
-6919.26605504587
0
0
-18000
0
0
-18000
-13650
-16800
0
-36000
-9360
-15096.7741935484
0
0
-10800
-10350
0
-17513.6258660508
0
-28800
0
-14400
-18000
0
0
-16800
-15709.0909090909
-18900
-21600
-28800
-16800
-18000
0
-19800
-11353.8461538462
-21600
-6480
-18689.3617021277
0
0
-18000
0
0
0
-18000
-21600
-21600
-16200
0
0
-10285.7142857143
-18000
-18000
0
0
-13500
-14400
3600
0
-18000
0
0
-20880
0
-18720
-18000
-12960
-18000
0
0
-2400
-18000
-18000
-16650
0
-6000
-19694.1176470588
0
-17800
0
0
-12600
0
-19542.8571428571
-32400
3600
0
-14400
0
-9469.5652173913
-15784.6153846154
-18000
3600
-25200
0
-25200
-32400
0
-25200
-10800
0
0
-21150
-19800
-9600
-19800
-21600
0
-12600
-18000
0
0
0
0
-18804.8780487805
0
-25200
0
-14400
-20700
-18000
-19800
-19500
-15600
-21966.1016949153
0
-20700
-14400
0
0
0
-18000
-16200
7200
-14085
32400
-20400
0
-17100
0
-21120
0
-8784
-39600
0
0
-20752.9411764706
-28800
0
7200
3600
-6480
-14400
-16200
-23040
-18000
-11250
5160
-21443.4782608696
-16400
0
0
0
0
-18000
0
-18000
0
-11936.8421052632
-21600
6300
10800
-5130
0
-21600
-18000
-20011.7647058824
-27000
-20828.5714285714
0
0
0
0
-24800
-20400
-14400
0
0
-16800
0
0
-18000
-18000
0
-8765.21739130435
-18000
-18900
0
-16200
-2880
-18900
0
-18000
0
0
-16800
0
-19080
-16800
0
-21600
-18000
0
-8307.69230769231
-12240
-13200
0
-18000
1440
3600
-21600
0
0
-18000
0
0
-36000
-18000
0
-25200
-28800
-8292.85714285714
-14400
0
-25200
0
-28800
-18000
-28800
-24000
0
-26400
0
-13500
0
-18000
-20600
0
-18000
7200
-18720
0
12600
-22254.5454545455
0
0
-8400
0
0
0
-18000
-18000
0
0
-18000
-22200
0
-18000
-14400
-758.677685950413
-18000
-10800
7200
0
-21600
-18000
7200
-14400
-21600
-18000
5400
38400
0
-16200
-18000
-18720
0
-18144
0
0
0
-17485.7142857143
-18000
-18000
0
-18000
-21600
0
0
-36000
0
0
-19800
0
-20400
0
0
-18000
-18000
7200
-20400
-22320
0
0
-14400
-25200
-18000
-18000
9900
-25200
-17200
-18000
6000
0
0
0
-18000
0
0
0
0
-10800
-18000
16200
0
0
-19200
19800
-21085.7142857143
-16200
0
0
0
-20700
-28800
-36000
0
18000
19800
-18000
7200
0
-18000
-20160
0
-18000
-18000
0
0
0
-28800
-24000
-18000
-16200
-28800
-18000
0
-14400
0
-17181.8181818182
0
-21600
0
-10620
-28800
0
0
-25200
-10800
-9600
0
3600
0
0
0
-18000
-21600
-19080
-18000
3600
6300
-18000
-22800
0
0
0
-18000
-17100
-36000
-20463.1578947368
0
-18000
0
0
-19643.4782608696
0
-20400
-16600
-23400
-18240
-18000
-21272.7272727273
0
0
-18000
-19800
-13860
0
-23400
-11169.2307692308
-14400
-18000
-17280
3600
0
-18000
-19440
7200
0
-18000
0
-5175
-19200
-4320
0
-18000
0
-18000
-28800
-14400
-18000
-16523.0769230769
-9900
-25200
0
-18000
0
-18000
-18000
-9600
4114.28571428571
0
-14400
25200
-17400
-21600
-18000
0
-18000
-25200
-5400
-25200
-36000
-23400
0
0
3600
0
-25200
0
-16200
-17280
-23400
0
0
0
-21600
-21600
-25200
0
0
-19800
0
-771.428571428571
-18000
0
0
0
-23400
-18000
0
-21600
0
0
-18000
-13200
3600
14400
-20700
10800
-14400
-21600
-25200
0
-15300
-16200
-14400
-25200
-25200
-21600
0
-20700
0
-2400
-18480
-18000
0
-19800
-16200
-23760
-21600
-16238.0281690141
-22500
-16258.064516129
-9600
-18000
0
0
0
-21600
0
0
0
-14400
-21600
0
-18000
0
-25200
-10800
7200
-18900
-18000
0
0
0
0
-18000
-28800
-19023.0215827338
0
-25200
-25200
-13200
0
0
-21600
-15120
-21600
-28800
-18000
5400
-14400
0
-18000
-22800
0
0
-21600
-19800
-19200
0
-17100
0
28800
0
-28800
0
0
-25200
10800
-18000
0
-14400
-18000
0
-28800
0
0
-18000
-22800
-25200
-28800
0
-18000
0
-18553.8461538462
-20400
0
-18000
0
-21600
-20400
9000
-14400
0
-21600
-18000
0
0
0
-28800
-19488.9400921659
10800
0
-16200
-28800
0
0
-21600
0
-28800
-21600
-21600
-14400
-14400
1800
0
21600
-10800
0
0
-21600
0
-25200
0
0
-14400
-14400
-14400
0
0
-14400
0
0
0
-10800
-18000
1200
-19800
-21600
0
0
28800
-18000
0
-18000
-23400
0
0
-18000
0
0
-18000
-21600
0
-28800
0
-16808.8235294118
0
-18514.2857142857
-18000
0
-21163.6363636364
-6600
-19320
-7200
-18000
38400
0
0
-19200
0
6000
7200
0
-21000
-21600
0
-18000
0
-12000
0
0
-18000
18000
0
-14400
0
-23400
-10594.2857142857
-18450
0
0
-23400
-14400
-20025
-36000
-23400
0
0
-21600
0
-21600
0
-17100
0
-21600
-16268.7022900763
0
0
0
-19800
0
39600
0
-14400
-23657.1428571429
-10800
-18000
0
0
-18000
0
-22000
0
-16200
-18000
0
0
-28800
14400
-25200
0
0
0
0
0
-28800
0
-21600
0
0
-18000
-12019.3548387097
-10200
-16200
0
-3600
7200
0
-18000
-10800
0
3600
-28285.7142857143
0
0
0
0
-21600
0
-7800
3600
-8250
7200
3600
-36000
-11091.8918918919
-20160
0
0
0
-22800
-22500
0
-18000
-22500
0
0
0
-18000
-28800
0
-18000
-18000
-21600
-21600
0
-23400
-21600
0
0
0
0
0
0
0
0
0
-28800
-21600
-18081.8181818182
0
-23400
0
8100
-28800
-27600
0
-18000
0
-18000
-19800
-25200
-14400
0
0
-18000
0
-14400
-21600
-18000
0
-23400
0
0
-18000
-18000
-5850
-21240
-18000
-25200
-21600
0
-25200
-18000
-25200
-23400
0
0
-14400
-28800
0
0
-18000
-21600
-21600
-16053.0882352941
0
0
-22800
0
-23400
-25200
-21600
0
-16762.5
-18000
-10800
-20700
-21600
-28800
-18720
-21600
0
-24000
0
-4320
0
0
0
0
-18000
12000
0
0
-18000
0
0
-21600
-32400
0
-14400
-23400
0
-16200
-25200
-21600
-24300
0
-28800
0
0
-11520
-19800
0
-14400
0
-18000
-18000
-18000
-18000
0
-19200
-18000
0
-18300
-4500
-28800
-19716.3511187608
0
-21600
0
-28800
10800
-14400
0
-18000
-18000
0
-18000
-13800
0
0
-1350
0
-25200
0
-18000
0
0
10080
-19200
3600
-25200
-14400
0
-5400
0
-14400
0
-15600
-23040
-14400
0
-14123.0769230769
3600
-25200
0
-18000
0
-18000
-18000
0
-21600
-19200
-18900
-19800
-21200
-16800
-21600
-18000
-18000
-23400
0
-21600
0
-18000
0
-21600
-20000
-36000
-19973.6842105263
-18000
-14072.7272727273
-18000
-21600
-21600
0
0
0
-20700
-19200
2571.42857142857
0
-14400
0
0
0
-19496.6292134831
-10800
-18000
1800
0
0
-19705.2631578947
-21600
0
-18000
0
-17400
0
-36000
-18000
-21600
-17431.5789473684
-15318
0
-22800
-14700
-18000
-25200
0
-21600
-20400
0
28800
0
-20400
0
-28800
0
-20160
0
-16200
-17828.5714285714
-18000
0
0
0
-17550
-18000
-16200
-19800
0
-18436.3636363636
-7200
-3600
-27000
-14400
-19200
0
0
0
0
0
-16800
-18000
0
-9000
0
-18000
0
0
-25200
-6468.75
0
-15088.6956521739
-17280
3600
-25200
-18000
0
0
0
0
0
0
0
4800
0
0
-19200
0
-14400
-13612.5
-25200
-18000
-21600
-18000
-16200
0
-19800
0
0
-18000
0
25200
-18000
-14400
-21600
-18000
0
-18000
-14400
0
0
-14400
11520
-18000
0
0
-17030.7692307692
0
0
-18000
-19800
0
0
0
-28800
-23400
-36000
-18000
0
-14400
0
0
-14400
-18000
-18000
3600
0
-19440
3600
0
-10800
0
-25200
3600
0
0
0
0
0
3600
-18000
0
0
-16800
0
-21600
-28800
0
-24000
0
-21600
0
0
-21600
1800
0
0
-9900
0
0
0
0
-18000
-20160
-21600
-28800
-18000
-18000
-14400
-19800
-18000
-18000
-18000
-18000
0
-21600
0
-14400
-18000
0
3600
-21600
-21600
-18000
-21342.8571428571
39600
7200
-18000
7200
0
3600
3600
0
0
-19400
-12832.2580645161
-21600
19800
0
0
0
-21600
0
-25200
0
0
-13114.2857142857
-28800
0
-18000
0
0
-18000
0
5400
0
-16965.9574468085
-25200
-18514.2857142857
0
-20400
-21600
-17723.0769230769
0
-19200
-28800
-17018.1818181818
0
-19200
0
-25200
0
0
0
0
0
-18000
-21600
-19800
-17858.8235294118
0
-28800
-18000
0
-18000
0
0
0
0
0
-18000
-9600
0
-7200
0
-15872.7272727273
-18000
-21600
-28800
0
0
-28800
0
-28800
0
-18000
-18000
-21600
-21600
-8460
0
-14400
-25200
-18000
0
0
-18000
0
-20700
-14400
0
0
7200
-28800
0
0
0
0
-14400
0
-23040
-28800
-21600
1800
-20487.2727272727
0
0
3600
0
-25200
-21600
0
-18000
0
-18000
0
0
-21600
0
-9600
0
-18000
0
0
-14400
-25200
-14400
-18000
0
0
0
0
-21600
0
0
0
-17861.5384615385
0
-19800
-10800
0
-10080
-14400
0
0
0
-21600
-7200
0
-21600
-18000
0
1200
-18000
0
0
-16200
0
0
0
-14933.3333333333
0
-18000
-21600
-18000
0
-21600
-18000
0
-21600
0
-28800
-25200
-21600
0
0
-28800
-21600
3600
-25200
-14400
-6750
-14400
0
-17100
16200
-18000
-18000
0
0
-14400
0
0
0
0
-25200
0
-18000
0
-28800
-18000
-18000
0
-18000
-18000
-28800
0
-18000
-14400
-18000
-14400
-18000
-27000
-28800
-18000
-14400
0
-10800
-14400
-21600
0
3600
-17700
3600
-25200
-17184.375
-25200
28800
1980
0
-18000
-21600
0
-18000
0
3600
-16200
-28800
-14400
-16800
0
-28800
0
-18000
0
0
0
-10800
0
-15690.5660377358
0
7200
0
0
-18000
0
-18000
-14400
0
-28800
-21600
-28800
0
900
0
-10743.75
0
-18720
-28800
-25200
-12600
-3600
0
-16000
-19800
0
-7632
0
0
0
3600
3135.48387096774
0
-14400
0
0
0
0
0
0
6545.45454545455
-18000
0
0
-18000
3600
0
-16800
0
0
-18000
0
0
0
0
0
-17665.7142857143
-16200
-25200
-28800
-21600
-25200
0
-21600
-17100
0
3600
-19260
-36000
0
-18000
0
-18000
0
1800
-25200
-18000
0
-25200
-5142.85714285714
-20945.4545454545
0
-18000
0
28800
0
-14400
-18562.5
-17280
-13200
-14400
-21600
0
-22400
0
0
0
0
0
-7200
-25200
0
-10800
0
0
-15240
0
-18000
0
-25200
0
-18000
0
0
0
0
-18000
0
-19800
-19200
-21600
10800
3600
0
-18000
-21600
-16200
0
0
3600
-3621.30177514793
-18000
-18000
-19476
-21600
-19800
-18000
-14400
-14400
-21600
0
0
0
0
0
-14931.5436241611
-14400
0
0
-18000
0
-19800
0
0
-28800
0
0
-28800
0
-13500
28800
0
0
-18731.25
0
-21600
-28800
3600
0
-4271.00591715976
-18000
19800
0
-21600
-25200
-19800
-25200
0
-18900
0
0
-14400
-27000
-18000
-21600
0
-23100
0
-25200
-14400
0
0
-9450
0
0
-18000
-25200
0
-18000
0
-18000
19800
-15600
0
-14400
0
-18000
0
0
-21600
-27000
-25200
0
-18000
0
0
0
0
-18000
-25200
0
-28800
-7200
0
-10800
-28800
-19991.4893617021
0
-21600
-20400
0
-7200
-3600
0
0
-18000
-10800
-25200
-16200
0
-23400
-18000
0
-21600
-25200
0
0
-25200
-26400
-18000
-18000
0
39600
0
0
0
-18000
0
-19440
-14400
-16200
0
-25200
0
-28800
0
-14400
-18000
0
0
0
0
0
-18000
0
0
32400
0
-28800
0
0
-18000
0
-21600
3600
-28800
-17600
0
-19680
0
0
0
-16200
-981.818181818182
-19800
0
-16200
-1800
-25200
0
0
-20400
-16800
-14400
-12471.4285714286
0
-27000
0
0
0
-18000
0
-25200
0
0
-16800
-21600
-20400
-21600
0
-18000
0
-18000
-25200
0
0
0
0
-18900
-16560
-18000
0
-25200
-6600
0
0
-21600
-14400
0
3600
6000
-18900
-16800
0
-10414.2857142857
0
-14400
-18000
-28800
-28800
-21600
-18000
-18000
0
0
0
-21600
-25200
-14400
-21600
0
-18000
0
-12000
-21600
-18000
0
0
-21600
0
0
0
0
-25200
-18000
0
-28800
-19200
0
-14400
-27000
-18000
0
-18000
0
-23400
0
0
0
-28800
-18000
0
-19800
0
7200
-25200
0
0
-21600
0
-18000
-16200
-28800
0
0
-21600
-18000
0
0
0
0
-25200
-18000
0
0
-21600
0
-14400
-25200
-20025
0
0
0
-25200
-19800
0
-21600
0
0
0
3600
-14400
0
0
-21600
-18000
0
-25200
0
-21600
0
-19200
0
-25200
3600
0
-9900
28800
-18000
-5040
15600
0
0
-21600
0
0
-10350
-18000
0
0
0
-21600
0
-12600
28800
-23400
12600
0
0
0
-18000
0
0
0
-18000
10800
-18000
0
39600
0
0
0
-11076.9230769231
-25200
0
-12000
-18890.1098901099
-18000
-21600
-9000
0
0
-21600
0
-28800
0
0
3600
0
-21600
0
-18000
0
0
-1200
0
-18000
-19705.2631578947
-18000
0
0
0
38700
0
-21600
0
-9771.42857142857
-18000
0
0
-20160
0
0
-19800
-20587.5
-14400
-18000
-14400
-21600
25200
0
0
-36000
3600
0
19800
-15808.6956521739
-28800
-21600
-28800
-18000
-28800
0
-14400
-21600
-12600
0
-18000
0
0
-28800
0
-21600
-18000
-18000
-18000
0
-25200
0
0
1800
-21600
-18000
0
-18000
-23400
0
-25200
0
-18000
0
0
0
0
-16200
0
0
-10800
-18000
0
0
-28800
0
0
-18000
0
-18000
-18000
0
-14400
0
-23040
0
-14400
0
0
-21600
-19092.4137931034
0
-28800
-25200
-16200
-18514.2857142857
-18000
-15300
0
0
-11925
-21600
-18000
7200
0
-27000
-28800
0
-11202.6315789474
-21600
-25200
-28800
-14400
0
0
-14400
0
0
-8100
-9600
0
0
0
-14400
0
28800
0
0
-25200
-18000
-32400
-18000
-14400
-25200
-8960.86956521739
-16600
-18000
0
0
7200
-18000
-21600
-16672.7272727273
-16060.0723140496
-21600
0
0
-21085.7142857143
-21600
-28800
0
0
-7012.5
0
0
0
39600
-18000
-24300
-19440
0
0
-18000
-28800
0
0
-21200
-18000
-18000
0
0
-19800
-21600
-14400
0
-28800
0
0
0
0
-20765.8536585366
-13680
14400
-14400
0
0
-14400
0
-10800
0
-28800
0
-18000
-14400
-18000
0
0
-14400
-25200
0
0
-21600
0
0
-18000
0
0
3600
-18000
-19800
-14400
-14400
-19800
-21600
0
0
-21336.5853658537
-21600
0
-19800
-16723.4042553192
0
-18600
-14400
-28800
-27000
-12000
0
-21600
0
-21600
-16690.9090909091
0
0
0
-28800
0
0
-20045.4545454545
-28800
0
0
-21600
-18000
-19800
0
0
-26100
0
-18000
-18000
-19735.7142857143
0
0
0
0
-14400
0
0
0
-18000
0
0
-28800
3600
-18000
-18000
0
0
-18000
0
-28800
-20400
-28800
-18000
-25200
-24600
-21600
-28800
-21600
-21600
-14400
0
0
-25200
-19800
0
-18000
-21600
-23400
-25200
-23400
-25200
-23400
-21600
-27000
0
-18000
-18000
-20160
0
0
0
-32400
-18000
-23400
-21600
-28800
-18000
0
-10800
0
-20400
-14400
-18360
0
3600
0
0
0
-21600
-18000
-21600
-18000
0
-20146.1538461538
0
0
-21600
-21600
0
0
-15800
3600
3600
0
0
0
0
0
0
-21600
0
0
0
0
-14400
-18000
0
-15909.6774193548
-14400
0
0
0
-20880
-21600
0
0
0
0
0
-25200
-14400
0
7200
-18000
-10800
-14400
0
-21600
-21600
-18000
0
-14400
0
-18000
0
-10800
-14508.4337349398
0
0
0
0
-25200
0
0
-21600
0
0
0
0
0
7200
-18000
-28800
0
-25200
-18000
-21600
0
-21600
0
-25200
-21600
-21600
0
-25200
-18000
36000
0
0
-18000
3600
0
-21600
-12000
-25200
0
-23400
0
-18000
0
-25200
0
0
0
-18000
0
-18000
0
0
0
0
3600
-18000
-14400
-20223.5294117647
-21600
-28800
0
-18000
0
-9900
0
0
0
-14400
0
0
0
-28800
-28800
0
0
-7200
0
-27000
0
0
-28800
0
-19800
0
-28800
-28800
0
-13200
0
-14700
0
-18000
-25200
-15750
-20057.1428571429
0
0
-21600
0
0
-18000
-21600
-18000
-15600
0
0
0
0
0
-15517.2413793103
-28800
0
0
-19800
0
-9000
-18981.8181818182
-10800
-25200
-18000
-25200
0
0
-18000
5400
0
-18000
-28800
0
-21600
0
-7200
0
0
0
-18000
-14400
0
0
-18000
-18000
0
-18000
-28800
-18000
0
0
-13800
0
-10800
0
0
0
-18000
0
0
-18000
0
0
-8887.5
-28800
0
0
-18000
-18000
-18000
-18000
0
0
0
0
-28800
0
-14400
-18000
-14400
-14400
-18000
-23400
-15120
0
25200
0
0
0
-1200
0
-18000
-21600
0
0
-21600
0
-14400
0
-18000
-28800
-28800
-18000
-28800
0
0
0
-28800
3600
0
-18000
0
-18000
0
0
32400
0
0
0
0
0
0
-18000
-21600
0
-25200
0
0
0
-12600
0
0
0
0
-28800
-21600
-25200
-14400
0
0
-28800
-14400
-18975.572519084
0
4800
-18000
-18000
0
0
-16200
-16892.3076923077
0
-21600
-18000
-18000
0
0
-18000
0
-25200
0
-18000
-18580.6451612903
0
-21600
3600
0
0
0
0
0
-14400
-8100
0
-22200
-18000
-21600
0
-15487.9120879121
3600
0
-25200
-18000
-19800
0
-25200
-18000
-25200
-25200
-18000
0
0
0
25200
0
0
-5400
10800
0
-28800
-15600
46800
-18092.3076923077
0
-2400
0
-24000
-18000
0
-14400
0
-21600
0
7200
0
-18000
3600
-21600
0
0
0
-16200
-28800
0
0
-14400
-14400
-18000
-16200
-28800
-21600
-14330.7692307692
-18600
0
0
-24300
3600
0
-21600
-16200
-18000
-21600
0
-21600
0
-18000
0
0
0
-21600
0
0
-18000
-25200
7200
-7200
-18000
-16200
0
0
0
0
0
0
0
0
-16800
0
28800
-28800
0
-28800
0
-18000
-20400
0
3600
-17100
-18000
-14400
0
0
-28800
28800
-18000
0
0
-14400
-20880
-18000
-18900
0
0
0
0
5400
0
-25200
-25200
-19800
0
0
-28800
-25200
0
-18000
0
0
-21600
0
0
10800
-14400
0
-18000
0
0
0
0
0
-25200
0
0
0
-189.473684210526
-25200
0
0
0
-2117.64705882353
0
0
0
-14400
0
-18000
-20400
0
-21600
0
-23400
-18000
-21600
-25200
0
0
0
-13800
-18000
0
0
3600
-14400
0
0
0
0
10800
-11200
0
3600
-18000
-12600
-15942.8571428571
-28800
0
-14400
-19800
-18450
-14400
-14400
-25200
0
-18000
-16438.7755102041
0
-16416
-18000
0
-19800
-19028.5714285714
-18000
0
-17100
0
-18000
0
0
0
0
-18000
-25200
0
0
-18000
-18000
-18000
0
0
-21600
-9000
-14400
-18422.8187919463
0
0
-21600
0
0
0
0
-11828.5714285714
0
-18000
0
-12471.4285714286
-21600
0
0
0
39600
0
0
-19680
-14400
0
-28800
-18000
-18000
-21600
-19145.4545454545
-21600
-21600
0
-25200
-22320
0
0
-21388.2352941176
-17060.8695652174
-25200
38400
-23657.1428571429
-18000
0
0
-18000
0
-4411.76470588235
-21600
0
-18000
-28800
720
0
-19800
0
0
-18000
-18000
0
0
-16105.2631578947
-18000
0
-21600
0
-25200
0
-21600
-18000
0
-14400
0
3600
-18000
0
0
-25200
0
-28800
-19800
0
-16200
-21600
-23400
0
0
-18000
0
-17086.5671641791
-18000
-36000
-16200
0
0
0
0
0
-13013.2978723404
0
0
-14400
0
0
-20979.3103448276
0
0
0
-18000
-18000
-9000
0
0
3600
0
-5657.14285714286
-21600
-25200
-18000
-18000
-19800
0
-18000
-16200
-21600
-25200
-25200
-21600
-18000
0
28800
-21600
0
-13995
-15279.0697674419
0
3600
0
0
-13638.4615384615
-5400
0
7200
0
0
-18000
-28800
3600
-18000
0
-36000
36000
0
-21600
0
-28800
-13050
0
0
-16800
0
-25200
3600
0
0
-18000
0
3600
-18000
0
-25200
0
0
7200
0
-23400
-22200
0
0
-28800
-18000
0
-21600
-19800
-18189.4736842105
-28800
3600
0
-18000
-22800
-18000
-18000
0
-16950
0
-28800
0
-18000
0
0
0
0
0
-24000
-36000
0
0
0
-18000
0
0
-25200
-18000
-21600
0
-18000
0
0
-36000
0
7200
0
-18000
-15300
0
-21600
0
-21600
-18000
0
0
-21600
0
-25200
-28800
-18000
-19800
-17280
0
-25200
-9771.42857142857
-18000
0
-20400
0
-18000
0
-23657.1428571429
-9600
0
0
0
-15079.2452830189
0
-14400
5400
0
-18000
0
0
0
0
0
0
0
-21600
-27600
0
0
-28800
0
-18000
0
0
0
-5400
-21600
-18000
-18000
0
-18000
0
0
0
0
-18000
-20057.1428571429
0
0
3600
0
0
0
0
-18000
-18000
0
0
-13773.9130434783
0
0
-20400
-18000
0
-25200
0
12000
-14400
-25200
0
-23400
0
-18000
-18000
-18000
0
0
0
0
-18000
-14400
0
-18000
0
16200
-14400
3600
0
-28800
0
0
10800
-21600
0
-25200
-25200
0
0
0
0
-21600
-18000
-23400
-21323.0769230769
0
-18000
0
0
0
-18000
-28800
-28800
-21600
0
-18000
-18000
0
0
0
-10800
-23400
-14400
-28800
-20700
-12600
-20680.8510638298
0
-22285.7142857143
0
0
-18900
-25200
0
-36000
-14400
0
0
0
-18000
-28800
0
0
0
0
-17391.1764705882
-21600
0
0
0
-21600
-18000
-28800
-28800
0
0
0
0
0
-17499.2125984252
0
0
0
-14400
-21600
0
0
-18000
-18000
0
-18000
0
-19800
0
-18000
0
0
-28800
0
-10800
-21600
7200
0
0
-3085.71428571429
-18000
0
3600
0
0
-15300
-18000
0
0
10800
0
-28800
-14400
0
0
-18000
-19200
-18000
-23400
0
18000
0
0
0
-18000
-14400
-18000
3600
0
0
0
-21600
-10800
-14400
0
-18000
0
0
18000
0
-15637.5
-11236.2196409715
0
-2538.46153846154
-18000
-9000
0
0
-21600
-21600
-21600
0
-1542.85714285714
-18000
0
0
0
-25200
-18000
-16800
0
0
-25200
0
0
-25200
-21600
-32400
0
-25200
0
0
0
-28800
25200
0
0
0
-17636.5384615385
-14400
-21600
-18148.623853211
0
-14400
-18000
0
0
-18000
-18400
21600
-18000
-14400
0
0
-21600
-21600
0
0
0
-21600
0
-21600
0
-18000
0
0
0
0
-28800
-18000
-14400
0
0
0
-21600
-17866.6666666667
0
0
-21563.6363636364
0
-25200
-18000
-10800
-27000
0
-21600
0
-18475.4716981132
0
-28800
-18000
0
3600
-28800
0
-14400
0
0
0
0
-18000
-16200
-18000
0
0
-25200
0
-18000
-16800
-18000
-18720
0
0
-18000
0
0
-18000
-14400
-18000
-14400
-14400
0
0
-5400
0
0
-16200
0
0
0
-18000
0
0
18000
0
-25200
0
0
0
0
-14400
-28800
0
0
0
-17700
-16200
0
-28800
-28800
0
0
10800
0
-18000
0
0
-25200
-10800
0
0
0
-19800
-25200
0
0
0
0
0
-14400
-21600
-28800
-25200
0
0
0
19800
-18000
0
0
-18000
-17780.7692307692
-14400
0
7200
-28800
-15000
-18000
-36000
-9000
0
0
0
0
-18000
-18000
-14400
0
0
-18000
0
0
-19542.8571428571
0
-18000
0
0
7200
0
0
-25200
0
0
0
0
-25200
0
0
-18000
0
-18000
0
-18000
0
-32400
0
0
0
-18000
-18000
-19800
-7628.57142857143
0
0
7200
0
0
0
0
0
-18000
-36000
-21600
0
0
0
-18000
0
0
0
-25200
-19800
0
-14400
-13350
0
-19000
0
0
0
-25200
0
0
0
0
0
-18000
0
0
-16200
0
0
-18000
-14943.3962264151
-18000
-14400
-28800
-17900
-25200
-28800
0
-21600
0
-22800
-32400
0
0
-28800
-16200
-15600
-18385.7142857143
-21600
0
-21600
-14400
-13418.1818181818
-25200
0
0
-21600
0
0
-21600
0
0
-18000
0
-21600
0
0
0
0
0
0
0
0
0
-18000
-15473.0769230769
0
-28800
-18000
-18000
7200
0
-13900
-21600
0
0
-28800
0
0
0
0
-25200
-21600
0
0
3600
-14400
0
-28800
-21600
0
0
0
0
-21600
0
-21600
0
-18000
-16800
0
-14400
0
19800
0
10800
7200
-21600
0
0
-14400
-25200
0
0
-23400
-21600
-14400
0
-18000
0
0
0
0
-18000
-21600
0
0
-21600
-17970.4918032787
-21600
0
0
0
0
-14400
-28800
0
-18000
0
0
0
-18000
-11929.4117647059
-18000
0
0
0
-21600
-15840
-18000
0
-14400
-18000
0
0
0
0
-16200
0
-12342.8571428571
-21600
32400
0
0
0
-14400
-18000
0
0
0
-16200
-18000
0
0
0
-18000
-21600
0
-21600
0
-14400
0
0
0
0
-20900
0
0
-28800
0
-20314.2857142857
0
0
-20000
0
-20016
0
-18000
0
-21600
0
-14400
-21600
-14400
0
0
-14400
-10800
25200
0
-14400
0
-10800
0
0
-18000
0
0
-18000
0
0
0
0
-18000
3600
-18000
-21600
-18000
0
0
-14400
0
-9600
39600
0
-18000
0
0
0
0
0
-18000
-9000
0
-11423.0769230769
-28800
-18000
-19800
0
0
0
0
0
-28800
0
-23400
-23400
0
0
-18000
0
0
-18000
0
-18000
0
-18000
0
0
-25200
-28800
0
-25200
15300
-28800
-14400
-21600
-19920
0
-25200
0
0
-18000
0
0
-18000
0
-14400
-18000
0
0
0
-18000
-18000
0
-18000
-28800
3600
0
25200
0
-18000
0
0
0
-21600
-21600
0
0
-18000
0
0
0
0
0
-22500
0
0
10800
-14400
0
-28800
0
0
-21600
0
0
3600
0
0
-18000
3518.18181818182
0
0
0
-21600
0
-22800
-25200
-16560
0
-18000
0
0
-19341.8181818182
0
0
0
0
-6600
28800
0
0
0
-18000
0
-36000
-18000
0
-14400
0
0
36000
0
0
0
-28800
0
0
0
0
-23400
-14400
-14400
10800
-14400
0
0
-25200
0
28800
-21600
-18000
0
-28800
-14400
-18000
0
0
0
0
0
-18000
-16200
-14400
0
0
0
-20400
0
0
0
-14400
-21600
-18000
-18112.5
0
0
0
0
0
-18000
-18000
0
0
0
0
-14400
0
-28800
16200
-18000
3600
1800
3600
-21600
0
0
0
0
0
-36000
-18000
-28800
-21600
0
0
0
3600
0
-18000
0
0
0
-20769.2307692308
-18889.156626506
0
-18000
-18000
-25200
0
-10800
-19800
0
0
-21600
-14400
-28800
0
-18000
0
0
10800
-18000
0
-16000
-18000
0
-25200
0
-18000
0
0
-16589.1891891892
-28800
0
-18000
-16200
0
-10800
7200
0
-18969.2307692308
0
0
0
-19800
-18000
0
-25200
-7200
-18000
-25200
0
0
-18000
0
0
-21600
0
-14400
0
-25200
0
0
0
-19200
0
0
0
0
0
0
-21600
1200
-15646.1538461538
-18000
0
0
1800
-18000
0
-18000
3600
-25200
-18724.5283018868
-17400
-25200
-18000
-18000
0
0
-18000
0
0
0
0
0
0
-28800
0
0
0
0
0
-21363.1578947368
-23400
0
28800
-21600
0
0
-19328.5714285714
0
0
-18000
0
0
-14400
0
-21600
0
0
-21600
-18000
-21600
3600
-18026.6666666667
0
-18000
-18000
0
-19250.8474576271
0
-18000
0
-21600
0
-28800
28800
-21600
-10036.3636363636
-19800
0
-18000
-18000
0
-21600
-18000
-21600
3600
-13791.1764705882
-16054.8387096774
0
-14400
0
0
-14400
-18000
-14400
0
-14400
-18000
-1542.85714285714
0
-9360
-15918.75
-18000
0
-28800
-25200
0
0
-20400
0
-21600
-21600
0
0
0
0
0
0
3600
0
0
0
-9830.76923076923
-21600
0
0
0
0
-18000
-19660.773480663
0
0
0
-14400
-25200
-18000
0
0
0
0
0
0
0
0
0
-18000
-14400
0
-18000
0
3000
0
0
0
0
0
-19961.797752809
-18000
-21600
0
0
0
-18000
0
3600
0
0
0
0
0
0
-16200
-14400
-18000
-28800
0
0
-14400
-21600
7200
-25200
-18112.5
0
-28800
-18000
-27600
-14400
-25200
-28800
-21000
0
-18216.5413533835
-18000
-14400
0
0
-12900
0
-16200
-14400
-21600
-23142.8571428571
-12000
0
-18000
0
0
7200
-14400
-18000
0
-19542.8571428571
0
-18000
0
-18000
0
0
-25200
0
0
-11588.5714285714
0
-25200
0
10800
0
0
-36000
0
-25200
0
-18000
-14400
0
0
-28800
0
-10800
-18000
0
0
-18000
-21600
-21600
0
-21800
-1800
-19800
0
0
0
-14400
0
-25200
-21600
3600
0
-25200
-18000
0
-16245
0
-21600
0
0
0
-21600
0
-13597.3333333333
-14400
-21600
0
-1945.94594594595
-16200
-14750.6493506494
-13767.5675675676
-10800
-18000
0
0
-18000
0
-14400
-18000
0
-14400
0
-21600
-24685.7142857143
0
0
28800
0
-14400
0
0
0
0
0
0
0
-21600
0
0
0
0
0
-25200
0
0
0
0
-21600
-28800
0
0
-18000
0
18000
0
-18000
0
0
0
0
-18000
0
-5850
-18000
-18000
0
-18971.4285714286
0
0
-21600
0
-18000
-18333.3333333333
0
0
0
0
-18000
0
-19860
0
0
0
0
-18000
0
-18000
0
0
0
28800
-7200
0
0
0
-21600
0
-14400
-3600
-16800
0
0
0
0
0
0
0
3600
-14914.2857142857
-28800
-21600
-21600
-21600
-21600
0
0
-19800
0
-14400
0
-21600
0
-5040
7200
-12408.5106382979
0
0
-18000
0
-21600
0
0
-14400
0
0
0
-32400
-24000
0
0
0
0
-3600
0
0
-18000
-23400
0
0
0
-18000
-18000
-28800
-18000
0
-21600
0
-21600
0
-10226.0869565217
-8447.24409448819
-18000
0
-21600
0
-18000
-25200
-18000
-16077.6699029126
0
-18000
0
0
-21600
0
-14400
0
0
-14400
-18240
-18000
-18000
-25200
-14400
0
-18000
0
-21600
-19371.4285714286
0
0
0
-8458.06451612903
0
-18000
-25200
0
0
-10800
0
0
-10800
-17659.4594594595
-28800
-14400
3600
-9000
0
0
-28800
7200
-28800
0
0
0
0
3600
0
0
0
-21600
-18000
0
-14400
0
0
0
-18000
0
-18000
0
-21600
-20400
0
-14400
0
0
0
-21600
-21600
-14400
0
0
-18000
0
-18000
0
-16672.131147541
0
-24000
0
0
-18000
0
0
0
0
0
0
-25200
-14400
0
-21600
0
-18000
-18000
0
0
-21600
0
-18000
0
-19800
-21600
3600
-25200
-23400
-2160
0
0
0
0
-18000
-18000
-13343.4782608696
-14400
0
-28800
0
-18000
0
0
39600
7200
12600
-10800
0
0
3600
0
0
0
0
-15350.3105590062
-14400
-25200
0
3600
3600
-25200
0
0
-36000
10800
0
-28800
46800
0
-24000
-18000
0
-16560
0
0
-18000
0
0
0
-25200
0
-18000
-25200
0
-18000
0
0
0
0
0
3600
0
0
-14400
0
-21600
0
-18000
-10800
-10800
0
-3600
-11160
0
0
-18000
-28800
0
0
-21600
0
0
-25200
-14400
0
-25200
0
0
0
0
0
3600
-18000
0
0
0
0
0
0
-21600
-18000
0
0
-18000
-21600
-28800
0
-14400
0
0
0
-18000
-18000
0
-18000
0
-11700
0
0
0
-18000
-18000
0
0
0
0
-14400
0
-11700
-21600
-6450
0
-18000
0
0
0
0
0
-18000
0
3600
-25200
-24000
-18000
0
0
0
-18000
0
3600
0
0
0
-18000
-25200
-18000
0
0
-16200
0
-18000
0
-18000
0
-28800
-18000
-18000
0
-18000
0
-18189.4736842105
10800
-27000
0
-21600
0
0
-18000
0
0
-12960
-14400
0
0
-17400
0
-11884.6153846154
0
0
0
-18000
0
0
-25200
0
-8775
0
0
0
0
0
0
-39600
0
-17400
0
0
0
-19800
0
-18000
-18000
28800
-16200
-18000
-18388.679245283
-21600
0
-12600
-28800
0
-14400
0
0
0
-18000
-18000
0
0
-17460
0
0
-18000
0
-14400
-14400
9000
-21600
0
-18000
0
0
0
-28800
-32400
0
-25200
-25200
0
0
0
0
0
-14400
-21600
0
0
3600
0
-28800
-15480
0
-18000
-18000
0
0
0
0
-28800
-18000
-18000
-19200
-15750
-18000
0
0
-16200
0
0
-25200
0
0
-21600
0
-10800
0
0
0
0
-14400
0
0
-18000
0
0
0
0
-28800
-23400
0
-21600
0
0
0
0
0
0
0
-18000
0
0
-10800
0
-10800
-15397.1223021583
-19800
-18000
0
0
36000
0
-18000
-12600
3600
-10800
-19800
0
-18000
0
0
-14400
0
-21600
0
0
-18000
-28800
7200
-36000
0
0
0
-21600
0
-25200
0
-18000
0
-18000
0
-25200
-18000
0
-18658.5365853659
-9000
0
0
-25200
0
0
-18000
-28800
-21600
0
0
0
-25200
-25200
0
0
-18000
3600
7200
-14400
-14400
-21600
0
0
-25200
0
0
0
-7200
-16425
-7200
-14400
0
0
-18000
0
-18000
-14400
0
0
0
0
0
-18000
-12400
0
2273.68421052632
0
0
-21600
0
0
-18000
0
-23400
0
-21600
-25200
0
0
-18000
-18216.4161849711
0
-18000
0
-21600
0
-18000
-10800
-23400
0
0
0
0
39600
0
0
0
0
0
0
-15631.5789473684
0
-19800
-36000
0
-10184.2105263158
0
0
-28800
0
-28800
-18000
0
-18000
0
-6588
0
0
-18000
-18000
-27000
-23400
0
-14400
0
-21600
-28800
0
-18000
0
0
-18000
39600
-17600
-20636.9426751592
0
0
-18000
0
0
-23400
-28800
0
0
0
0
-14400
19800
-20857.5
0
-18000
-18000
0
0
0
-18000
0
-17393.5414424112
0
7200
0
0
-21600
-16800
-4285.71428571429
-18000
-18000
-23400
-18327.2727272727
-28800
-18545.9016393443
0
0
0
0
0
-18385.7142857143
0
0
0
0
-16200
-15780.8219178082
3600
-18000
0
-18000
-14400
0
0
-14400
-18981.8181818182
-25200
-18000
-14400
0
0
-25200
-18000
0
-16200
0
-18000
0
-18000
0
0
-18000
-18000
0
0
0
-14400
0
-21600
0
0
-18000
0
0
-21600
0
0
-18000
-18000
0
-18000
0
-14400
0
0
0
0
-28800
0
0
-19028.5714285714
0
0
0
-14400
0
7200
0
-18000
-14400
0
0
0
0
1200
-21600
3600
-25200
-25200
-18000
0
0
0
-18000
-21600
-18000
0
-25200
0
0
0
-12310.4895104895
0
0
-21600
0
-14400
25200
-18000
0
0
-32400
0
0
-7118.18181818182
-25200
0
7200
0
0
3600
0
0
0
0
0
-28800
-18000
-8219.46902654867
-28800
0
-18000
18000
0
-21600
0
0
0
5400
0
0
-18000
0
-18000
0
0
-14400
0
0
0
-18000
28800
0
-18000
-25200
0
-18000
-28800
0
-18000
0
-18000
0
0
-32400
0
39600
-28800
-20400
0
0
-21015
-14400
0
0
0
-21600
-18000
0
7200
0
0
0
0
0
0
10800
0
-28800
-14400
0
0
0
-18000
0
-14400
-17364.7058823529
-18000
0
-21600
0
-14995.9459459459
-21600
0
0
-14400
-18000
0
-23400
0
0
-16200
-18000
0
-28800
9000
-23400
0
0
0
0
0
0
-28800
-18000
-21600
-5400
-16200
0
-14400
-14480
-25200
0
0
-21600
-14400
3600
0
-28800
0
-21600
-18000
-28800
-18334.8837209302
0
0
-25200
0
0
-28800
0
0
0
0
0
0
-18000
0
0
0
-22069.5652173913
0
0
-25200
-25200
-18000
-14400
-18000
-25200
-25200
0
0
-14400
0
-6000
-14400
0
-25200
-21600
0
-14400
-18000
0
0
0
-25200
-18000
-21600
0
-18000
-19800
-18000
19800
-14700
-21600
-21600
-22800
7200
0
-28800
-25200
0
-18000
-18000
0
0
-12571.875
0
0
3600
-28800
-14400
0
0
0
0
0
-18000
0
-17040
0
0
0
0
-18000
0
0
-21600
-6120
0
0
0
-25200
0
-18000
-14400
-6260.86956521739
0
-19080
-18000
-12600
-25200
0
-18000
-18000
0
0
3600
0
0
0
-14400
0
-21600
-21600
-21600
0
-4800
0
0
0
0
0
0
-25200
-26700
-5914.28571428571
-4500
-26400
0
0
0
-14400
-18000
0
0
0
0
-25200
0
0
0
-18000
-18000
0
0
0
-18000
-14400
0
-25200
0
-16200
0
0
0
0
0
-14400
0
0
0
0
0
0
0
-21600
0
0
0
7200
-14400
-21600
-25200
0
0
0
0
0
-21600
-5625
0
-23400
-18000
0
0
1800
-18000
-18000
0
-14400
-18000
-14400
0
-18000
-19333.3333333333
-18103.4482758621
0
0
-18000
-14400
-21600
3600
0
0
0
-18000
0
7200
0
0
-18000
0
-18000
-13950
0
-14400
0
0
0
900
0
-18000
-21600
-18000
0
0
-18000
0
0
0
-21600
-18000
-15502.0408163265
0
0
-10800
28800
-28800
0
-18234.7826086957
0
-25200
-14400
0
0
-18000
0
0
0
-25200
0
-18000
0
-18000
-14400
0
-18000
-36000
-18000
0
-18000
0
0
-18000
0
-17616.393442623
-21600
0
0
0
0
-18000
-18000
-13114.2857142857
0
-21857.1428571429
0
-14400
0
-8800
0
0
-21600
-25200
-18000
-25200
0
-18000
19800
0
-18000
-25200
-14400
-25200
0
0
0
0
0
0
-14400
0
0
0
-18000
0
0
-21600
0
-16920
0
0
0
0
0
0
-21600
0
0
0
0
0
0
0
-28800
0
0
-22800
-18000
0
-14400
0
-17857.1428571429
0
7200
0
-21600
-18000
-21600
0
-21600
0
0
0
0
0
-25200
0
-18000
0
0
0
39600
-18000
-18000
0
0
0
-16200
0
-21600
0
-18000
19800
0
0
0
1800
0
0
0
0
-12280.9090909091
0
0
0
3600
-25200
0
-16200
-18000
0
-18000
0
0
-18000
0
0
-20525.3731343284
0
0
-14400
0
-19200
0
0
-18000
-18000
0
-14400
0
7200
0
-18000
0
-21600
0
3600
-21600
0
0
0
-14400
0
0
-25200
0
-18000
0
0
0
0
-20463.1578947368
0
-19800
0
0
0
-25200
-18000
-21600
-18000
0
0
-18000
-21600
0
-14400
-18000
0
0
0
37800
0
-18000
0
0
-18000
0
-17929.7872340426
0
0
0
-25200
0
0
-18000
0
0
0
-28800
0
-21600
-18000
0
-18000
0
0
3600
0
0
-25200
0
-18000
-18000
-18000
0
0
-18000
0
-6750
-18000
0
0
-18000
0
0
-18000
-25200
-18000
0
0
-18000
-23400
-16517.6470588235
0
0
-18000
0
0
0
0
0
0
-20495.0495049505
-18000
0
-21600
-21600
-21600
-18000
0
-21600
0
0
-21600
-25200
-13320
-21600
-28800
0
7200
-25200
0
-18000
0
-15366.6666666667
0
0
-10800
-14400
3600
-25200
0
0
0
-26400
-18000
0
-18000
-25200
-21600
0
0
-15031.5789473684
0
-14400
0
0
0
0
0
-21000
0
0
0
0
0
0
-14400
-14400
0
0
0
0
0
-10800
0
0
-20400
-18000
-18000
0
0
0
25200
0
-21600
0
-21600
-18000
0
0
0
-20463.1578947368
-18000
0
-19200
-18000
0
0
0
0
0
0
0
0
0
-36000
0
-12600
-18000
-3056.60377358491
0
0
0
-14400
-18000
0
0
-19200
0
0
-21600
0
0
0
-14400
0
-19800
-18000
0
0
0
0
0
-18000
-21600
-21600
0
0
-19175.5102040816
0
-15075
-25200
-18000
-18000
0
0
-19200
0
-18000
-18000
-25200
0
-14400
-18800
-9000
0
-18000
-21600
0
0
-18000
-21600
0
-18000
0
-2700
0
-14400
0
0
0
-18000
-14400
-18000
0
-18000
0
0
0
10800
-25200
0
-14400
-14400
0
0
-21600
0
0
0
0
0
-1800
-18000
0
0
0
0
0
0
0
0
-14400
0
-18000
-28800
-14400
-18000
-14400
-18000
-21600
0
-18000
-17932.0754716981
0
0
-18000
0
-28800
0
-18000
0
0
-21600
-17866.6666666667
0
0
0
-18000
0
0
0
3600
-28800
-18000
0
0
0
-13437.2093023256
0
-28800
-21600
0
0
-21600
-28800
-21840
0
-12360
0
-21600
0
0
7200
-17531.5068493151
-25200
-14400
0
-14400
0
0
-25200
-36000
0
0
-21600
-17424.4897959184
-12600
-21600
0
-21600
-25200
-14400
0
0
-20700
0
0
0
0
-21600
0
-27000
0
-21600
0
-18000
0
0
3600
0
0
0
0
0
0
0
0
-28800
-18000
0
-21360
28800
-18000
-15840
0
0
0
-25200
0
0
19800
0
-18000
-28800
-21600
-19252.1739130435
0
-25200
-23400
-10800
-19800
-28800
-6300
0
-18000
-7200
-28800
0
0
0
0
0
-10800
0
0
-28800
-13627.3381294964
-25200
-28800
3600
-28800
0
-14400
0
0
0
0
-18000
-15859.4594594595
0
-18000
-18000
0
0
-20301.6393442623
-21600
-3545.86466165414
-18000
-18000
-18000
-14400
0
0
-12763.6363636364
0
0
0
0
28800
0
0
-28800
0
0
0
3600
0
-27000
-25200
0
-21600
0
-28800
-32400
0
-21600
-18000
0
-18000
-19101.2658227848
-16200
0
-21600
-18000
-18000
0
0
0
0
-14507.4626865672
0
-14400
0
0
-21600
-25200
0
0
0
-14400
-21600
0
0
-9900
0
-18000
0
0
0
0
-18000
0
0
0
0
0
-14400
0
0
-12896.7032967033
-14400
-14400
0
-17841.1764705882
-19125
0
-21600
-10800
-25200
-18000
-18900
0
-28800
0
0
-18000
0
0
0
0
0
0
0
0
0
-14400
0
0
-17797.7528089888
0
0
-28800
0
0
0
-21600
-36000
0
0
-28800
0
0
0
0
0
-12358.7628865979
0
0
0
0
0
-14400
-17280
-25200
0
-14400
0
-21600
0
0
0
-16918.3098591549
-18000
-25200
-28800
0
0
0
-18000
0
0
-18000
0
-15216
0
-18000
-14400
-25200
0
0
0
-19800
0
0
-17204.0816326531
-18000
0
-28800
0
-5400
-25200
-14400
-19800
-21600
0
0
0
0
0
0
0
-18000
0
0
0
0
0
-18000
0
-18000
0
0
-18000
0
-16260
0
0
-14400
-18000
0
-18000
0
-18000
0
0
0
-4591.83673469388
-27600
0
0
0
-18000
-18000
0
0
-21600
0
0
-18900
-25200
-18000
-14400
0
-18000
0
0
-18000
0
-21600
0
-12857.1428571429
0
0
-18000
0
0
0
0
0
0
-21600
0
0
-10800
-25200
-28800
-21600
0
0
-18000
0
0
0
0
0
0
0
-28800
0
0
0
0
-28800
0
-18000
0
18000
0
0
0
0
-14400
-21600
0
-18000
3600
0
0
0
-21600
-32400
-14400
0
0
-18000
0
0
0
-25200
-18000
0
0
0
1800
-21600
0
0
28800
0
0
0
0
-18000
-18000
0
0
0
0
-25200
0
-24000
0
-28800
0
0
-18000
-16200
-19500
-25200
0
0
7200
0
0
-18000
-18000
-21600
28800
0
0
0
0
0
-18000
-28800
-18864
0
0
0
3600
-17696.1038961039
0
0
0
0
10800
-28800
-27000
-28800
-18000
0
10800
0
0
0
7200
-19800
-14400
0
0
0
0
0
0
-18000
0
-9000
0
0
0
0
0
0
0
-14400
-14400
-18000
-18000
-14400
0
-18000
9000
3600
-18000
-18000
-25200
0
0
0
-16200
0
-18000
0
0
-21600
12600
-21600
-25200
0
-21000
-28800
-19200
-28800
-14400
0
0
-28800
0
0
-20360.6557377049
-18000
0
-1800
0
-10800
-21600
0
-18000
-21600
0
0
3600
-18000
0
0
0
-18000
0
-36000
-21600
0
0
4140
-21600
-16200
3600
0
0
-21600
0
0
0
0
3600
0
0
-18000
-18000
7200
7200
0
-19423.6363636364
0
-28800
0
7200
-28800
7200
-16272
37800
0
0
0
0
0
0
0
-14400
0
-18000
0
-28800
0
0
13200
-18000
0
0
-18000
0
-18000
0
0
-15746.7625899281
0
0
0
-28800
-14222.2222222222
0
0
0
-18000
-14400
0
0
0
0
0
0
0
-18000
0
-18000
0
0
-18000
0
16200
0
0
0
0
0
-14400
-28800
0
0
-18000
0
-18000
-18000
0
0
-28800
0
-18000
-28800
-10800
0
0
-11973.9130434783
0
-18000
0
0
-28800
-14400
-21600
-21600
0
0
-18000
0
0
0
0
-21600
0
-15021.5827338129
-18000
0
0
-28800
0
-25200
3600
0
0
0
3600
0
-18000
0
0
0
0
-21600
0
-18000
0
0
-21600
0
0
0
-21600
0
0
0
0
-21600
0
-16200
0
-20250
-15018.75
0
0
0
-16800
-18000
-14400
-18000
-21600
0
0
-28800
0
0
0
0
-14400
0
0
0
0
-18000
-17650
-18000
0
0
-18000
0
-28800
-14400
-14400
0
0
-21600
-18000
0
5400
0
0
-16320
-18000
-14400
-18000
3600
-14400
0
-25200
-18000
0
-7200
-10800
0
0
0
-18000
0
-17018.1818181818
-21600
0
-21600
0
0
0
-21600
0
0
0
0
0
-18000
0
0
-21600
0
-18000
-21600
0
0
0
-20880
-28800
-18000
0
0
0
0
0
0
-18400
0
-14400
0
0
0
0
0
-21600
-14400
-18000
-14400
-18000
0
-18000
0
-18000
-21600
3600
0
-18000
0
0
-25200
-25200
-21600
0
0
0
0
0
0
-21600
-18000
0
0
-17625.8426966292
0
0
-14400
0
-14400
36000
0
0
7200
0
0
-20731.0344827586
0
7200
0
0
0
0
0
0
-18000
6300
0
-18000
0
0
0
0
-18000
-14400
-18000
0
-20000
0
-18000
-18000
0
0
0
0
0
0
0
0
0
0
0
0
-18000
-14400
-14400
0
0
-18000
-18000
-18000
0
0
0
0
-17064.9350649351
-18000
0
-18000
-16800
0
0
0
-16228.5714285714
0
0
-19963.6363636364
-18000
0
-28800
-18000
0
0
0
-14400
0
-25200
0
0
0
0
-18000
-18000
0
0
0
-18000
0
-18000
0
-21600
0
0
0
-18000
0
0
0
0
-18000
-14400
0
-18000
0
0
-14571.4285714286
0
-36000
-28800
-25200
-28800
-18558.6206896552
0
0
28800
3600
0
0
0
-10800
0
-18000
0
0
0
-18000
-21600
0
0
0
-21600
0
0
-14400
0
-19800
0
-28800
-19800
0
0
-18000
0
0
-14400
-25200
-18000
-21600
0
0
7200
0
-14400
-18000
-18000
0
0
0
0
0
0
0
0
0
0
0
0
-18000
0
-28800
0
0
0
0
-25200
-25200
-18000
0
0
-18000
-14400
0
0
0
0
0
0
0
-14400
0
0
0
0
0
-21600
0
-18000
39600
-18000
0
0
-19317.0731707317
0
-18000
-16258.064516129
0
0
0
0
-28800
-18180
0
0
-14400
0
-5815.38461538462
-21600
-18000
-18000
0
-20454.5454545455
7200
-18000
-14400
0
0
0
-138.461538461538
0
0
0
-28800
0
-21600
-27000
0
0
-18000
-18000
-28800
0
-18000
0
0
-25200
0
-14400
0
0
-18000
0
0
39600
-9532.07547169811
0
-21600
-15054.5454545455
-36000
-21600
-20273.6842105263
-18000
-18000
0
-18000
-28800
0
0
-21600
-10800
0
0
-27000
-18000
0
0
0
0
-18000
0
-17485.7142857143
-19800
0
0
0
0
-21600
-10800
-21600
-19339.7260273973
-18000
-18000
0
0
0
0
0
0
-28800
0
0
-14400
0
3600
21600
0
-18000
0
0
3600
-18000
-19751.3513513514
-14400
-18000
0
-18000
0
0
0
0
-21600
0
0
-28800
0
0
-22200
0
28800
0
0
25200
0
3600
0
0
-14013.5294117647
-14400
0
0
0
0
0
-18000
7200
-18000
0
0
-18000
-18000
-18000
-22500
-19800
-18000
0
-462.162162162162
0
0
-25200
-21600
0
0
0
0
0
0
0
0
10800
-18000
-14400
0
0
0
-25200
0
-18000
0
0
-18000
-25200
0
-9711.62790697674
-21600
0
-7740
0
0
0
0
-14400
3600
0
-18000
-14400
0
0
0
-14786.6197183099
-21600
514.285714285714
0
-18000
0
-23400
0
-18000
0
0
0
-18000
0
-18000
-28800
-25200
0
0
-14400
0
-28800
0
0
0
0
0
3600
0
-18000
0
0
-25200
-18000
0
0
7200
0
0
-18000
0
0
0
-14400
0
0
0
-18000
0
0
0
0
-14400
-10800
-28800
0
0
0
0
0
0
-14400
-18000
0
0
-21600
0
0
3600
-18000
-28800
0
-28800
-18000
-18000
-21600
-18000
-18000
-25200
-14400
0
-14400
0
3600
-21600
0
0
0
-18000
0
0
-16800
-18000
0
-18000
0
-18000
-18000
-18000
-21600
0
0
10800
-14400
-10800
1800
0
0
0
-18000
-18000
0
0
-16200
-14678.6972770956
0
-18000
-18000
28800
0
-25200
-18000
-25200
0
-14400
0
0
0
-21600
-25200
39600
3600
3600
0
0
0
0
-7200
0
-25200
0
-21600
-19002.5316455696
-14400
0
-14400
-18000
-18000
0
0
0
0
-14400
0
0
0
0
-18000
-18000
-17575.1552795031
-18000
-21600
0
-17871.4285714286
0
-28800
0
-18000
0
0
-25200
-15733.3333333333
0
0
0
-23400
0
-18000
-14400
-25200
0
-18000
0
0
0
-10800
0
0
0
0
-18000
-10800
-17800
0
-18000
0
-25200
0
-18000
0
0
0
0
0
-17244.4444444444
0
0
0
-18000
0
0
0
-18000
-18000
0
0
0
0
-28800
0
0
0
0
-25200
0
0
-14400
-14400
7200
-21600
0
0
-18000
0
-18000
0
-21600
0
0
-18000
-17376.9230769231
-17400
0
0
-25200
0
0
0
3150
0
-28800
-28800
0
-28800
0
0
0
0
-14400
0
0
-2976.92307692308
0
0
-18000
0
-25200
0
-14400
0
-18000
0
0
0
-10946.9387755102
0
-18000
-18900
0
0
-21600
0
-21600
-18000
0
0
0
0
-6480
-14400
-21960
0
0
-28800
-21600
0
0
-18000
0
-18000
-18000
-18000
-14400
-18000
0
-18000
0
-18000
28800
-25200
0
-21600
0
0
0
-21600
0
-28800
-12022.641509434
-18000
0
0
-18000
0
0
-28800
0
7200
-25200
0
0
-18000
0
3600
0
-21600
0
-14400
3600
-14400
0
0
0
0
0
0
0
-28800
-28800
0
0
-18000
-14400
-14400
0
-18000
0
-18000
-18000
-16882.7586206897
0
0
-18000
-25200
0
-9835.05154639175
-14400
-18000
0
0
-14400
-18000
0
-18000
0
3600
0
0
0
-18000
-21600
-5400
0
0
0
-18000
0
0
-18000
0
-18000
0
-18000
0
0
0
0
-21600
0
0
-21600
0
10800
0
-14400
-28800
-18000
-21600
0
0
0
0
0
-14400
-21600
0
0
0
0
3600
-10800
10800
0
-7200
-18000
-18450
0
0
0
0
0
-25200
7200
0
0
0
-21600
-14400
0
3600
0
-10800
-18000
-18000
0
25200
-18000
-18000
0
-18000
-3600
0
-10800
0
0
0
0
-28800
-14400
0
-18000
0
0
-21600
0
0
0
0
-18000
0
0
0
-14400
0
0
-10000
0
-21600
-25200
-25200
0
0
-14400
-18000
0
0
0
0
-28800
0
-18000
0
0
0
0
0
0
-18000
0
3600
0
10800
0
0
0
0
0
-25200
0
0
0
-18000
-18000
0
-18000
0
-18000
-14400
-25200
0
-28800
-28800
-18000
0
0
0
0
-18000
-12000
0
-36000
0
-18000
0
0
0
-25200
0
-25200
0
0
-14400
-21600
0
0
0
0
0
19800
0
3600
0
0
-28800
0
-14400
-18000
0
0
-19800
-28800
-38400
0
-18000
0
-18000
-21117.0731707317
0
-18000
0
0
-18000
0
0
7200
0
-25200
0
0
-21600
-14914.2857142857
0
0
-21600
-14400
0
-18000
0
0
0
0
-20160
0
0
-18000
0
0
0
0
-18000
0
0
-18000
0
-18000
-14400
0
0
0
0
0
-18000
-14400
-21600
-28800
0
-25200
-25200
0
0
0
-21600
-18000
0
-25200
-22800
0
0
0
4800
-21600
0
-21600
-15538.7755102041
0
0
0
0
-21600
-18000
0
0
0
-18000
12600
-14400
0
-14400
0
0
-18000
-18000
0
0
0
-18000
-18000
0
0
-18000
-23040
3600
3600
-14400
-32400
-28800
-28800
0
-18000
3600
-18000
0
-25200
0
0
-18000
0
-18000
0
-14400
0
0
0
-14400
-18000
0
-21600
-25200
0
-21600
-18000
0
0
0
0
-21123.5294117647
-14400
-25200
0
-14400
0
-10800
0
0
-28800
-21600
0
0
-36000
-25200
-18000
7200
0
0
0
0
-18000
0
0
-28800
0
-18000
-18000
-19440
0
0
0
0
-28800
0
-18000
-14400
0
0
-27000
0
0
-18000
0
-18000
32400
0
15600
0
-14400
-21600
-14400
0
-21600
-18000
0
-25200
-14400
0
0
0
-25200
0
3600
-18000
0
0
0
0
0
0
-11368.4210526316
-21600
0
-21600
25200
0
-6750
0
37800
-18000
-18000
-18000
0
-18000
0
0
-14400
0
0
-20340
0
19800
0
0
0
7200
0
-10107.6923076923
-18000
-20400
0
0
0
-18000
0
-27000
0
36000
0
-18000
0
-14400
0
0
0
0
0
0
0
0
-18000
0
28800
0
0
-18000
0
-28800
3600
-21600
-18000
0
0
0
0
-25200
-18000
0
0
0
0
0
0
0
0
-36000
-36000
-21600
-14400
0
0
-21600
0
0
0
0
0
-28800
0
0
-14400
0
-18000
0
0
0
0
-25200
0
-28800
0
0
0
0
0
0
-21600
-25200
0
0
-10800
0
0
-14204.347826087
0
-15600
-14400
-21600
0
0
0
0
0
-18052.9411764706
-16221.7851739788
0
3600
-21600
-28800
-14400
0
-14400
0
-25200
0
12600
-18000
-25200
-18000
-14400
0
0
3600
-18000
0
-28800
0
0
-18000
-21600
0
0
0
-14400
0
0
12600
-5760
0
0
-21600
0
0
-18000
0
0
-18000
0
0
0
0
-18000
-25200
-25200
-25200
0
0
0
0
-28800
-14400
0
0
-18000
-18000
0
-21600
0
0
-18000
0
-14400
0
0
-18000
0
-18000
-21600
-28800
-28800
0
-3171.42857142857
-15325.7142857143
0
-28800
0
0
-17530.4347826087
0
-25200
-28800
0
0
0
0
470.454545454545
-21600
0
-28800
-18000
0
0
0
0
-7200
0
0
0
-21600
0
-28800
0
0
-15000
-25200
0
0
-21600
0
0
0
-20400
-28800
32400
0
-21600
0
0
-14400
0
0
0
0
0
0
0
0
-25920
-21600
-21600
0
0
-14400
-14400
-21600
0
-19200
-14400
10800
0
-18000
-28800
0
0
0
-21600
-18000
0
-18000
-21600
0
0
0
-14400
0
0
7200
0
0
-28800
0
0
0
0
-4745.45454545455
7200
-14400
0
0
-18000
-18000
-18000
-17526.3157894737
-18000
-18000
-18000
0
0
0
0
-18000
0
-21600
0
-9000
0
-18000
0
-10800
0
0
-12857.1428571429
-18000
0
-25200
0
-21600
-18000
0
-18000
-10800
-18000
0
0
0
0
-14400
0
0
0
-18000
0
0
-21600
0
0
0
3600
0
-28800
0
0
-21600
0
0
0
0
0
0
0
-14400
0
-25200
0
-18000
-18000
-21600
0
0
-25200
0
0
0
-14400
0
-18000
0
-21600
3600
0
0
0
0
0
-18000
0
-10800
0
0
-18000
-10414.2857142857
25200
0
0
-14400
0
-28800
12600
7200
0
0
-28800
-27600
19800
0
-14400
-18000
0
-18000
0
0
-18000
-21600
0
-14400
-16484.2105263158
-25200
-25200
0
0
0
0
0
-18000
-15033.5195530726
0
0
-25200
19800
-21600
-26400
-28800
0
-21600
-21600
0
0
0
-18000
-28800
0
-28800
0
-10800
-21600
0
-18000
-19186.0058309038
-21600
0
0
-21600
-14400
0
-18000
-18000
-21600
-18000
0
0
-10800
-21600
0
-18000
7200
-18000
0
3600
-14400
-18000
-14400
0
0
0
0
-25200
-16610.1265822785
0
-21600
0
0
-14000
-21600
0
0
0
0
-18000
-14400
-20475
-18000
-18000
0
0
0
0
0
-18000
-19800
10800
-25200
0
-14400
0
-24000
3600
0
0
0
-25200
0
0
0
0
0
0
-13846.1538461538
-18000
0
0
0
0
0
0
-10285.7142857143
0
0
-18000
0
-18000
0
-12000
0
-25200
-18000
0
0
0
0
0
-14400
0
0
0
0
-14400
-28800
0
-14400
-28800
0
0
7200
0
0
0
14400
-28800
0
0
0
0
-25200
0
-18000
0
-28800
0
-28800
-21600
0
0
0
-14400
-28800
0
0
0
0
0
-18000
0
0
-14400
-14233.8461538462
-28800
0
-28800
0
-23400
0
0
0
-27000
3600
-16785.3658536585
-18000
0
0
0
0
-11250
-18000
0
0
0
0
0
-18000
0
0
0
-20400
0
-18000
0
0
0
-18000
-18000
0
-16881.5533980583
-18000
-21600
-10957.9787234043
-14400
-21600
0
0
-14400
0
-18000
0
-14400
0
0
0
-21600
-21600
-25200
0
0
0
0
-25200
-18000
0
0
-25200
-11604.2553191489
0
-1095.65217391304
-14400
-18000
-18000
-21600
0
0
-16380
-21600
0
0
0
-18000
0
-10800
0
-9000
-14400
-18000
0
0
-18000
0
-21600
-25200
-18000
0
0
-18000
-10800
-18000
-15264
0
-28800
0
0
0
0
0
0
0
-25200
0
0
-18000
-18000
0
-18000
-18000
0
0
0
-14400
-18720
0
0
46800
-25200
-21600
-18000
-18000
0
-36000
-28800
-28800
0
-19800
-14400
-25200
0
0
-21600
-18000
0
-14400
0
0
-18000
-28800
0
-18700
-28800
0
-18000
0
-18000
0
0
-10005.8823529412
0
-28800
0
-17400
-16200
-18000
0
0
-14400
0
-28800
-14400
0
0
0
-14400
-28800
-28800
-18000
-19480
12600
-18000
-14400
0
0
0
0
-25200
0
-14400
-14400
0
-18000
0
0
0
0
0
0
0
-18000
0
0
0
-14400
0
0
-14400
0
-14400
0
0
-21600
0
0
-25200
0
5850
0
-14400
0
0
7200
-18000
-21600
0
0
-18000
0
0
0
0
0
-10800
-14400
-15323.2323232323
-25200
0
-18000
0
-18868.9655172414
0
0
0
-14400
-18000
0
-21600
0
-18000
-18000
0
720
0
-10800
-14400
0
0
0
0
-18000
-21600
0
-18000
-21600
-18000
0
0
-16800
-17742.8571428571
-14400
0
-18000
0
0
0
0
0
0
0
0
0
0
-21600
0
-18000
-14400
0
-28800
0
0
0
-14400
0
0
-14400
-25200
-14400
0
0
0
3600
3600
0
0
-18000
-21600
-27000
3600
0
0
-18000
-18000
0
-21600
-21600
-18000
0
-18000
0
-21600
0
-18000
-25200
-21600
-20084.2105263158
25200
0
-19636.3636363636
0
0
0
-18000
-18000
-21600
0
-19500
0
0
-25200
-21600
0
0
-18000
0
-12313.0434782609
0
0
0
-11000
-21600
-18000
3600
0
0
-18000
0
-3600
0
-18000
-11828.5714285714
0
0
0
-18000
-20191.3043478261
-18000
0
-21600
-14400
-21600
-13650
-25200
-18000
-25200
-21600
0
-18000
0
0
0
0
0
0
-18000
0
-21600
-18000
-22800
0
-25200
-14400
-36000
-14400
-21600
0
-25200
0
-18000
-21600
-6600
-25200
-10080
0
0
-25200
0
0
0
-18000
0
0
-28800
-18000
0
0
0
0
0
-25200
0
-25200
0
0
-18000
-21600
0
0
-21600
-25200
3600
0
-25200
10800
10800
-18000
0
0
-18000
-36000
0
0
0
-20160
-19237.5
0
-18000
0
-14400
0
-14400
-14400
-14400
-20700
0
0
0
0
0
-6112.23021582734
0
0
0
0
-28800
0
0
-17200
0
0
-5666.08695652174
0
0
0
0
0
-21600
0
-9969.23076923077
-21600
-18000
-14400
0
-28800
0
0
0
-18000
-21443.4782608696
-18000
-21600
-18000
0
0
-21600
-28800
0
-18000
0
0
0
0
0
-25200
0
0
0
0
-18000
0
0
-18000
-21600
0
-25200
-18000
0
-18000
-18000
-14400
-14400
0
0
0
0
0
-18000
0
0
0
0
3600
0
-21600
0
-28800
0
-18000
-28800
-21600
0
0
-28800
0
0
0
-14400
-18000
0
0
0
-21600
3600
0
-25200
0
0
-18000
0
-18000
-25200
0
0
-18000
0
0
-18000
0
0
-18000
0
0
0
-18000
-32400
-9771.42857142857
0
0
0
0
0
0
-18000
-14400
0
0
0
0
0
0
0
-18000
0
0
-18000
-20250
0
-14400
0
0
0
0
3600
0
0
0
0
-14400
-18000
-18405
-21600
0
0
-11600
0
-21085.7142857143
0
0
-18000
-14400
0
0
-18000
0
0
0
-18000
0
-20817.3913043478
-14400
0
0
0
-25200
0
0
-15715.8620689655
-25200
-18000
0
-25200
-28800
0
12600
-14765.2173913043
0
0
-18339.6226415094
0
0
-18000
0
0
-18000
0
0
0
0
0
0
0
-18857.1428571429
-18000
-21600
-17280
0
-25200
0
-25200
-18000
0
0
-14400
0
0
0
-18000
-28800
0
0
0
-18000
0
0
-18000
-21600
0
0
3600
0
-13633.3333333333
0
0
0
0
0
0
-23400
-25200
-18000
0
-20700
0
-15525
0
-21600
0
-14400
0
0
-18000
-21600
0
0
-14400
-21600
0
-28800
0
0
-10200
-18000
0
0
-14400
-18000
0
0
-21600
-18000
0
0
0
0
0
-21600
0
-21600
0
0
0
-18000
0
0
0
0
-23400
-28800
-18000
0
0
0
0
0
-21600
0
-19710
0
0
-15129.7297297297
-14400
0
0
0
-18000
-17400
0
0
-18000
0
-18000
3600
-28800
-28800
-6480
0
0
-28800
0
-28800
-14400
-25200
-14400
-18000
-18000
0
0
0
0
0
-10800
0
0
-18000
0
0
-18000
0
0
-18000
-18000
-14400
0
-18000
-25200
-36000
0
7200
-25200
-18000
2957.14285714286
-28800
-17230.8370044053
-28800
0
0
0
0
0
0
0
-10800
-18000
0
-18000
0
-18000
0
0
-18000
0
-30600
0
-18000
0
0
-5400
-14400
0
-23400
0
0
-21600
-21600
-14265
0
-18000
-18000
-21600
0
0
-18000
0
-20700
0
-18000
0
0
-28800
-18000
0
0
-14760
0
-28800
-14400
0
0
-21600
-18000
0
0
0
-18000
-18000
0
0
0
-14400
0
-28800
-14400
0
-14400
-20400
-14400
-25200
0
0
0
0
-18000
0
-18000
0
3600
0
6923.07692307692
0
0
-18000
0
0
0
0
0
-19453.8461538462
-18000
-18000
0
-18000
0
-21600
0
7200
0
-13313.8743455497
37440
3600
-14400
-21600
0
0
0
0
0
7200
0
-25200
-14400
-18000
-25200
0
-21600
0
0
-21600
0
-25200
0
0
0
-28800
0
0
-18000
0
0
0
-10800
0
0
0
0
0
0
0
0
3600
0
0
-21600
0
0
0
0
-28800
0
-32400
0
0
-18000
0
0
0
0
0
-10800
0
0
0
-18000
10800
0
0
0
-21600
28800
0
0
0
0
0
0
0
-25200
0
0
0
-648
-21600
0
-18000
-25200
3600
-18000
0
-2215.38461538462
0
0
0
-18000
-21600
0
0
0
-28800
-12085.7142857143
0
-18309.375
-6092.30769230769
0
-27000
0
-18000
0
0
0
0
-15709.0909090909
-20400
-20571.4285714286
3600
0
-18000
0
0
-25200
0
-3240
0
0
0
-18000
0
0
0
-14400
-18000
0
0
0
-28800
0
-18000
0
0
-18000
-21600
0
0
-25200
0
0
0
-18000
-21600
0
-18000
-10384.6153846154
0
0
-14400
0
0
-18000
0
-21600
-14400
0
0
-18000
0
0
-9914.28571428571
0
0
0
0
-18000
-28800
-21600
3600
0
-21600
39600
0
-28800
0
0
-21600
-18000
0
0
10800
0
-14400
0
0
0
-4537.92134831461
-20160
7200
0
-25200
0
-17211.8343195266
-18000
0
-28800
0
0
0
0
-28800
0
-21600
0
0
0
-21600
-12600
-14400
0
-14400
0
-18000
-25200
-19974.1935483871
0
-18000
0
10800
-21600
0
-28800
0
0
0
0
0
-18000
0
0
-21063.829787234
-7678.125
0
-14400
-18000
0
-14400
0
-14400
-19080
0
28800
-18000
-16200
0
-12687.8048780488
0
0
-18000
0
0
0
0
-28800
-28800
0
0
0
-18000
0
0
-14400
-25200
-18000
0
0
0
0
-18000
0
0
0
0
0
0
-25200
-18000
-18000
-18000
-14400
0
0
0
-21600
-19028.5714285714
-10800
3600
0
0
0
10800
28800
-21600
0
-14400
0
-14400
0
-10431.8181818182
-21600
0
0
0
-21600
-14400
-21600
-18000
-21600
0
-14400
0
0
-18000
0
-25200
0
-25200
0
-14400
10800
0
0
0
0
-19440
0
0
-18000
0
-21300
0
-21600
0
0
-18000
-18600
-13200
5040
-18000
-14400
-25200
10800
0
0
0
-16800
9000
0
0
0
-3342.85714285714
-19800
0
9450
-21600
0
0
0
0
-18000
0
15600
0
0
-2880
0
0
-18000
0
7200
-14000
-21600
0
-9600
0
-5400
0
0
-15600
-18900
-20400
-12900
-2250
0
0
0
0
0
0
-21600
-18000
0
-14400
-28800
-25200
0
0
0
-21600
0
0
0
0
0
0
0
0
0
37800
-19800
0
-21600
-9600
7200
-16328.5714285714
-8600
-18000
0
0
0
-18000
-18000
0
0
0
0
0
0
-28800
0
-14400
-21600
0
-14400
0
-14400
0
0
-18000
0
0
-20541.1764705882
0
7200
-15428.5714285714
-6000
14400
-12910.3448275862
0
0
0
-8400
0
0
0
-18000
-9600
9000
0
18000
-25200
0
0
0
0
0
0
-18000
0
0
-18000
0
0
-18000
0
-18000
-18000
3600
-22800
-1800
0
-28800
-10800
-19200
-16800
-28800
0
0
-25200
-18000
0
0
0
-2160
0
-25200
0
0
0
-28800
0
0
0
0
0
0
0
32400
0
14400
-5400
-18000
0
0
-14400
3600
0
0
0
0
0
0
-23400
0
0
0
-14400
-18000
-14625
-14400
0
0
0
-28800
0
0
0
0
-12184.6153846154
0
-14400
-14400
0
-36000
0
0
-28800
-18000
-18000
3600
3600
0
-18000
0
0
0
0
-17413.9534883721
0
-36000
0
0
0
-28800
-18000
-18000
3600
7200
-18000
-14400
0
0
-14400
0
0
0
0
0
0
0
0
10800
28800
-18000
0
0
0
0
-14400
-18000
0
-25200
-18000
0
3600
-1440
0
0
0
7200
0
19800
0
-11668.9655172414
0
0
0
0
-36000
0
0
0
0
-25200
0
-18000
0
0
0
0
0
0
0
1800
-21600
-21600
0
-18000
-14400
-28800
0
0
0
0
-18000
0
0
-21600
-18000
0
0
0
-18000
0
0
0
0
-19028.5714285714
0
0
0
7200
-18000
-8690.83969465649
0
0
0
-21600
-18000
-7200
0
18000
0
0
0
0
0
7200
0
39600
0
3600
0
0
-21600
0
-18000
-21600
0
-25200
0
0
0
-18000
-14400
0
-10800
-14400
-25200
0
-21600
0
0
0
0
0
0
0
0
0
0
-12763.6363636364
0
0
-14400
-25200
0
0
-10419.8507462687
0
-21600
-11828.5714285714
28800
0
0
0
-18000
-18000
0
-18000
0
0
0
-25200
-7200
0
0
0
0
-10800
0
0
0
0
0
2400
0
0
0
0
0
-36000
3600
2907.69230769231
0
0
0
-18000
-18000
0
-28800
3600
4800
-14400
-3857.14285714286
0
-18000
0
0
0
-21600
0
0
0
0
0
0
4800
0
0
0
-10800
0
-20400
-10800
0
3600
0
0
0
0
0
-4400
0
0
3600
-12600
0
2700
3600
0
0
0
3600
0
3600
0
0
0
0
0
0
0
0
0
0
0
0
0
0
0
0
0
0
3600
7200
3600
0
0
-21600
0
-36000
0
0
0
0
10800
3600
0
32400
0
0
0
0
0
0
0
0
0
0
0
0
-6171.42857142857
-15600
0
-16200
0
0
-28800
3600
0
-28800
0
0
0
0
-18000
0
0
0
0
0
0
0
0
0
-6000
0
0
-18000
3600
-18000
0
0
0
0
0
0
0
0
0
0
0
0
-36000
-28800
0
-28800
-14400
0
0
0
0
0
0
0
-1714.28571428571
0
9900
-28800
0
0
0
0
3600
0
0
0
0
0
3600
0
7200
-18000
0
0
0
-18000
0
0
0
0
0
0
-18000
0
0
0
0
0
0
0
0
3600
-7200
-12600
-10800
0
0
0
0
0
0
0
0
0
0
0
10800
0
0
0
39600
-10800
0
0
-21600
-18000
0
-12600
0
0
0
1800
-7200
0
0
0
0
0
0
0
-5400
0
3600
0
-23400
0
0
0
0
0
-21600
0
0
0
0
0
0
0
0
3600
0
0
0
0
0
0
0
0
0
0
3600
0
0
0
0
12600
-19800
-8606.25
10800
0
-18000
0
0
0
0
3600
0
0
-18000
0
0
0
0
0
-21600
-21600
-18000
3600
-18000
0
0
-21600
0
0
-18000
32400
0
-21600
0
0
0
0
0
0
0
0
-5400
0
0
0
0
0
0
0
0
0
0
0
0
0
0
0
0
-18000
0
0
-17100
0
0
0
0
3600
0
0
0
-21600
0
0
0
0
0
0
0
0
3600
0
0
0
0
0
-14717.6470588235
0
-25200
0
0
-25200
0
0
10800
-21600
0
-25200
0
7200
-14400
0
0
0
0
0
0
0
0
0
0
0
0
0
-21600
0
-16200
-28800
0
0
0
0
0
0
0
0
0
0
7200
0
0
0
0
0
0
0
0
0
0
-28800
-21600
0
0
0
0
0
0
0
0
0
0
0
0
0
0
0
0
0
2400
0
0
-9000
0
-19800
-6908.10810810811
0
-25200
0
0
0
0
0
0
0
0
0
-18000
0
0
-18000
-18000
-14400
0
-18000
0
0
0
0
0
0
-18000
0
0
0
0
0
0
0
0
0
0
0
-25200
0
0
0
25200
0
0
0
-21600
0
0
0
0
0
0
0
0
0
0
0
0
0
0
0
0
0
0
0
0
0
0
0
0
0
0
0
0
0
-14400
0
0
0
0
-18000
0
0
0
0
0
0
0
7200
-21600
0
0
0
0
0
0
0
0
0
-32400
0
0
0
0
-14400
0
0
0
0
0
0
0
0
-14850
-13500
0
3600
0
7200
3600
0
0
-14400
0
0
-18000
-25200
0
0
0
0
0
0
0
-18000
-18000
0
0
0
0
3600
0
0
0
0
0
0
0
0
0
0
0
0
0
0
-28800
-21600
0
0
0
0
0
0
0
0
-18000
0
0
0
0
0
0
0
0
-14400
0
-21600
0
0
0
0
0
0
0
7200
0
-5040
0
0
0
0
0
-18000
0
0
0
0
0
0
0
0
-28800
0
-25200
-18000
0
3600
0
0
0
0
0
0
0
0
0
0
0
0
0
0
0
0
0
-15300
3600
0
0
0
0
-18000
19800
0
0
0
0
0
0
0
0
-36000
0
0
0
0
0
0
0
0
-18000
0
0
0
0
0
0
0
0
0
0
0
0
0
0
-18000
0
0
-18000
0
0
0
-18000
0
0
0
0
0
3600
0
0
0
3600
0
0
0
0
7200
0
-25200
0
-7537.5
-18000
0
-14400
-21600
0
-18000
0
0
0
0
0
0
0
0
-14400
0
0
450
0
0
0
0
0
-14400
0
0
0
0
0
0
-17934.5454545455
0
0
0
0
0
0
0
3600
0
0
0
0
-7200
0
0
0
0
0
0
0
0
0
0
0
0
0
0
0
0
0
0
0
0
28800
0
0
0
0
0
0
3600
0
-10800
0
0
0
0
0
0
-18000
0
0
0
-21600
-14400
0
36000
0
0
0
0
-4800
0
0
0
0
0
0
0
0
-14400
0
0
0
0
0
0
0
0
-17540.4255319149
0
0
0
0
0
0
0
-18000
-21600
0
0
0
-25200
0
0
3600
0
0
0
-28800
0
0
0
0
0
0
0
0
0
0
-28800
0
0
0
0
0
-21600
0
0
0
-28800
-14400
0
0
0
0
0
0
0
0
0
0
0
0
0
0
0
0
0
0
0
0
0
0
0
-28800
-14400
0
-18000
0
0
3600
0
0
0
0
0
0
0
0
0
0
0
-21600
0
0
0
0
-14400
0
0
0
-10800
3600
0
0
0
-14400
0
0
0
0
0
0
0
-18000
0
0
0
0
0
12600
0
0
0
0
-4800
0
0
0
0
0
-21600
-18000
0
5400
0
3600
0
0
0
0
0
0
3600
0
0
0
0
0
0
0
0
0
0
0
0
0
0
0
-14400
0
-21600
0
0
0
-18000
0
0
0
0
0
0
0
0
0
0
0
0
-18000
0
0
-21600
0
0
0
-21600
0
0
0
-18000
0
0
0
0
0
-21600
19800
0
0
-7800
0
0
0
0
0
0
0
0
-28800
0
0
-21600
0
0
0
0
0
32400
0
0
0
-3600
0
0
0
0
771.428571428571
0
-18000
0
0
0
0
0
0
-18000
0
0
0
0
0
0
0
0
0
0
0
0
0
0
0
0
0
0
0
0
-18000
25200
7200
0
0
0
0
0
-18000
0
0
-25200
0
-18000
0
0
0
-18000
0
0
0
0
0
0
0
0
-21600
0
0
0
0
0
0
0
0
0
0
0
0
0
0
0
0
0
0
0
-10800
-25200
0
0
0
0
-21600
0
0
0
36000
0
0
0
0
0
0
0
0
-18000
0
0
0
36000
0
-14400
0
10800
7200
0
0
0
0
0
0
0
0
0
-28800
-18000
0
0
1014.76510067114
-18000
0
0
0
-14400
0
0
0
-400
0
0
0
0
-14400
0
0
0
0
0
0
0
3600
0
0
0
0
0
-21600
0
-19800
0
-25200
-18000
0
0
-18000
0
0
0
0
7200
-21600
0
0
0
0
3600
0
-22000
0
0
0
0
3600
0
0
-18000
0
3600
0
0
0
0
0
0
0
0
0
0
0
0
0
0
0
0
0
0
0
0
0
0
0
0
0
0
0
0
-21600
0
0
0
0
0
0
0
0
0
0
0
0
0
3600
3600
10800
0
0
0
-25200
0
3600
0
0
0
0
0
-16200
0
0
0
0
0
0
-18385.7142857143
0
-21600
0
0
0
0
0
0
-25200
0
0
0
0
-18000
0
0
0
0
-18000
0
0
3600
0
0
0
0
0
0
0
0
0
0
0
0
0
0
0
0
0
-28800
-14400
-21600
0
0
0
0
0
0
0
0
0
0
0
0
0
0
0
0
0
0
0
2029.09090909091
19800
0
0
-14400
0
0
0
0
0
3600
0
3600
0
0
-21600
0
0
7200
0
0
0
0
0
0
0
0
0
0
0
28800
0
0
0
-18000
3600
0
-21600
0
0
0
0
0
0
0
0
0
0
0
0
0
0
0
0
0
-18000
-18000
0
0
0
0
0
0
0
0
0
0
0
0
0
0
0
0
0
-18000
0
0
-21600
0
0
0
0
0
0
3600
0
0
-14400
0
0
0
0
0
-14400
0
-28800
0
0
0
0
0
0
0
0
0
0
0
0
0
0
0
0
0
0
-18000
0
0
0
0
0
0
0
0
0
0
0
0
0
0
-18000
0
0
0
-14400
0
0
0
0
0
0
0
0
0
0
0
0
0
-25200
0
0
19800
0
-18000
0
0
0
0
0
0
-18000
-25200
3600
0
0
0
0
0
-12184.6153846154
0
0
0
0
0
0
0
0
6000
-25200
0
0
0
0
-1694.11764705882
0
0
0
0
0
-8600
0
0
0
-28800
3600
0
-21600
0
0
0
0
0
-14400
0
7200
0
0
0
0
0
0
0
0
-25200
0
0
0
0
0
0
0
0
0
0
0
-18000
0
-28800
0
0
0
1800
0
0
0
-18000
0
0
0
0
-28800
0
10800
0
0
0
0
0
0
0
-18000
0
0
3600
0
-28800
0
0
0
0
0
0
0
7200
-25200
0
0
0
0
0
0
0
0
0
0
0
0
0
-21600
0
0
0
0
1800
0
0
0
-18000
0
0
0
0
0
0
0
-18000
0
0
3600
0
0
0
-18000
0
0
0
0
0
0
0
-10800
0
0
0
0
-21600
0
-21600
0
0
0
0
0
0
0
0
0
0
0
0
0
0
0
0
3600
0
0
0
0
0
-18000
0
0
0
0
0
0
0
0
0
0
0
0
0
0
0
0
0
0
0
0
0
0
0
0
0
-21600
0
-25200
0
0
0
-25200
0
0
0
0
0
0
0
3600
0
0
0
0
0
-18000
0
0
0
0
0
0
12600
0
0
0
0
0
-21600
0
0
0
0
-21600
0
0
0
0
0
0
0
0
0
-14400
0
0
0
0
0
0
0
0
0
0
0
0
0
0
0
0
0
-18000
0
0
0
0
0
0
-2842.10526315789
0
0
0
0
0
0
0
0
0
0
0
0
0
0
0
0
-1053.27510917031
0
-32400
0
-14400
0
0
0
0
0
0
0
0
0
0
0
0
0
-14400
0
-5400
0
7200
19800
0
0
0
-28800
0
0
0
0
0
-14400
0
0
0
0
0
-21600
0
28800
-28800
0
0
0
0
0
0
0
0
0
0
0
0
0
0
28800
0
0
0
0
0
0
0
0
0
0
0
0
0
0
0
0
0
0
0
3600
0
0
0
0
0
0
0
0
0
0
0
0
-18000
0
0
0
0
0
0
0
0
0
-14400
-21600
0
0
0
-6279.06976744186
0
0
0
0
0
0
0
0
0
0
0
0
-14400
0
0
0
0
0
-25200
0
0
0
-18000
0
0
0
0
0
0
0
10800
-18000
0
0
0
0
0
0
0
0
0
0
0
0
0
0
0
-18000
0
0
0
0
0
-7800
0
0
0
0
0
0
0
0
0
0
0
0
0
0
7200
0
0
-14400
0
0
-1800
0
-14800
0
0
0
0
0
0
0
0
0
0
0
0
0
0
-18000
-25200
-36000
0
0
7200
0
0
0
0
-21600
0
0
0
0
0
0
0
0
0
0
0
0
0
-23400
0
0
0
0
0
0
0
0
0
0
0
3600
-13885.7142857143
0
0
0
-9000
-18000
0
0
0
0
0
0
0
-21600
0
-18000
0
0
0
0
-14400
0
0
0
-18000
0
0
3240
0
0
25200
0
-18000
-18000
0
0
0
0
0
0
-14400
0
0
0
0
0
0
0
0
3600
-28800
0
0
0
0
0
0
0
18900
0
0
0
3600
0
0
0
0
0
0
0
0
0
0
0
0
-18000
0
0
0
0
0
0
0
0
-18000
0
0
0
0
-18000
0
0
-10800
0
0
0
0
-7200
0
0
0
0
0
0
0
0
0
0
0
-9000
0
0
0
0
0
0
0
0
0
0
0
-25200
-4800
0
0
0
0
0
0
0
0
-18000
0
0
0
0
0
3600
0
25200
0
0
0
-18000
0
0
-18000
10800
0
0
0
0
0
0
0
0
0
0
0
3600
0
0
-21600
0
0
0
3600
0
0
0
0
0
-14400
-25200
0
0
0
0
0
0
0
0
0
0
0
0
0
0
0
0
0
0
0
0
0
-18000
0
0
0
0
0
0
0
0
0
0
-14400
0
0
-36000
0
3600
0
0
0
3600
0
0
0
0
0
0
0
0
-14400
0
-18000
0
0
0
0
0
0
0
0
0
0
0
0
0
0
0
0
0
0
0
0
0
0
0
0
0
0
0
0
0
-25200
0
0
0
0
0
3600
3600
0
-14400
0
0
0
0
0
-18000
-25200
0
0
0
0
0
0
0
0
3600
0
0
0
0
7200
0
3600
32400
0
0
0
0
0
0
0
-23815.3846153846
0
0
0
0
0
0
0
0
-10800
0
0
0
-14400
0
0
0
0
0
0
0
0
0
-3600
0
0
0
0
0
0
2451.06382978723
-18000
3600
0
0
19800
0
0
0
0
-2986.36363636364
0
0
0
0
0
0
0
0
0
0
0
0
0
0
0
0
0
0
0
0
0
0
0
0
3600
0
0
0
0
0
0
0
0
0
-14400
0
0
0
0
0
3600
3600
0
0
0
0
-18000
0
0
0
0
-36000
0
12600
0
0
0
3600
0
0
0
0
10800
0
0
0
0
0
0
0
10800
0
-11700
0
0
0
0
0
0
-21600
0
0
3600
0
0
0
0
0
-18000
0
0
0
0
0
0
0
0
0
0
0
0
3960
0
0
0
0
0
0
0
0
0
0
0
-21600
0
0
0
0
0
0
-15000
0
32400
0
0
0
-21600
0
0
0
-21600
0
0
0
0
0
0
0
0
0
0
0
0
0
0
0
0
0
0
-3354.54545454545
0
0
0
0
0
0
0
3600
0
0
-21600
0
0
0
0
0
0
0
0
0
0
0
0
0
0
0
-18000
-25200
0
0
0
0
-18000
-36000
0
0
0
-28800
0
0
0
0
0
0
0
7200
0
7200
0
0
0
0
0
3600
3600
0
0
-14400
0
0
0
0
0
0
0
0
-28800
0
0
-21600
0
0
0
-14400
0
0
-14400
-21600
0
0
0
0
0
0
0
0
0
0
0
0
-18000
-19800
0
-1323.52941176471
0
0
0
0
-14400
0
0
0
0
0
1200
0
0
0
0
0
0
0
-14400
-21600
-14400
0
0
0
0
0
0
0
0
0
0
0
0
0
0
0
0
-14400
12600
0
-14400
0
0
0
0
-21600
0
0
0
0
0
0
0
0
0
0
0
0
0
0
0
0
0
0
1440
-2057.14285714286
3600
1800
0
0
0
0
0
0
0
0
0
0
0
0
0
-25200
0
0
0
0
0
0
0
0
0
0
0
0
-18000
-18000
-28800
0
0
0
0
0
0
0
0
0
0
0
0
-18000
0
0
-28800
0
0
0
0
0
0
0
-14400
7200
0
0
0
0
-18000
0
0
0
0
0
0
0
0
0
0
0
0
0
0
0
0
-14400
0
0
0
0
0
0
0
-11148.3870967742
0
0
0
0
0
-18000
0
-10800
0
0
0
0
0
0
0
-16200
0
-28800
0
0
0
0
0
0
0
0
0
0
0
-18900
0
0
0
0
0
-14400
-18000
-14400
0
-18000
0
-19200
-14400
0
0
0
0
0
0
0
0
0
0
0
0
0
0
-14400
0
0
0
0
-18000
0
-14400
0
0
0
0
0
0
0
0
0
0
0
0
0
0
0
0
0
0
-18000
0
-13283.5443037975
0
0
0
0
0
0
0
0
0
0
0
0
0
0
0
0
0
0
0
-18000
0
0
0
0
0
-25200
0
-14400
0
-28800
0
0
0
0
0
-4500
0
0
0
0
0
0
0
0
0
0
0
-28800
0
0
0
0
0
0
0
0
3600
0
0
-16200
0
0
-14400
0
0
0
-36000
0
-7272
-36000
0
3600
0
0
0
0
0
0
0
0
0
0
0
-18000
0
0
1963.63636363636
0
0
0
0
0
-14400
-7200
3600
0
7200
0
10800
-18000
-18000
0
0
0
3600
0
0
0
0
-28800
-15600
0
0
-28800
0
-28800
0
0
-18000
-28800
0
0
0
0
0
0
0
0
0
-10800
0
0
0
0
0
0
0
0
0
-19200
0
0
0
0
0
-18000
0
0
0
0
-23040
0
3600
-21600
0
0
0
0
0
0
0
0
0
0
0
0
0
0
0
0
-14400
0
0
-18000
0
0
0
0
0
0
0
10800
10800
0
-21600
-21600
-18000
0
0
0
0
0
-28800
3600
0
0
0
0
-18000
0
