61
10
44
3
87.2083333333333
14
123.821428571429
216.941176470588
32.2127659574468
874
92.0508474576271
0
423.333333333333
539
12.2826086956522
97.5
119.5
13.3333333333333
74.25
97
11.7777777777778
41.5
325.384615384615
435.310344827586
4.33333333333333
46
470.28
291.818181818182
57.3333333333333
105.285714285714
126
64.1851851851852
80.5
32
165.56
21.0943396226415
15.4285714285714
253.23
268.666666666667
130
170.2
10.5
132
84.3913043478261
34
119.682926829268
4.5
82
149.238095238095
26
2041.5
76.5
5.66666666666667
20.3636363636364
37.6
147.333333333333
517
312.107692307692
240.5
233.338880484115
30.6666666666667
36
20.7879858657244
293.375
38.4285714285714
21.625
90.8181818181818
85.25
12.1
461.647058823529
21
57.2238805970149
0
375.375
14.2727272727273
139.5
118
23.8932038834951
10
241
5
15
14.6666666666667
125
105.111111111111
35.3333333333333
9.5
18.6528835690968
89.1020408163265
251
39
433.592592592593
44
14.5
92
7
5
16
40
10
124
35.421875
33.5
69.6666666666667
85
192.475
31.4
11061.4285714286
19.2
78.5
39.625
60.1038961038961
52
953.25
318.25
103.615384615385
92.5714285714286
87.8571428571429
27
28
124.049180327869
9.5
9
55.3333333333333
7
474.264705882353
177.4
141.833333333333
35.4705882352941
112.794117647059
10
22
33
17
3
11
80.6666666666667
6
912.642857142857
16
39
58.8076923076923
8
40
6.34375
71.6666666666667
38.5
22.25
14.6666666666667
11
19
117
488.168674698795
75.5
85.5
14.3119266055046
3.8
32.875
298.809523809524
10
2045
94.1666666666667
55.1111111111111
14
10
32
70
59
463
9
14
35.5
61
57
6
150.294117647059
3874.52941176471
405.696202531646
40
6
425.795081967213
1087.7037037037
71.2857142857143
15
148.348484848485
175.666666666667
40.9411764705882
11.8918918918919
6.5
100.5
26.2105263157895
139
38.0555555555556
91.8
119.727272727273
6716
2
37.25
36.5714285714286
155.2
52
92.3333333333333
500
172.125
20.0609137055838
4.4
189.8
112
1372.1875
8
43
7.61739130434783
8
33.5
357.533333333333
23
642
5.81818181818182
223.532710280374
4.4
15.6666666666667
57
25
0
26
228.538461538462
613.588235294118
144.8
511
181.818181818182
84.75
1
84
15
7.5
15.3333333333333
129.125
6.75
16
245.116279069767
130
15
5
157.428571428571
8.5
102
18
4.625
86.4305555555556
128.666666666667
6.56
21
574.833333333333
121.410256410256
139.583333333333
72
371
12
12.3571428571429
20
177
10
14
19
7
28
87.3414634146341
4.66666666666667
27.5757575757576
18
7
9.5
448.5
14
43
314.615384615385
2.5
38711.5
38
1838.95833333333
92.6666666666667
5470
2
11
14
21
280
651.642857142857
149.852941176471
180.666666666667
105.2
1059
37.5
5555.14285714286
6.30555555555556
108
68
40
18.2307692307692
107
95.9032258064516
7
41.8
4
214.454545454545
24
11.5
16
289
38.6666666666667
15
1
257.055555555556
4.5
86.1176470588235
164.577319587629
15.3333333333333
55.6666666666667
98.3333333333333
9
13
17.5
149
6.5
17.0666666666667
8
548
40.2857142857143
28
992.176470588235
448.168674698795
85
155
16.5714285714286
129.5
12
64
33
146.5
152.5
313.375
30.6666666666667
3
10.3354037267081
50
5
9
13
36
39.6666666666667
120
958.153846153846
62
103.1875
241
67.5
782.386363636364
20.8571428571429
1
484.5
51.5
109.578947368421
47.8571428571429
114.086956521739
65.8666666666667
53.5
5.5
177.4
15.5
26.5217391304348
158.5
310.666666666667
33
4
35.4018264840183
93
348.763713080169
51.75
32.1923076923077
16
384.848739495798
7
12.5714285714286
17.1428571428571
10.4
61.1666666666667
46.2
0.666666666666667
129.333333333333
25.3333333333333
81.5
24.3333333333333
7.5
486.461538461538
217.285714285714
208
4.5
473.235294117647
83.8
13
65
11
88.6153846153846
354
71.0434782608696
43.7333333333333
139.75
277
70
55.1413612565445
11.5
895.379310344828
66
11
11.75
34.8125
177.333333333333
565
4243
27.25
12
66.95
4.06666666666667
80.6363636363636
271.878378378378
1740.33333333333
419.285714285714
44.2142857142857
11
14.3653846153846
32
103
36.3571428571429
348
124.925925925926
153.2
7
188
53
27
30.1333333333333
97.3333333333333
37
36.5
2
29.4285714285714
2006.4
9
5.5
208.25
95.2279635258359
20
74
415
41
8.66666666666667
11.3333333333333
46.3333333333333
79
10.5
18
8
86.25
113.666666666667
42
88.8
457
29
2.5
19
28
460
0
287.5
9
9.18181818181818
174.083333333333
97.2608695652174
17.6666666666667
87.9
259
126.941176470588
38.75
51.5
2903
5
99
77356
49
19
15
168.525
11.6666666666667
7.66666666666667
139.6
639.241379310345
74.0769230769231
19
28
21.5
11
190
126.5
3.42857142857143
162.869565217391
35
312.75
587.192307692308
29
51
137.5
72.1666666666667
4.625
61
319
3
190
29
266
16
106.555555555556
23.3333333333333
132
131.111111111111
31.2857142857143
6.5
16
207.892857142857
9
8
0
714.733333333333
251.2
16
13
242.6
73.5555555555556
291.143518518519
36.3333333333333
89.5
4
50
765
9
3975.8358974359
502
7.65
21
1
118
69
364
6
98.1333333333333
6
39.3333333333333
49.5
92.7777777777778
64.875
456
1
77.75
72.5
121
4
104
103.6
72
3231.5
74.6153846153846
22
104
5
4
11
44.5416666666667
128.906976744186
8.83333333333333
17.75
24
791
33
13.5
2.5
57.5
437.6
155.5
12
66.5
6
75.8536585365854
11.5555555555556
103.897058823529
13
55
238.142857142857
4
201.231578947368
8.33333333333333
105
910.3
210.5
82.9090909090909
118.333333333333
42.3333333333333
1271.66666666667
182.782442748092
3
152
102
19
33.5
192.285714285714
20.2121212121212
99.0833333333333
5
57
4.45714285714286
85.7671232876712
24
12.3333333333333
8
24.25
1
57.146511627907
49
6.33333333333333
7
141.5
3.5
2
16
20.1428571428571
103.05
323.416666666667
117
21
4
12
144
74
68.8111111111111
218
182.176470588235
44.5583333333333
118
14
7
1
8
7
233
220
349
255
21
2
442.41935483871
34
73.3333333333333
13
57
980.666666666667
5.6
15
5
8
6.5
5
106.333333333333
7
133.4
699.666666666667
5.375
716
7.66666666666667
2.2
501.396825396825
56
99.75
7.66153846153846
27
485.714285714286
7.63636363636364
78
141.75
7
22.3333333333333
176.222222222222
46
116.846153846154
30
27
445
7
40
2507.15909090909
25.4375
10
27.3333333333333
9
19
185
27
212
352.6
10
1.5
8
198.8
43
62.1304347826087
15
12
7.6
15.4166666666667
19
214
3
6
8
176.651851851852
151
75.6666666666667
15.6666666666667
16
39.8333333333333
50
25.5
102.761904761905
107.333333333333
207.411764705882
2
40.6
70.6666666666667
5
44
13
149.6
7.75
23
596.13698630137
67.5
45
41
22.24
5
77.6666666666667
2.25
238.15
11
16
67
126.470588235294
83.3333333333333
7
54.375
36.825
1575.61538461538
24.75
185.4
138.142857142857
86.8
138.625
452.322580645161
243.552631578947
1190.7358490566
5
127
3
11
96
14.6923076923077
24
6
264.472222222222
178
33.2222222222222
47
43.3826086956522
8
29.5
37
162.294117647059
32.4375
102.653846153846
15
9
372.333333333333
20
25.2608695652174
89.6666666666667
12
14
1
334.666666666667
173
12
13
22
6
26.2826086956522
4
59.2857142857143
1
501.5
649.35
325.142857142857
118
7
222.8
5
37
23
15.0526315789474
27.5
123
19
14.25
103
582.1
232.444444444444
539.90625
21.6666666666667
105.75
245.085889570552
36.6666666666667
12
21.5
20
71
836
660
85.6666666666667
19.9090909090909
3
114.166666666667
4652
431.612903225806
44.6666666666667
32
100.5
17
58
24
24
196.25
4
91.3333333333333
15
81.4976744186046
14.75
52
165.555555555556
5
33
23
26
61
90
65.6129032258064
115
1521.66666666667
114.2
2325
16
22
3
278
193
6
20
2811.82142857143
7.5
3.66666666666667
448
288.171003717472
233.166666666667
32.3333333333333
30.3
77
283.5
19.5
25.2
260
283.8
68
4.33333333333333
21.2857142857143
17
97.75
29.4
172.142857142857
8
292.063829787234
480.153846153846
2
17
164.2
10
5
7
12
8.33333333333333
67.3333333333333
301.5
78.75
19
9
31.4285714285714
139
36
5.5
24
99.5
70.5
20
276.571428571429
122.5
32
8.625
28
238
136.533333333333
9
44.5
363
64.0769230769231
92
5777.53333333333
4
8
18
12.5
57
63.5
8
177
169
55
146.666666666667
21.5
14.3333333333333
136.714285714286
14.4
130.461538461538
266.4
8
18
60
18.6
113
8
65
236.666666666667
1453.2
219.833333333333
20
5
47
147.75
61
89
13
17
0
177
39
324.2
229
11.5
93
31
421
39.3333333333333
1
220.571428571429
38
24.75
159.5
76.9090909090909
839.2
69
45
4
102.8
44.8571428571429
19
456
11
7.5
29
533
25
79.8571428571429
7
12923.5
35.875
44
227.206896551724
1
15.5
4
108.333333333333
95
21.7142857142857
355.838709677419
25
22
10
9
211.899581589958
49
76.4
12.2166666666667
56.6
92.16
31.5
717.48
6
16
65.25
103.166666666667
301.555555555556
104
246.666666666667
295.816091954023
21
230.5
55.5
10.4909090909091
11
772
58.3333333333333
14.4
23
84
5
909
113.5
66.1489361702128
12.6
10
0
118.5
1
0
124.75
33.5227272727273
701.52380952381
1376
6
693.166666666667
16
24
769.75
17.7857142857143
55.9411764705882
16
9
75.3333333333333
115.48
11
44.9411764705882
16
1601
278.5
39
46.8333333333333
4.8
55
14
49
130
7
10
12
17.6666666666667
6.90909090909091
85.4444444444444
5.66666666666667
52
102
109.5
89.4545454545455
146.2
49
64
5.625
276
543.430769230769
61.25
5
79
16
487.4
142.666666666667
210
18
28
42
10.8333333333333
4
8.6
46
66.7142857142857
6
11.5
9.75
6
78
37
11.1666666666667
11.5
4
11
9.5
4
60.7
3
24
4312.05555555556
13
0.5
116.5
10.5
110.333333333333
46
57.17125382263
141.666666666667
239.716510903427
15.6666666666667
8
62.5
78
177
10
11
104
110
132.666666666667
157
129
81
3
19
148
14.3333333333333
296.326530612245
45
4
0
388.5
45
18
23
165.710191082803
21
120
5
574.5
167
3
92.6666666666667
10
107.2
110
16231.5
13.5
12.5
2.33333333333333
354.333333333333
87.6666666666667
58
18
170.25
445.5
13.6
32
84.6428571428571
2
41
174
157
79
14
105.666666666667
24
290
47
11
14
21
8
7
1
138
197.166666666667
59.6
61
11
41
7
78.5238095238095
69.1538461538462
24
204.2
22
198
131.888888888889
122.214285714286
15
1
49
93
56
24
22
99.5
176.888888888889
25.3333333333333
9.66666666666667
43.2380952380952
51
111
8
23
7
13
10.6666666666667
26
7.75
260
30
22
7.5
13.3333333333333
8.5
10
167.375
281.75
168.75
7.33333333333333
13.6666666666667
10
161.285714285714
114.666666666667
9
6
33.3333333333333
7
14
27
7
25
92.5
98.5
173.111111111111
17
4.38888888888889
108
9
4.6
220.444444444444
214.727272727273
11
7858
30
5
5
9.83333333333333
80.75
21
335
1
8.70701754385965
31.3333333333333
111.076923076923
121.5
3.6
200.971014492754
70.4444444444444
52.3214285714286
534.72
11.5
21.6666666666667
1
9
105
15
123
734.5
10
68
104.5
56.5
561.25
162
75.3333333333333
7
14.3333333333333
25
3288.25
9
238.75
25.5
88.3333333333333
399.894736842105
32.2727272727273
3
11.3333333333333
120.666666666667
13
225.446601941748
9
318.5
6
7
66
6
70.8
3
42.6363636363636
134.333333333333
6.66666666666667
43.0122950819672
10
213.5
5
163
19
40
5
10.75
32.3333333333333
18.5
21
27
8
84
22102.8571428571
135.285714285714
12.4285714285714
40
41.3333333333333
7.25
30
25
17
155
7
1
16
22
15
35.6666666666667
1
9
2
11.75
197.8
1478.59649122807
32.8571428571429
129.333333333333
40
7.5
5
4.25
17
11
62
724
50.8571428571429
5.5
1
6.5
4
93.75
1
416.142857142857
988
112.906976744186
95.5714285714286
2329.5
64
71.9102564102564
196.444444444444
52
4
3
525.333333333333
71.7894736842105
13
11.5
7203
19
6
25
207.666666666667
27
28
140
21.9
183.333333333333
170.5
7.5
83.5
608
18
29
44
13
3465
8.75
57
11
3
72
655
471.941747572816
2
61
205
203.068965517241
17
15
5
7
5
8
142
25.5
10
2
10
39
9
3488.33333333333
34.25
20
2
215.6
219
19
1050.66666666667
129
172.529411764706
86.2941176470588
93.8461538461538
9
22
8
9.33333333333333
204
24.7368421052632
127.8
15
18.5
10
393.333333333333
3
16
49
12.3333333333333
32.3333333333333
7.34707267833109
19
2
32.6666666666667
13
252.285714285714
12
3.33333333333333
55
284.588235294118
95
44
127.285714285714
15
7.25
860.625
82
2.5
85.6
1
1034.16666666667
4.75
89
268
3
13
28
5
1158.25
5
3
99
56
26
6.66666666666667
108
19
14
70.3
27
567
68
8
52
17
9
14.2222222222222
84
4
22
4
248
295.5
200.4
401
5.5
40.25
7
8
27.1754385964912
253.5
33
203.022900763359
4
21.5
10
5470
10
125
86.75
17.25
526
0
138.714285714286
9.21428571428571
10
17
42.27
2.5
172
16
1601
128
57
52.6666666666667
83.8333333333333
1895
3.5
6
8
49.25
6
0
15
92.625
76.8888888888889
6
178.666666666667
47.96875
44.5
8
1610
374.333333333333
8
130
38
153.666666666667
20.75
33.125
35.7142857142857
291
2924.38461538462
161.333333333333
32.25
7.5
28.1818181818182
106.666666666667
19
335
4
40
75
12
362.7
8
267.35864978903
98.8
520.8
73
8.5
116
106.5
27
131
15.5555555555556
13
11.7272727272727
34
285.636363636364
25.5
11
37.6666666666667
5.34604105571847
213.666666666667
60.5
9
10.4444444444444
2
260.289156626506
179
176
477
7
14.2790697674419
67
10.8571428571429
15.3333333333333
384.166666666667
61.75
593.94495412844
10
17.2
6.3135593220339
8
322
5
23
104.5
6.6
33
9
18.4
836
26.3333333333333
4
15.1111111111111
142
25
88.1702127659574
24
19.5
24
209
37.3888888888889
10
2711.5
188.8
87
90.7424242424242
999
757.428571428571
63.6
49
155.7
17
46
5
6.8
13.5
564.111111111111
26.5
15
16.4
7
102
16.5
6.75
20
423.991304347826
12
51.1503496503497
45.7
10
13
6.66666666666667
5.66666666666667
12
13
3
4
2
9
463.904761904762
25
15
92.5757575757576
9
17.5
912.428571428571
185
7
151
9
5.75
0
61
6
19
90
74
18
10.4
10
35
11
19
36
6
26.75
42
1158.25
904
42.25
5
58
11.3506493506494
58
12
12.2
45.3333333333333
23.375
17
2
55
41.3333333333333
49.5
14
6
118
5
21
17
7452
24.5
6.33333333333333
38.5
136.705882352941
798.5
13
44
2
17
187.8
28
85
21
1415
78.6666666666667
14
6
26
111.5
11.9
6
68.5
354.666666666667
8830.88888888889
6837
4
14
18
5.5
441
194.666666666667
0
12
6.46153846153846
6
5
54
3
15
102.7
13.5
30
9
35.5
5624
20.5
16
107
14
57
7
95.3333333333333
22
185
133
10
1895
157.5
99.5
7
243.777777777778
26.3333333333333
3693
79
13.6666666666667
21
263
14
4
8
151.06976744186
37.4854771784232
176
7
10
1
55
25
1
9.5
5
22
41.8095238095238
774.222222222222
263
280
186.5
22.5
81
14
2983
2.5
106.774647887324
124.5
6.55172413793103
20.75
53
77
194.592592592593
24.5
62.3
110
8.65217391304348
1
16.5
4
4
4
11
12
7
3.5
58.6666666666667
32.25
76.6666666666667
182.774774774775
15
755
595
11
29.2222222222222
4
17
44
1030.5
18
10.6666666666667
130.714285714286
11
70.6666666666667
12
263.669603524229
15
18.5
61
133
109
5
0
514
48.5
7166.8
141
19
17.6666666666667
1342.33333333333
11
773.333333333333
14.1666666666667
6
532.333333333333
36
14
5
126.153846153846
9.625
7
436
3
85
1154.66666666667
6
110
4
393.285714285714
1
56.6666666666667
24
22
283
103
55
1
3
10
119.666666666667
286
0
173
11
13
17
624
82
9
32.7142857142857
32
38
118.5
1257
24.25
2589
12
97.75
11
24
288
17
22
3.8
2
38
255.495207667732
4
177.666666666667
174
41
69.6666666666667
5.2
1
20
9
75
30.1666666666667
2
111
120
13
12
96.5
26
19
84.0909090909091
14
71
8
8.46078431372549
71
89
23
130
43
169.666666666667
8.3134328358209
0
151.6
43
15.1363636363636
23.5
6
6
11
73
14
830.5
77
44.6388888888889
252.9
82
42
12.6666666666667
27
31
44
9
143
50
12
19
20
100
11
7
71.3333333333333
14
42
7.5
74
143
11
71.3333333333333
110
5.5
50
108
86.4
11.1209677419355
10.5
20
119
10
9
41
10
15
111
92
3
16.2456140350877
7
13
612.574257425743
63.25
594.8
586.458333333333
2.69230769230769
83.375
6
13
772
456
141
105
54.2
15
15
22
14
11
94
8
12
13
9
18
7.74018126888217
159
18
155
29.75
8.75
7
55
37
1
39
109.428571428571
33.6666666666667
17
31
3
187.116222760291
8
173.222222222222
514
83.5714285714286
6.25
1963.18181818182
21
41.2916666666667
200.75
3
691.016666666667
336
1
12
5
1132.21052631579
23.6666666666667
15.5
2
8.5
288
2
7
5
18.0540540540541
18.5
9
181
644
44.6666666666667
73
115.6
11.25
13
5
10
10
4
7
43
289.370629370629
190.333333333333
14.5
14.5714285714286
136.5
6.75
104
13.75
59.1
53.3333333333333
5994.07692307692
11.1576354679803
9.33333333333333
8
8.57142857142857
15
188.666666666667
9
1422.5
23
244.666666666667
4
275.5
66.2777777777778
47.7777777777778
12
94
32
78
5
13
10.9029982363316
8.47619047619048
1791.5
5
74
10
127
8.5
154.5
7
9.5
7
516
152.5
43
8
10
7
58.6276276276276
33
209
55
4.7
11
27
57.5
239
382
2
13
8
194
17.5
113.5
11
8
111
111.2
8.72727272727273
68
1
4
571.5
269.148571428571
7
2
326.138888888889
238.333333333333
438
64
9
12
59.5652173913044
0
4
8
11
156.8
34.530612244898
8
9
29.6666666666667
56
6
103.333333333333
18
5
39
9
31
13
14
6.75
180
3.5
2401
46.9393939393939
12.75
50
39
110
377
7.05240174672489
90.6
1883
11
30
474
134.2
15
4
44.5
171
8.33333333333333
16
135.6
173.333333333333
12
0.5
154.411764705882
14.6666666666667
41
7
56.5
192
86.4285714285714
1.33333333333333
77
7
152
229
8
88
134
83
61
4
69.25
8
212
17
14
13
71.5
23.6666666666667
31
9
492
9.5
6
6
15.5
21
6.5
12
1271.81818181818
3
13
30
330.154639175258
15.5
3.5
2983.5
111
37.3333333333333
337.333333333333
40
38.5
30
10
7
6
5
261.333333333333
7
20
544
213.4
235
89
74
308
145
9.5
0
19.75
4
784
29
403.5
2
311.2
13
11
9
0
22
133
21
5.66666666666667
64
18
24
18
3
22
23
11
9
14
9
127.666666666667
8
103
7452
35
261
10
121
370.925925925926
25
16.0666666666667
13
8
3
28.5
257.93137254902
76
39
48
133.75
26.5
17
11
78.6666666666667
427
55
222.5
5
7.6
34.2
0
5
188
6
10.5
63
7
63
8.5
211.25
20.6666666666667
4.5
27
4
420.142857142857
19
18
3
5
18
59.25
69.5416666666667
248
6
9
930.666666666667
2
4
127.75
38.2
10
28
9.6
648.142857142857
194.2
62
417.607142857143
4
25
100.6
40
10
19
262
16
50
13
24
115
25
13
108.666666666667
8
675.666666666667
272
123.875
86.6666666666667
32
6
4.66666666666667
117.666666666667
7
9
11
31
11
35
8
1
76.4444444444444
3
15
135.5
8
57
54
10
168.8
139
16
32
5
33
5
24.25
8
308
281.666666666667
13
15
32
17
86
35.6666666666667
17
7
8
584
80.5
11
51.5
11.5
4
619
116.5
0
14
431.666666666667
7
18
9
149.948051948052
13
6
338
698
18.5
8
24
13
1360
6
13
17
3.5
28
30
19
83
9
616
45
15
9.11764705882353
5
198.833333333333
136
8
376.857142857143
8
76.2
55
81.5714285714286
6
77.8333333333333
127
40
16
107.666666666667
7.33333333333333
11
9
77356
72.5
101
63.6428571428571
71.2857142857143
135.666666666667
54
8.5
7
26
124
12
35
9.5
3
5.66666666666667
6
24
16
67.3333333333333
4
46
62.1935483870968
152
7
78.5681818181818
128.909638554217
343.333333333333
81
246.2
10
23
46.5
3
100
45
17
2546
21
10
47
25
16
44
31
41
140
8.288
247.5
55.5
9
6
71.6666666666667
0
37
54
21.375
106.666666666667
6
142.5
223.428571428571
14
66
187.532258064516
633.096774193548
7
22
13
1743
8.4
3
7
9
643
19.3333333333333
3
58.8958333333333
25
220
50
18
30
6
6
171.666666666667
47.1666666666667
9.5
7.66666666666667
2
14
125
15
81.5
48.3333333333333
96
61
4.25
8
229
447
134.5
62
155
727
187
74.5
5
63.4285714285714
10
149
2033
10
16
22
16.3333333333333
4
7
14.7142857142857
212
22
21
49
23
13
5
15
30
67
4
34.5
8
194.875
20
5
6.5
3
115
167.221135029354
12
594.6
6.44444444444444
24.3333333333333
58.3823529411765
14
243.714285714286
96.6666666666667
38
138.086956521739
43
16
183
9
59.75
47
23
379.6875
107.75
152
24
1.93333333333333
2.5
1.5
11
118
10.6666666666667
11.3846153846154
185
6.2
4
6
24.6666666666667
4.5
27.75
29
19
17
436.7
4
9
12
45
506.586206896552
450.631578947368
75.6666666666667
7.33333333333333
885
68.8
9
5
127.134095634096
106.189680499449
32
130
8
146.714285714286
67
117
6
114
1103.77049180328
8
9
7
23
11
102.428571428571
54.5
5
19
95
23
613
12
948.173913043478
15
17
3
6
55.2307692307692
58
14.5
21
89.5
6
245
14
15
122.753086419753
209.5
16
3
10
3
22
9
409.357142857143
6
50
102
97
39
19
0
13
47
86.5
8
16
31
8
19
19
22
180
48
230.666666666667
106.5
7
11
77
57
34
5
228.49494949495
24
62
26
87.1574803149606
9.5
61.5
15
80
229.8
2973.53065539112
61
209
25
29.25
235.05
31.5
279
22
6
23
23.5
650.76
120
77
40
142
43.5
328.75
0
33
638.2
98
14
17
550.521008403361
71
22
6.5
88
65
19
1
38
116
0
130.5
31.5
896
10
37
35
47
32
119
51
185.75
119
37
9
20.8571428571429
107
47
45
50
123.666666666667
21.5
1055
74
71.5
10
9
12
48.8
11
80
329
80.5
63
143.25
6
9.42857142857143
119.666666666667
18.1111111111111
23
9
28
27
383
182.571428571429
13
63
41
3
14
52.5
32.75
9
415.210526315789
54
10
87
27.5
2
235.5
5.66666666666667
17
200
77356
299.036036036036
3
50
29
17.3333333333333
60
104
475.333333333333
29.3333333333333
40.5
8
159
20
784
104.5
15
9
1715
3.75
240
112
8
21
4
552.22602739726
7
120
22
68
20.7142857142857
29
17
19
11.6666666666667
3.33333333333333
165
8
11.75
22
30
33
12
14
9
224
104.5
5
1314.66666666667
409
44
7
15
6
444.010582010582
3
7.5
72
4
32
3
14
90
3
240
11
104
3
32
10.6666666666667
22
2
22.5
14
44
12
57.5
51
2589
20.5
458.0625
13
10
21
30.3333333333333
1
96.3333333333333
39.1428571428571
13
13
14
6
92
2
74.6666666666667
8
1
22
8
4
10
9
81
1
8
5
23
9
45.5
10.6666666666667
30.6666666666667
5
283.086956521739
56
36
253
153.5
748.333333333333
85.6
209
3
3
193
8.5
82
6.8
82
91.6
88.5
0
61.5
12
67
2936
5
13.5
62
81
321.285714285714
140.5
23
9
32
18.3333333333333
135.290322580645
24
85
126
189.785714285714
118.213793103448
48.6666666666667
1
81
6
25
14
73.3333333333333
7
109.8125
0
16
70
2
11
9.40740740740741
10
3
15
39
29
12.1666666666667
50.4054054054054
9
206
96
176
7
1
194
169.5
26
291
32
4
90
6
17.5
8.41666666666667
167
9
6
8
1
36
1417
12
255
81
39
30
5
1
219.923076923077
18
15.5
2
4
76
193
13
14
238.25
2
11
290.442105263158
23
4
284
19
5
20.6666666666667
107
8
3085
7.5
240
110
4.66666666666667
232.571428571429
138
38
14.5
25
261.75
23.5333333333333
41.5
67
11
5
29
24.625
792
10.6666666666667
137
17
60.5
34
12
20
35
232
712
130.333333333333
13
9
5
16.5
78
555.5
183
13
95
79
3
4
6
13.5
19
17
3.375
4
7
19
154
26
1
27.8333333333333
26
86
120.5
66.1428571428571
58
11
9
16
47
56.75
10
4
2
5
32
17
15.9535928143713
72
54.4285714285714
274
10
6.75
23
40.5
683.575757575758
10
19
13
7
10
15
100.333333333333
160
6
26
66
17.2072072072072
2
172
709
5
16.6
58
6
3
12
24.3636363636364
12
807.2
99
16
42
335.896698615548
116.5
32
28
14
49.5
17.5
28
199
32
17
236
9
29
26
548
622.7
19.5
10.5
406
36
18.3333333333333
16.5
16
116.641860465116
4
41.6666666666667
9
209
61
14
355.5
4
64.3333333333333
14
54
6
81
28
199.25
17
12
1
21.5833333333333
18
111
71.3333333333333
16
25.5
217.833333333333
177
53
67.6666666666667
71.1666666666667
4.96470588235294
12
11
138.166666666667
206.5
6
59.5
9.5
20
784.5
74
89
9
22
9
10
56
632.333333333333
5
3
126.333333333333
204
23
70.5
372.25
41.8
94
3
10.3333333333333
15
9
1
11.3333333333333
50
67.25
7.5
22.5
136
5
110
185
14
145
7
79.8
16.75
754.333333333333
11
71
124
0
118
940.4
20
41
6
27.1666666666667
23
425.75
11
69
0
5
273
7
5
12.6666666666667
215
28.5
112
42
4
8
87.5
48
7
40
18
15
19.3333333333333
17
21
89
410
184
10.3333333333333
89
9
18
10
13.6666666666667
32
68.0862068965517
84
5
1065.5
9
57.3465346534653
1065.5
47
3.66666666666667
5
8
135
105.333333333333
28
1001.35294117647
25
187.285714285714
101.75
16
648.5
12.6666666666667
160
32
140.722222222222
2210.2
4
5.5
16
22
72
6
7
12
23.5
160.722222222222
168
281
29.5
874
536.35632183908
7
15
159
328
117.185185185185
827.5
11
125
11
307.333333333333
650.526666666667
4
109.961165048544
12
3
6.23076923076923
85.0909090909091
185.666666666667
9
342.333333333333
256.666666666667
5.6969696969697
18
33.5
13
76
18
31
17
66
9
143.222222222222
54.5
2
151
115
123.666666666667
7
27.2128279883382
35
7
293
4
31
13
2
1018.33333333333
7
15
32.8
412.938461538462
107
19
10
11
41
5
2
93.1764705882353
16
25
214
87
44.5
40
203.348066298343
15
77
16
9
135.708333333333
20
3
367
49.7391304347826
101
45.2222222222222
3239.96
97
27
23
1798
4
72.1531531531532
485.25
3
98
283
119
75
43
3630
2.5
6
23
1
9.5
455.904761904762
21
7
3
353.5
156
5
81
35582
7
186.666666666667
4
486.461538461538
7
152
28
8
105
105
18.1428571428571
4
51
253
131
80
15
1601
16
955.388005780347
137
55
79.3333333333333
19
4
1.33333333333333
350
26
206.450130095403
44
23.5
12
2
41
318.926315789474
24
17
5
61.5
6
264.333333333333
22
87
45.6666666666667
41.5
54.8
95
74
5.5
7
36.5
11
56.5
93.5
331.714285714286
32
418
133
178
12
170.75
77
56
558.746666666667
61.6709401709402
1458
910.666666666667
13
32
345.510638297872
101.333333333333
16
9
10
11
24
69
1895
7
0.5
21
35
19.5
17
3
11
697.813333333333
10
7.2
50.75
139
57
493.875
344
5
21
9
15
13
6
98
1
128
95.5
6
223.5
1144.81818181818
55
115
34
206
42
45
6.5
317.028571428571
76
26
19.8
5
6.84183673469388
2
78
13
30.6333333333333
13
35
9
14
16.25
40
4
5
16
105.428571428571
27
16
89
3
87
207
3
36.6666666666667
35582
23.5
6
13
78
3
38
6
18
8
595.4
33.928
104
11
8.66666666666667
80
3
10.5
11
574.25
32
92.5
5
336.5
90
105.8
0
7.28571428571429
1411.98979591837
11
5
477.142857142857
15.6666666666667
57
299
180.153846153846
45.8
221
4
10
423.757009345794
7
12
56.75
9
20
1
10
5.5
81
178
0
146
300
29.5
7
2.75
20
13
128
6
1
24
42.3221476510067
30.2
25
16
4
15.5
6
47
84
687
18
66.0294117647059
13
78
11
12
4
143
6
19.75
53
13
16
88.843137254902
35
9
18.2666666666667
66.7142857142857
5
52
5
322.666666666667
12
16
44
41.6666666666667
50
72
182
12
2
11
793
5
98
2
1
118
17
1323.83333333333
14
110
0
30
3
11
14.5
23
14
47
16
5
10.4
15
12
608
58
57.25
193.857142857143
7.5
8
118
42
16
35582
5470
133
6
41
486
12
138
6
15.5
23.5
88.2857142857143
8.5
72
64.5
150.8
166.546391752577
45.5
123.688888888889
489
1
31.6
8.33333333333333
873
20.8
17.5
49
69
17
40.5
666
104
17
129
5
141.875912408759
14
5
51
3
113
38
33
107
25
1
24
6
10
45.1281929990539
7
36
8
7
286
15
287
12
58
12
15
1259
1548
14.5
31
60
319
1620
6.5
6.33333333333333
22
34.5
11
3
1042.41666666667
27
2
74
61
1
29.7407407407407
102
4
121
7
5
25
108
6
15
7.25
134.428571428571
77.75
35.25
9
369.333333333333
6
18
14
5
16.5714285714286
428
378
86
47
7
48
32.3333333333333
43
2
4
57
3
18
146
38.6426056338028
1269.54218106996
1280
417.827118644068
20
43
28
26
66.8
47
82
3
12.0526315789474
32
12
6
8
23.6666666666667
6
22.75
2
4
9
33
77356
10
36
153
72
12
0
1.75
8
4856.5
67
2
9
0
63.8109827557341
18
7
12.9866785079929
26
117.25
909.5
29
8
14
273.833333333333
143.666666666667
54.5
6
61
209
5
167
60.25
10.3333333333333
4
207
16.5
86.5
20
38
175
93
13
0
77
159
8
311
1
1
14.3333333333333
102.206349206349
26
25
219.90990990991
276
29
39
10
7.5
4
37.5
69
94.7692307692308
3.5
43
290
14
14
335
66
10
27
3
119
17.5
78
18.5
18
9.33333333333333
14
18
8.5
494
3.19672131147541
18
365.285714285714
5.66666666666667
8
34.8
23.5
3
247
255.333333333333
30
22
123.25
16.5
25
166
7
108
5193.66666666667
129.5
4
4
103
75
3
16
17
32.5
10
6
2
5
14
10.5
16
5.66666666666667
38
51.6896551724138
7.59259259259259
19
32
52
30
0
3
3.8
95.25
6
0
260.5
10
15
22
19
301.142857142857
10
11
145
5
26.5
16
12.5
83
110
28.5
118
5.5
20.5
6.33333333333333
1601
0
7
7
55.8625730994152
11
234
84
1109
283.272727272727
177
96.5
372.5
22
147
39
2
100.333333333333
53.3333333333333
28.5
20
36.5
29.3333333333333
8
7.66666666666667
79.5
3
71
7.5
16.5
41
8
17
10
13
15
8
1599.1
68
5
16
16
0
2
0
7
6
10
6
10
12
6
43
242.5
572.578947368421
19
117
1095
147
7
7
0
2
40
8
126
30
51
3
40
172
1
19
12
36.2
36
18
140.410256410256
5
116.327272727273
28
7
122.5
133
60
104
338
9
9
474.72
134
5
14
66
68.5
24
7.8436873747495
7.66666666666667
7.5
25
97.3649635036496
0
21
2
52
9
216.5
140.5
25
6
566
68.5
11.2
475.925925925926
20
140.333333333333
608
8
103.12
10
27
34.3333333333333
105
11
4
152
784
4
73
266
207
7
2
8.33333333333333
23
30
34
60
1016
33.5
111
110.614678899083
16
4
7
11
26
60
97.1
179
12
5
27
25
7
43
32
27.3333333333333
120
127
39
6
5
16.2222222222222
55
72
489
83
22
15
320.5
5
170.333333333333
16
61
637.75
7
9
25
3921.8
35
20.25
183.333333333333
42
11.6666666666667
3.5
9
179.8
6
57
17.5
10
12
8
12
68
36
23
1
43
26
10
17
155.5
203.274336283186
111
4
1
12.3333333333333
4
26
886
2
18
13
12
63
8
54.5
7
15
33.5
10
35
747
36
62
8.5
18
7
434
10
3
47
27
4.20881542699725
8
21
11
7
71
139
52
25
485
486
15.5
64
1
10
26
7
4
7
172
83
30.4692001225866
329
8
25
2
9.68856447688565
7
1
154.333333333333
22
150.333333333333
3465
5
300.777777777778
9
122.84
10
95
12
13.3333333333333
115
161.5
10
2
2.33333333333333
23
41
12
14
6
4
7.28571428571429
440
6
2
147
284
8
31
57
15
296.5
99
96.6
2952.66666666667
117
25
10
19
11
63
93
160.5
115
0
15
19
8
164
5
8
61
838.333333333333
5
50.3684210526316
370
76.25
19.5
5
127
5
5
9
18
12
81
362.333333333333
4.33333333333333
3
19
11
87
36
4
95
7
90
6
5
420
23
17
29.5
1631.77777777778
6
12
12.5
199.590909090909
100
139
8
245
123.333333333333
16
3
226.333333333333
6
7.5
26
16
10
8
26
47
0
198
12
4194
8.5
8
9.66666666666667
23
2
9
2.66666666666667
172
409
8
70
58
18
7
29
0
4
73.875
2986
0
8
16
7
264.25
243
12
32.5
30
4
40775
1
2
26
977.814606741573
12
10
33
13
8
72.5
5
295.1875
2325
7
24
94.5
238.341463414634
9
11
1
7
68
71
6
41
17
84
2.4
11
6
124
78
33
2
32.7142857142857
10
15
13
74.6666666666667
27
12
2
17
388.5
15
4.5
24
41
3
8
9.5
1438
3737
165.5
772
7
289
185
59
54
38682
10
9
7
10
52.5
9
399.333333333333
747
10
100.076923076923
3
6
11
37
90
34
135.25
35
11
5
0
11
110
182.666666666667
126
1
21
0
10
8.8
10
35.4
8
45
110
11
49
13
518.5
682.5
166.5
2
16
158.25
70.5
141
246
128
12
7
33
275
16
15.6666666666667
11
227.8
130.673267326733
3
417
19
441.285714285714
9
51.4
65.5
11
15
36.5
26
1158
46
9
35.5
274
2380.5
27
20
2234.9375
9
11
54.5
103
21
11
32
511.571428571429
47
4.5
61
184
5
4.90697674418605
1203.5
6
5.84705882352941
0
10
422
81.3333333333333
18
40
26
17.5
52.5
10
8
3
119
7
6
6
40
4.5
197
20
35
117
1655
248.181818181818
6
498
4
8.5
19
11
15
159.25
160.481481481482
177
11
11
28.5
281
8
9
30
498
976.274324324324
130
275.5
36
109
43
7
68
26
117
33
15
17
27
514
10.3333333333333
9888
22
280
133
141.1
11.5
10
7
725.75
25
170
32.12
36
3
140.5
20
27
9
35
5
417
7
10
9
95
8
218.106312292359
38
305
69
6
5.65714285714286
63
28
2
31
51
22
5
21.3636363636364
279.701492537313
93
88
4
66
77
608
21
24.5
3648
70.5933333333333
20.8290322580645
234.5
256
7
1
22
64
9
20
80.2
57.5
3371.27272727273
36
13.75
278.350877192982
32.5
7
133
5
1
14
16
37
7
68.5
76
3
50
4
158
7858
21
10.5
135
7
189.089285714286
183
4
7
56
31
74
202.335435056747
74
47.5
7
11
290
25
2
220
89
20
301
6
9.6
30
3
211.25
105
2
9
3
12
11
3.33333333333333
7
3
32
199.690607734807
20
282
9
24
6
7
23
162.5
8
107
8
158
200.5
29
99.3333333333333
12
22
43.5
29
8
14
365
33
68
130.344262295082
6
13
151
6.33333333333333
11
109
356
934.230769230769
17.3333333333333
549.320962888666
4
253
26
8
122.590909090909
11
321.8
11
93
239.5
139.218181818182
9
188.333333333333
74.5
22
3
4
5
3
326.381818181818
9
104
27
44
138
59
197
0
10
202.870078740157
9
15
21
11
55
134
28
13
11.6666666666667
7
44
11
30
7
57
12.5
550
5
91
14
7
7
108
28
154.821428571429
184.222222222222
299
3
27.3333333333333
51
14
7
474
66
4
18
16
33.4545454545455
5
88.2023809523809
11
10
21
16
15
34
184
128.757307953773
10
23
6
329.3375
43.5
57.3788819875776
120.56678700361
42
43
7
4.5
74
3
48
47
56
10
47
28
252.428571428571
15
15
47
21
10
47
4
12
49
8
4
109
35
3
5
7858
135
3135
135
8
1055
16
11.5
43
10
56
38
20
2
4
25
195
14.5
12
2
144.5
69.5
15
387.51724137931
14
7
41
11.4701601164483
25
2.5
73
11
35
88.6016260162602
51
100
2
10
5.66666666666667
8
134.036231884058
11
4
2
2138
7
17
12
4
36
1
19
23
12
48
2
126
9
13
31.5
288
11
12
4
1
0
178
14
11
77.9
886
172
86.1428571428571
21
45
153
10
40
46
5
15
5.5
16
84.3333333333333
537.5
52.2840909090909
10
115
19
32.5
32
3
5
20.5
3
33.2
7
98
97.2857142857143
10
14
9
5
610.833333333333
0
17
21
286
10
56.5
16
26
127.5
580
1256
3
82
5
71
66
213.270042194093
12.6876155268022
4.5
2
148
3
9
110
26780.6666666667
4.30422535211268
90
5
43
60
5
838
16
8
529
52.5
74.6865671641791
84
6
231.333333333333
12
5
16
26
126
163.664179104478
312.666666666667
5.75
6
436.216346153846
5
147
6
6
19
8
10
3
3
77.2253886010363
15
7
29
51.75
4
3
59.5
7343
4
153
2
3
19
6
9
9.5
12
182
18
97.5
27.3333333333333
37
14
7
14
15.5
95
5
35
175.5
6
10
9
5
1610
98.8888888888889
426
12
66
51
23
3465
53
69.6666666666667
38.7284482758621
90.6666666666667
197.5
77356
51
46
4
0
38
51
3
29
61
9
123
15
12
8
189
118
6
10
47
138
0
144
130.333333333333
323
62
38.5
588.090909090909
11
898
84
109
8
328
39.6090909090909
22
10
119
11
6
13
8
92.5
101.6
62.6666666666667
3
82.5
699
6
141
54
87
13
766.487394957983
10
17
17
21
1672
12.25
33
17
22
107.333333333333
138
20
41
2.5
158.5
138
18
117.592592592593
253
19
11
0
10
33
7
1
10.5
141
25
36
14
3
66
21
7
17
4
27
11.078431372549
2
23
40
36
3
16
25
1216.875
85.8823529411765
41
35
3
97
52
56
11
23
20
9
11
16
4.66666666666667
28
0
7
11
6.5
107
25
11
5
32
5
7.83333333333333
5
32
6
68
20
3
18
520.75
27
11.5
126
11
10
199.333333333333
181
15
4
7
61.3333333333333
6
11
54
27
72.6666666666667
8
31
2
197
17
3
16.4285714285714
32
168.833992094862
1280
38
12
5
62
46
177
147
13
2694
12
138.2
135
7
11
237
387
10
146
74
6
10
37
190
37
4
318
28.5
10
106.5
162
91
1
58
56
25
10
187
239
27.8623853211009
112.5
100.75
37
323
109
92
7.5
28
1
62.1428571428571
334.333333333333
63
99
243.8
6
458.774834437086
293.333333333333
1
75
49
7
1
14.875
1
122.714285714286
0
3
10
125
14
6
4.5
4
235.555555555556
2
4.33333333333333
794
9
13
147
48
2075.66666666667
165.666666666667
412
57.0307487742043
427
3
11.5
1158
22
958.3
2
8
31
20.5
46
3
7
10.6242105263158
15
20
128
2
260
3
6
45
16.5
56
25
1
791
2
12
52
17
59
418
16
8
83
5
11.5
41
5
81
51
6
40
580.610169491525
11
16
21
166
3
9
27
183
29
149
16.5
98.4814814814815
62
5
14
137
1
142
11
6
57
72
35
18
7
19
9
65
41
85
8
83.5
46
7
12
7858
54
26.5
7
47
66
4
38
8
5
70
43
8
3
10
14
7
5
733.26953125
106.5
7
12
333
35
52
36
110.75
8
271.285714285714
64
69
13
0
12
77.2
15
11
8
1.25
117
10
84
12
4
12
8
44
0
10
10
6
37
27
44
29
9
13
425.115384615385
27.5
10
77356
75
324
64
4
12
11
14
2
5
698
233
58
7858
73
15
2691.66666666667
17
63.5
134
277
73
22
99
14.3333333333333
52
29.5
32.785046728972
69
13
35
7
28.5
9
130
4.5
58
17
18
26
0
48
73
20
15.3928571428571
21
2
83
79
4
8
8
21.3333333333333
3
19
68
80.5
5
19
9.44549356223176
7
44
44
520.5
37
28
4
512.666666666667
160
16.5
10
13
17
539.5
15
16
3
89
14
759.914893617021
2
106.5
2
32
179.850746268657
68
10
21
10
5
3
4
38
47
366.179166666667
113
9
26
45
198
192.333333333333
10
13
12
23.5
28
19
49
9
12
9
18
66.2307692307692
182.158536585366
177
4
301
18
7
388.5
18
14
41
15
9
18
2369
75.0645161290323
63
13
1
48.5
32
8
12
15
78.7867715078631
20
18
2
5
38
9.92592592592593
344.611111111111
807
29
30
50.2
46
194.929515418502
5
14
220.5
489.333333333333
4243
122.912280701754
1
1
71
4
236
139.265151515152
1672
3
9
84
72.5
22
5
11
536.608695652174
40
186.5
9
26
44
300
11.5
28
60.75
38
61
5
14
18
12
55
26
14
2.5
9
14
18
126
177
22
51
14
7
10.5
105
42
8
151
35
34
6.28571428571429
10
4
12
7
290
93
11
2
85.75
42
422
7
79
8
86
7
3
12
81
36
46
9
1368.66666666667
211
347
20
74
107
10
10
10.5
139
79.2857142857143
113
6
835
133
52
5.5
87.2403560830861
66
6.83333333333333
568.666666666667
73
25
362.5
32
1
8
51
77356
7.52941176470588
1355.67788461538
2
8
5003
4
10
37
5
14
9
55
6
6
118
3453.59347181009
102
4
29.5
10
19
57
107
13
6
584
9
28.6666666666667
4.5
0
165.6
2
0
13
33
7
2
140.5
17
5
14
10
3
41
86
9
35
227
303
24
19.5
193
6
13
21
365.5
11
48
725.28
29
13
10
5
426
141
167
13
12
6
14
284
73.6666666666667
316.5
9
83
6
77
55
14
15
147
8
66
121.52
6.33333333333333
32
90
9
86.2393162393162
17
23
0
10
25793.6666666667
68
13
36
10
17.5
250
10
61
15.3333333333333
18
55
3
135
24
46
8
11
9
28.3333333333333
173.246666666667
29
2
9
107.872727272727
47
228
154
50
36
5
77356
25
7
140
8
247
15.2018779342723
2
88
23
19
9
18
3
942
3
5
104
10
51.5
10
11
2085
254.111111111111
28
50
41.5
22
8
14
7452
28.6666666666667
27
185
32
72
7
116.666666666667
1300.9
36
363
126
4
15
15
11.5
4
5
105.5
12
41.2
149
22
106
7
256
42.2222222222222
66.5
42
159.478260869565
22.3333333333333
10
27
8
14
16
5
2
14
64.0961538461538
49
0
25
33
103
8
56
7
6
15
8
6
182.326530612245
0
1
8
7
41
8
4
6
5.5
64
3.5
7
3.66666666666667
6
74
9
53.7179487179487
6.5
47.8333333333333
149
31.5
103
2
3
322
1
87
98
6
45
10
5
4.25
121
89
22
3
91.3333333333333
9
2
145
336
10.2727272727273
31
7
54.3846153846154
2219.29411764706
106.861111111111
90
12
4
3
15
83
12.5
43
5
6
205
3
4
25
98
7452
0
36
25
3
7
3
198.666666666667
15
12.5
10
3
111
4
20
22
46
3
59
5
306.5
21
0
107
17
8
1
40
6
11
9
8
47.5
4
4
6
75.5
609.969696969697
12
556.5
48
7
24
38
7
13
42
6
4.5
32
6.66666666666667
25
29.297619047619
12.065
6
2
3.5
1
207
6
63
85
11
1038
15
13
1
8
30
0
145
8.30693069306931
55
17
8
175
22.3333333333333
7
11
3
101
27
4
41
6
177
5
39
32
195
46.984984984985
311
144
9.34883720930233
108
81.5
5
294.827586206897
39
109
6
30
4
22
3
61
7
338
8
42.5
10
76
9
13
51
178
4
1
1886
7
155.5
83
5
19.875
5
10
25
15
6
7
20
1161.46153846154
24.5
148.190476190476
39
12
65
97.3076923076923
95
36
79
27
469
3.1875
4
7
42
0
5.33333333333333
271
66
123
42
107
67
282
4
65
5
0
17.5
11
12
14
12
97
11.5
199.90243902439
16
136
1
182
7
9
9
7
7
16
58.5
13
0
35
69
14
5141
46.3333333333333
547.5
17.3333333333333
17
1
91.5357142857143
7
51
7
376.666666666667
14.5
81
7
59
4
4
4
10
53
16.5
5
13
8
63
10
10
9
51
66
56
20
8.88888888888889
13
44
9
31
35
20
18
3
2188.5
7
3
11
67
138.651537335286
34
2
26
24
120
22
16.5
18.8421052631579
35
433
11
9
72
3
13
275.615384615385
23
3.66666666666667
11.5
18
247
11.3333333333333
4
34
7
13
221
13
12
1586
14
8
32
37
1672
21
352
18
288
5
498
5
36
2
13
25
173
7
75
1721.03448275862
13
66
8
158
31
10
87
147
138
432
9
171
5
4
8
4
3
456
20
9
0
17
69
52
737
22
102.697705802969
34
47
11
663
3
0
92
15
125
46
2019
10
57.5
7
9.5
132.5
30
4
37
8
1
13
1
24
73
37
0
4
6
68
32.4838709677419
57
27
6
65
17
8
7
1
49
17
18
21
220.5
46.8181818181818
17
16
13
5
67
76
0
14
81
246.633663366337
96
4
56
331
71
12
14
56
8
17
17
12
69.0579710144928
40.1
65
191.5
137
24
12
7452
12
82.218487394958
95
262
51
260
2694
36
167
41
1
21.6666666666667
20
0
5
11
7
10
3
396.404761904762
9
11.5
1360
2
2
425.5
11
228.9
33
7
0
7
342
5
15
6
16
9
6
74
0
10
64
114
412.745098039216
146
7
10
7
21
10
7
19
13
126
22
40
6
144
307.566666666667
280
5
178.181818181818
24.5
9
635
71
1
288
6
6
15
7
44.5
6
874
12
505.44964028777
4
13.6666666666667
35
22
90
15
112
39.4
7
30
137
7
16
34
22
55
621
46
36
9
146
21
17.5
42
7
72
28
6.5
408.790909090909
1
84.1351351351351
12
8
84
0
58
5.37735849056604
4
15
25
204
12
7
6.95465393794749
109.333333333333
8
5
4
4
10
94.3333333333333
34
2
211
2
250.666666666667
78
14
9.5
8.25
28
22
14
8.66666666666667
7
7452
6
0
679
47.5
52
15
139
10
3
9
53
14
27
5
14
19
12.4
53
18
83
9
4
60
10
5
59
185
8
86
76
7
7
10
51
38.3333333333333
0
190
89.7829787234043
23
478
57
46
540
21
72
12
5
34
13.6640316205534
4
163
0
39
115
2050
10
10
6
31
11
1
8
113.55421686747
1
348
24
11
9
12
40
332.166666666667
19
58.4210526315789
10
126
6
5
26
511.771186440678
11
188
21
14
28
67
49
7
23
8
169
4.54287138584247
122.612244897959
162.75
2
26
35
108
30.5
9
79.2702702702703
14
25
1
31
84
43
51
2
220
14
32.6666666666667
4
8
12.5
4
84
4
48
31
11
284
6068
38
191
2
36.6851851851852
3
223
412.466666666667
15
89
8
113
108
0.5
2029.33333333333
11
3
97
696
526.462921348315
3
3.5
96.5
10
205.75
9
7784.40909090909
54.5
8
37.7142857142857
27
2428
29
21
9
71
119.75
69
16
231.5
26.9240963855422
8
17
79
18
12
47
34
14
37
350
122
186.638554216867
49
27
186
54
67
92.1258278145695
21
328.679245283019
18.5
469
59
15
5
27
296.484732824427
19
10
8
23
171.666666666667
9
9
387
2
4
4
15
13
61.6666666666667
166.333333333333
9
179
6
20
41
54
23
82
56
15
93.0251346499102
252.5
2
143.5
1386
6.81818181818182
4
11.5
81
4
15.8486486486486
456
10
29
3
137
4
128
32
12
60
185
836
5
42.7349397590361
22
434.5
5
11
0
25
130.333333333333
7
8
14.5
3
46
13
52
8
33.4583333333333
10
8
4.5
232.47619047619
665.029411764706
42
122
2
35
112
427.166666666667
6
4
4
3
16
20
126
11
35
48
577
15
5
9
717.090909090909
7
2
96.221776504298
41
4
10
6
4
13
126
23
2.5
46
19
7
5
25
24
452
46.7995594713656
89
4
15
92
22
11.5
124.4
498
2
20
6
326
92
13
5
10.0420466058764
69
10
68
10
4
46
140.5
10
10
15
7
117.522388059702
9
15
13
3
67
3
55
182.846153846154
23
7
6.44177583697234
92
22
140
14
182.597222222222
93
9.5
213.25
38
1411
8
16
32
32
14
71
9.5
6
56
5
10
9
33
10
365
8
1
5
108
86.9268292682927
11
0
156
13.5
8
99
25
970
151
240
32
70.0571428571429
908.666666666667
20
15.5
73
22
253
12
17
27
6
13
126.8
301
35
108
24
45.5
188
19
14
70
151
219
174.787234042553
36
32
147
77356
12
1
26
10
3
115
118
9
10
83
47
108
9
6.5
9.5
7
6
11
22
114
9
17
10
44
41
8
7
43
55
1974
8.5
697
19
240
75
7
36
134.5
11.5
35582
146
8
7
4
231
289
13
7
23
34
14
24
44
68
38
8
20
34
10.9375
62
11
77356
56
57
0
1
5
5
18
174
70
1
22
44.5
16.5
290.25
130
401.5
56
734
32
9.5
109.929032258065
179
3
186
18
34
5
76
7
77
20
3
25
8
90
18
10
886
195.098039215686
10
279
47
47
12.7497020262217
10
81
14.5
44
47
25
60
58
11
8
14
7
7
0
177
62.8
90.3333333333333
2
1458
14
32
8
3
1493
19
5
6
22
1411
72
12
28
7858
16
39
38.5
530
139
22
101
123
50
10
6
40
65
307
6
200.5
58
116.5
9.5
13
14
2
220
7
6
315
238
13623
514
12
9
63
155
26
33
309.962121212121
11
16
1814.5
6.2
10
107
40
7
53
38685
3
41
10
9
71
11
72
249
1515
28
21
46
16.5961538461538
46
28
1895
54
87
81
10.3333333333333
20
6
1
55
16
39
433
107
9
2084.75
6
238.96017699115
49
335
177
3
21
7
30.5436893203883
76
9
21.6666666666667
8
60
344.5
6
3
6
10
754
5
68
8
9
34.6666666666667
1886
5.5
60
55.3571428571429
30
12
19
3
76.0793103448276
10
96
5
15474
792.074036511156
20
11
24
59.5
274
82
4
24
71
85
7858
280
1
21
30
11
2721
147
22
41
103
70
1
2
44
9
11
10
14
24
27
50
65
142
68
120.5
25
10
77
7
7.5
13
70.2682926829268
128
9
6
6
120
166
1382
83
12
59
15
8
9
4.5
29
94
21
42.5
65
41
3
1158
1
10
4194
0
385.5
10
292.666666666667
27
103
44
20
1052
26
16
2
5
312
0
7
14
16
3
148
422
1
10
810
10.8
8
61
22
415.142857142857
282.841463414634
420
2
7
114
5
7
42
17
304
7
15
5
6
25
4
254
14
3
16
76
70
81.1304347826087
10
13
19
168
77356
6
19
11
7
51
15.3333333333333
85.5
5
42
8
176
93.2173913043478
106
6
13
8
9
25
10
3
2
516
16
133
0
169.5
76
7
62.5
21
10
303
7
6
16
23
40
24
1
102
7
16.5
1
5
19
84
44
2
115
5
3
7.85714285714286
557.5
46
5
9
30
1
36
6
790.058823529412
0
10
10
25
8
4
0
45
14
7452
266.5
109
24
12
234
27.5
147
14
68
48
143
4
9
12
191
2
94
5
13
27
15
79.5
2
3
3
174.5125
9
11
9
6
10
42
17
42
3
1
7
341.245901639344
72
12
83
3
104.5
74
6
7
9
38.5
58
30
81
13
22
13
75.5
1
63
13.5
13.625
5
18
76
6.66666666666667
11
1
25
11
34
8.66666666666667
84
13
1
2
1
192
77.5
10
39
51
21
55
49
6
87
0
16
86.9043062200957
42
10
81
53
102
181
4
5.34601226993865
806
22
33.3181818181818
53
10
34
9
197
49
10
12
10
58
253
152
113
26
78
19
125
12
4
22
4
3
0
10.5
12
293
274
1
9
7
15
137.5
107
14
25
26
247
784
39.8070175438597
5.5
8
29
7
25
26.3837209302326
0
7
71
7
2
11
1157
64
32
17
118
36
18
47
32
13
55
7858
178
9
8
1042
15
11
49
457.333333333333
24
6
9
3
5
6
12
21
31
51
3
9
18.5
16
32
11
18
10
3
0
16.5
26
4
14
17
32
27
18
17
47.3333333333333
4
271
5
5
24
2305
363
114
4.5
9
6
101
10
197
784
39
23
1003
8.5
19
8
14
5
9
19.5
996
14
210
11
30
7452
14
810
55.5891472868217
157
9
6.88598130841121
48
0
24
81
474
103.563636363636
365
7
41
7
3511.95652173913
2
562.5
1
8
481.796610169492
32
110
58
98
5
29
167.765306122449
7
35
89
39
0
91.5
7
6
71
11
149
115
4
25
44
2
15
23
6
34
15
530
62
272
1
83.6049382716049
8
17
12.5507246376812
12
10
302.75
159
1
104
23
34
9
2
126
64
19.5
3
54.5
68.6
12
34
183.5
0
28
9
430.052631578947
21.5
432
6
23
343
490.307692307692
12
52
156.572151898734
55
37
6
8
570
5
4
342
566
205
13
3
1
34
50
2
17
5
325
44
32
408.985915492958
9
126
2
23
167.5
1
14
14
117
10
4
11
22
6
7.38181818181818
62
1107
59
1071.5
67
16
19
10
74
111.67816091954
91
66
9
149
1
5.5
24
2
28
6
17
24
22
6
389.666666666667
121.75
181.5
6
375.526490066225
24
100
6
142
8
1
1
0
14
0
1
30
91.1111111111111
66
14
4
8
30
145
29
8
5
17
9
21
11
701.340782122905
30
383
649.722222222222
180
45
22
8
10
4
11
33
108
2
10
8
174.470692717584
23
5.03703703703704
3
49
65
15.5
280
19
18
5
8
169
5
31
265
33
0
8
5
11
144
5
157
16
54
7
412
92
17.5
11
14
11.6734693877551
23
3
118
686
11
8
51
44
14
42
3
13
47
10
32
1429
14
105.5
383
5
119.75
22.5
16
16
8
14
456
15
294
14
9
18
60
18
4
19
83
5.5
4
27
128
476
43
23
6.5
13
8
4
16
37
33
253
5
7
6
29
8
4
177.25
8
2
211
8
14
57
12
17
15
12
4
18
154.5
41
9.5
78
394
15
34
7
19
39.5
75.9948047449996
0
44
664
2
29
11
37
15
2
18
16
166
20
83
152
24
107
11
171
25
6
37
34
6
11
10
98
49.8793103448276
18
9
3
8
18
41
10
11
5
3
4
14
338
17
76
429
10.0607235142119
16.75
34
5
95.9342105263158
36
335
5
23.7142857142857
4.5
3
41
142.784037558685
67
30
78
27.5
84
165
8
32
18
44
8
7
32
16
498
1
8
15
21
3
136.6875
11
130.5
0
17
234.5
32
17
7
9
5
10
82.9316455696203
21
81
31
22
3
47
2
89
11.5
288
13
73
4
514
45
9
7
10
49
279
4
1
9
6
18
35
5
7
0
7
213
23
22
8
13
12.0760869565217
178.666666666667
28
33
15
2050
325
22
1578.26923076923
7
514
15
3
11
42
68
0
22
185
2
229
91.6972972972973
16
3
100
55
19
2
59
18
30
46
6
34
409.299212598425
24
13
66.3571428571429
3
136
146
70
9
34
92
4
14
99
2751.4
22
315.138888888889
125
22
141
20
6
338
34
63
189
156
43
18
19
849
10
4.66666666666667
22
139
48
6
12
10
7
7
482.333333333333
2
13
75.7578947368421
634.281690140845
7
7
74
4565
33
348
8
23
24
30
56
143
18
19.625
9.88888888888889
7
18
12
4750
25
3
8
16
20
12
5
2
157
133
10
4
37
35
8
18
15
13
5
22
56.530303030303
4
31
74
44
35
68.3086956521739
260
5
58
8
3
4
6
959
14
57
6
171
4
4.5
61.3333333333333
1742.75
9
17
32
57
12
3
7
1411
7.5
9
103
43
16
58
3
9
18
8
126
5.5
9.5
23
12
78
10
69
7
14
7
176.5
2
37
168
72
11
7
6
48
7
9
27
13
3
201.142857142857
1610
2
3
2
177
9
51.6666666666667
5
19
10
61
77
3
412
325
4
89
20
10
548
1601
6
8
3
64
19
6
92
1
6068
8
25
27
2
36
7
76
4
53
13
8
3
89
77356
20
12
6
369
61
657.222222222222
9
25
36
9
183
15
288
17
60
1
9
6
102
3
15
17
344
9
6
27
22
1601
185
189
3
4
16
366
3
60
11
60
84
9
109
287
24
38
37
36
6
13
16
75
59
21
89
35
2
1989.66666666667
12
124
201.77358490566
7
8
6
17
3
41
9
38684
32
143
14
5
8
8
8
12
12.5
79
4
298
14
27
3
10
55
3
12
1038
1
11
45
7
11.2857142857143
15
412
31
43
154.795698924731
13
6
7
0
18
704
0
3.5
22
31
12
2
151
45.5714285714286
6
7
183
116.5
3
22
20
404
7
33
286.240740740741
5
9
15
239
12
63
11
11
35
7
189
16
95
7
93
44
9
30
15
16
241
108
386
23
5
152
130
15
5
58
11
54
37
67.3333333333333
11
10
288
40.6
299.4
2
17
73.7314814814815
7
6
5
3
31
44
123
0
11
247
324
160
182
20
17
4
33
175
14
8
9
32.1428571428571
302
27
1
23
825.571428571429
12
24
15
41
17
348
22
8
22
58
10
175
5
32.5
6
18
35
79
5
20.5
12
15
7
664
8
29
6
26
35
9
59
28
4961
0
115.094827586207
5
12
7
12
7.81818181818182
12
3
14
157
33
13
5
70.6
147
32.5
32
26
6
5
1
25
7
15
289
9
150
35
234.8
18
3.5
131
5
4
22
29
13
6
265
67
10
5
147
24
52
22
120
346.448275862069
1
25
20
12
3
27.2222222222222
59
18
22
12
178.666666666667
10
4
11
2
6.5
66
9
18
77
5
13
14
72.5714285714286
11
14.5
179
4555
9
24.8297872340426
63
34
4
7452
37
14
4
6
8
4
48
17
49.0909090909091
18
4
9
7.33333333333333
18
82
18
40.8409090909091
27
13
5
8
383
76
4
96.8333333333333
81
42
311
7
2
7
278
61
160
39
3
16
26
5
204
24
121
6
45
29
25
552
16
9
21
2.5
5
68
8
6
156
244
2155
14
8
8
6
55
246
87
10
22
23
40
15
3
4
3
6
301
7
45
9
26
202
8
305
9
5
167
10
8.5
7
35
9
38
7
19
4
32
28
8
6
10
14
13
5
365.7
100
305.833333333333
56
42
0
5
260
22
100
105.138211382114
34.4641564083997
49
926
66
1867.66666666667
15
2
97
3
14
2
560
7
27
29
17
10
4
153
247.5
8.33333333333333
17
19
0
9
15
178
42
1
10
2
1
630
281.257142857143
104
12
46
0
8
16
152
5
247
1
20
8
233
55
8
5
35
15
12
13
11
23
6
16
49
13
50
15
25
1
46
37
108
109
177
8
20
34
53
36
136
114
13
30.85
46.4777777777778
3
711.5
5
14
278.837837837838
11
6
249
64
26
163
306
12.5067024128686
125
2
10
19
3
4
15
10
17
12
19
8
34
10.3333333333333
11
3
24
19.225
12
19.5
6
9
228
4
10
75.8
26
41
130
17
20
1
13
39
3
75
11
28
170
55
6
5.93103448275862
12
307
4
18
9
5
64
11
119.260869565217
9
12
14
78
18
119
7
2
6
12
338
1038
219
8
8
0
6
8
9
7343
14
24
87
10.5
13
23
14
59.3448275862069
7
8
4
7.66666666666667
6
29
128
121.352941176471
72
5
75.5
8
33
3
26
54
14
32.5
26
11.2
5
1
21
0
836
16
2442.21428571429
9
47
3
3
6
7
19
9
18
530
18
23
69
80
7
233
78
455
95
12
72
30.5
2
88
11
3602
3
46
3
6
13
20
24
11
0
9
66
41
260
11
24
2
433
42
9
7858
99
145
48
73
52
10
4
42
3
8
72
28
385
17
30
18
12
8
13
31
17
50
178.5
46
836
21
9
43
5470
53
8
8
9
133
7.73684210526316
7
66
79
236
0
9
73
6
74
31
10
20
251.21359223301
23
13
92
26
13
14
99
19
240.474550898204
89
151
13
49
172
38.75
47
25
53
18
22
2
14
107
11
146
1158
60
19
16
4
85
6.12482168330956
22
39
3
110
9
6
11
476
708.5
162
9
11
13
1743.5
12
342
13
23
22
345
30
13
72
55
25
6068
77356
13
9.82814445828144
3
19
6
146
47.4090909090909
18
4
41
8.2
3
22
10
260
22
65
10
21
19
104
1
27
6
189
4
0
15
138
169.166666666667
5
85
8
41
17
1
2
127
6
76
111
50.15625
11
24
28
4
24
14
8
25.2
10
19
15
7
6
12
818.941176470588
3
16
37
6
11
121
3
137
185
2
11
12
7
260
55
23
17
5
4
2
13
15
66
51
71
27.5
567
11
10
11
3
83
28.1428571428571
54
285
109
5470
0
43
6
24
5
55
9
11
5
36
0
43
37
11
13
88.7235772357724
9
5
21
2
107.625
10
47
62
180.7
13
35.566265060241
4
0
14
191
9
91
742
70
19
5
2
17
178
2
34
32
61.4
13
13
0
243
10
130
11
268
68.4869565217391
31
102
49.9530516431925
7
18
22
38
108
24
4
18
97
1864
2428
3
12
39
13
14
77356
22
4
38
14
77
7
20
744.90625
48
15.989010989011
26
274
29
177
0
44
65.5333333333333
29
39
0
6
33
33
28
25
210.066666666667
15
44
22
26
49
17
5
10
130
11
5
119
9
442
67.9787234042553
37
26
139
13
11
22
14
11
9
731
6
11
26
50
51
1304.5
39.5
1055
13
12
16
22.3510638297872
9
10
165
16
110
39
8
210
12
108
2
6
290.666666666667
3
12.5
5
224.142857142857
31
92
128
12
6
14
21
163
8
24.3926380368098
46
22
12
12
64
13
26
127.888888888889
22
99
3
8.2
487.28125
236
5
90
103
7
19
13
31
8
60
10
50
7
7.22222222222222
87.5595238095238
48
48
12
5
10
8
10
105.5
36
191
6
6
215.5
5
2
7
6
0
8
2
20
4
83
2
15
2
32
9
2
6
11
28
90
9
13
9
3
202.5
3
25
4
178
39.6666666666667
101
179
5
13
27
2
27
13
9
10
25
10
43.7868852459016
10
579
7452
197
31.2794117647059
9
145.5
3
185
402.066666666667
16
2
9
107
15
272
925.666666666667
9
15
3.5
7
60
8
4
41
25
3
12
608
71
4
64
23819.3333333333
256.379310344828
1232
8
10
5
47
9
19
9
9
36
35
38
6
11
10
433
14
3
53
9
429
13
38
5
0
9
4.5
16
543
103
6
194.727272727273
792
27
12
50
36
20.1428571428571
14
2
7
30
89
10
28
10
14
26
75
211
18
4
27
17.5
45
589.108108108108
698
8
254
8
557
47
12
10
12
8
619.355371900826
0
35
8
167
105
25
8
3
80.5789473684211
1
26
2
141
62
91
35
9
59
53
61
17
36
21
2810.02777777778
20
0
6.33333333333333
862
167.363636363636
169
485
65
24
24
1013.78571428571
6
16
185
90
36
344
16
145
125
1
32
16
585
12
5.5
138
78
6
6
64
20
221
15
26
42
5
36
30
557.714285714286
8
407.2
87
13
36
11
366
46
147
641
171
5
112
4
6
23
2
10
6
10
8
16
95
89
89
5
4
26
8
47
19
10
58
10
10
10
5
178
17
21
13
8
236.409090909091
644.698630136986
41
17
1
7
123
9
4
16
133.583333333333
39
4
5
394
27
172.652312599681
53
77356
17
11
90
17
42
7.72950819672131
23
10
815.370967741935
29
28
10
247
0.5
229
4
413.270833333333
9
113
10
64
11
10
230
17
4
140.209302325581
22
126
39
18
2
206
2
44
53
4
5
11
171
77356
346
67
9
1
0
526
5
16
44
18
7
13
6
86
58
178
20
30
18
343
141
7
33
7
71
1
0
3
3
78
2
22
886
7
5
4
19
4
16
45
73
130
3
9
147
4
141
284
90
8
13
7
19
13
21
26
17
16
9
11
53
7
27
87
5
65
469
17
11
8
203
1
6.34368530020704
142
6
338
0
140
0
19
16
103
38
23.5
23
17
5
170
15
383
34
19
79.1875
10
15
2
42
394
3
90
16
132
122
22
10
329
675.846153846154
14
111
4
152.36231884058
6
130.526315789474
3
4
18
12
4
509
241
15
9
23
79
6
132.297297297297
11
12
27
9
6
25
5
369.644366197183
12
15
9
27.5
110
4
61
263.682432432432
18
6
52.1869918699187
0
21
476
0
41
87
5
15
7
20
5
247
13
353.078947368421
12
83
28.4285714285714
20
1
7
10
109
16
338
9
13
22
59
21
5
33
103
4
23
1
23
22
35
12
16
12
21
61.3042553191489
8
4
70
115
2
84
5.51063829787234
19
8
7
131.5
4
654.071428571429
44
31
3
661.95652173913
116
21
17
30
4
4
185
5
7
33
102
2
153.285714285714
3
25
4
20
386
24
77356
10
53
13
383
12
12
86
64
36
101
24
7
353
469
4
8
7
10
948.1
27
59
3
2
11
13
11
10
9.66666666666667
221.064864864865
15
5
18.1960784313725
11
3
478
0
252
115.266666666667
639.5
36
158
1
113
566
31
78
46.5714285714286
8
60
42.5
6
23
39
5
6
7
187
7
6
7
112
5
9
13
4
23
11
7
55
23
70
72.6666666666667
129
7
86
13
17
6
13
15
23
16
478.880952380952
282
345.246975576352
26
7
78
7
239
8
8
4
4
13
31
14
36
28
43
16
195
7
20.2
77356
16
73
92
95
70
26
368.285714285714
7
34
1.5
9
46.9435028248588
7
54
12
4447
48
9
7
2
110.516129032258
30
34
132
8
133
323
3
13
86.4666666666667
1
115
7
87
15
71
538.75
10
67
230
53
14
35
44.5
2
12
10
133
78
42
109
22.4
23
111
35
9
12
25
4
7
5
2
95
15
656.352272727273
5
234
7
83
452
18
15
106
114.565217391304
7
66
19
89
9
179
47
11
9
44.3020739404869
26
8
8
25
9
2509
88
89
9
14
284
8
72
11
3
48
2.33333333333333
25
9
16
54
23
17
26.5
9
1046
13
40
5
32
3
78
7.88372093023256
31
122
2
6
10
14
9
52
10
8
5
23
7
5
31
8
5470
3
18
16
4
178
11
26
0
15
9
10
5
10
30
34
23
1
2
2
50
391
459
2
16
2
3
11
177
9
4
30
1
61.3333333333333
61
11.3333333333333
35
36
7
24
4
209.09375
4
11
1
74
299
11
33
8
5470
58.0984486873508
6
301.513698630137
55.84
60
123
9
22
54
9
36
27
316.875
146
126.69696969697
50
0
9.46153846153846
17
3
24
4
89.0714285714286
38
52
420
90
10
1
2
26
18
1
41
10
33
178
33
16
0
141
45
9
6
12
7
1
5
49
231
42
18
203.793103448276
6
15
1
26
862
15
1349
50
4
77356
6
25
93
43
64.746835443038
4
1
21
57
7
43
60.5
13
7
6
24
19
20
6
30
23
14.8
1
1
6
15
7
12
16
5
39.8378531073446
15.1515151515152
26
5
13
29
10.4097402597403
7
6
24
0
38
100
15
325
4
24
41
23
6
20
122.035714285714
18
53
9
42
35
440
251.061538461538
122
16
22
3
35
6
22
80
13
15
5
207
35
0
11
7.47482014388489
128.875
42
1
130
2
9
7
5
249.026315789474
23
3
476
401.818181818182
100
71.7435897435897
13
4
1748
2
27
3
60
47
33
11
17
92
54
1
29
7
9
7452
42
3
14
1
279
2
86
9
135
122
18
7
10
3
8.94117647058824
4
33
43
177
10
10.0214797136038
64
24
70
52
14
18
1195
11.1428571428571
3
33
84
108
3
234.016949152542
48
6
0
16.5
38
33
13
7
43
8
47
1
9
13
12
234
55
22
282
17
38
69
3
28
13
94.2
14
16
55
20
14.4134615384615
1
126
24
15
36
98.8
42
88.375
484
14
14
7.75
38679.5
38681.5
4
4302.22222222222
1294.6
7.07692307692308
151.5
24
528.785714285714
12912.3333333333
38
11428.4375
12947.3333333333
696
79
701
0
16
0
523
2
8.92857142857143
220
38
1
18.6363636363636
135
190
1192.46666666667
110
78
11061.7142857143
132
113.935779816514
22
7
5545.21428571429
12.2
128.837398373984
37.4193548387097
13054.1666666667
130
1
22
551.333333333333
0
38683.5
15
25798.3333333333
12201
22.8
70
2.33333333333333
38
6.5
162
69
20.3846153846154
124
24.0833333333333
252
170
3
7158.18181818182
0
0
994
53
139.5
1509
40
14541.2727272727
1995.82222222222
149.6
15
759
141.181818181818
268
109.148148148148
83
25
454
123.466666666667
942
12201
12201
12
20.5
18
846.504672897196
183
76
117.877005347594
150
95
125.125
20
77
108
462.612903225806
170
22.5
1876.92857142857
67.8
120.957983193277
5.03125
235
184.5
0
55.2857142857143
10
5.5
38
20.6153846153846
179.333333333333
462.5
3
131
12
21
0
20
68.5
21
170
25
183
153.666666666667
6
77356
21
17
14
53
62.5
1018.2
116.690909090909
119.710622710623
3
110
13
2703.89655172414
66.75
136
3
18.5
120.698275862069
120.48
6
77356
128.314285714286
6738.82608695652
158
43
128.5
130.3
157.5
918
6
8
6
31
138
19.5
0
2332
121
121.590909090909
120.326086956522
287
19
160.5
1
123
9
203
30
77356
103
135
67
92
152.5
10
511
402
3831
72.6911764705882
152
36
109
25
62
33
3465
119.134831460674
4.94326241134752
193
185
3
126
164
118.333333333333
141
21
139
1.77777777777778
4194
57
2305
549
103.5
169
114.775
32.5
400.451923076923
127.46875
24
174
13
18
265
7536
370.5
9
38687.5
110.2
47
149
20
7
106
77356
4
167.5
34
77356
118.30303030303
68
10
48
39
158
68.5
52
31
185
1
98
5
260
27
20
317.775308641975
112.5
40
18
336.333333333333
82
25
77356
15.3188405797101
0
0
1
149
17
105
7
170
133
155
15.7058823529412
742
7.5
56
170
158
14
89
77356
22
5
115.923728813559
190
120
11
119.849056603774
9
21
30
0
67
105
4
37
63
123.25
75
39
127.09375
1610
142
0
11
91.1515151515152
22
123
5
23
33
1226.21292775665
20
61
120
13
26
9
157.5
188.25
15
181
3
20
2126.5
358
4
926
26
74
9888
110
127
123
17
129.261363636364
0
12
78
4
1
38
9
129.48275862069
6
641
31
158
95
111.5
12
88
77356
77356
29
170
13
77356
111.6
39.15
103
111
3
11
1959
203
35.3213010710036
6
605.949367088608
500.496402877698
3737
80
158
23
45
1
15
119.239130434783
77356
105
140.954545454545
34
22.5
170
689
82
108
14
2
8
57
2
126
8618.94444444445
0
144
0
30
7
150
3602
187.75
85.3076923076923
0
511
3517.74074074074
19
0
294.746478873239
698.5
955.75
13
1253.11111111111
0
426.666666666667
5
77356
0
2.71428571428571
0
126
0
2
6.75
0
31.1875
0
0
93.7142857142857
274
4
955.055555555556
318.142857142857
4
6.66666666666667
2.33333333333333
0
6441.5
0
0
603.818181818182
74
4
3602
257.276595744681
2986
228.22972972973
3602
4.5
397
16
2119.11111111111
56
11
7
136
0
0
0
166.375
0
5
462
8
0
0
38678
20.3333333333333
0
0
87
5
78.9666666666667
522.111111111111
9.375
0
0
107
1
7
1
38678
21
3
27
318
1
2332
94.24
1
0
48
0
22
143
55
185
2
3452
5
2713.42857142857
35.125
69.6666666666667
12.25
0
76
4.66666666666667
192
0
312
6
1
0
0
8.73529411764706
63
113
6
0
0
0
0
0.666666666666667
0
290.833333333333
1160
0
48
49
44
38678.5
90
2
1
0
24
0
0
94
3
24
125
19
238
0
370
25
0
3
24
0.5
0
35
37
156.930693069307
148.2
645.777777777778
20
1
1
236
2
10
14
0
110
21
5
84
0
17
412
0
1162
0
38
5145.07692307692
2649
0
0
1
0
179
0
25
0
0
0
80
70
48
301
3770.85714285714
61.6216216216216
11135.2857142857
0
2
1
20.25
0
8
0
0
0
274.975609756098
1
3.5
0
3
1
9
502
0
0
82.5454545454545
31.531914893617
2
2447
0
0
83
1064.66666666667
19
0
16
23116
78
13.3333333333333
15
9888
487.75
0
45
0
3578.6
3
0
0
0
1121
1509
0
36
26
2
3
0
0
1
533
8
0
716
9
0
3.8
0
0
1464
11
28
0
0
0
932.5
38722
350
3733.0198019802
27
13
143
0
0
0
1
115
0
1
10
0
9
21
0
5
271
110
287
7205
87
2
6.4
246
1
1
611
2332
3
15.5
0
0.166666666666667
6.85714285714286
734
0
0
0
0
1638.75
15
21
29
38678
18
0
0
0
0
0
24
2
0
1
38
38
95.3333333333333
1
1269
204.666666666667
0
0
847
0
41
0
126
0
19
0
0.5
0
2.75
16
22
25
0
3602
12
3
0
59
51
2718.26470588235
0
15
0
0
0
0
0
14036.3333333333
6
4
61
227
13
22
0
0
1
49
1
0
0.5
0
5
38.6
0.5
0
5.66666666666667
22.75
0
66
782
0
6
0
0
0
2
1
0
1
5.33333333333333
48
843
46
24.2
0
54
1
0
0
0
843
514
509
5
8.75
0
0
0
0
1
0
0
0
5
1
96
12
1
0
0
2690.88888888889
19
22
11.6666666666667
0
20.5
138.31746031746
0
67
0
0
0
0.5
0
86
7
1
42
162
1
1870
14
263.455882352941
16
0
123.5
2808
0
3
2559
1.5
1
24
0
707
0
74
0
40
0
1
1
2
5
126
2
0
1
69
0
0
22
37
71
0
0
0
0
0
4612.4
0
77356
3
1
0
0
0
3
4
0
14
242
4673
1
33
11
0
4
2
1
1
40
0
6
0
5
0
19
0
10
82
16
11
0
20
5813.25
45
1
0
138
0
0
0
1
0
0
15
0
4.4
6
43
4124.83333333333
0
0
0
2
0
4
19
0
7.64102564102564
229
0
31
0
19
9.5
22
0.5
5
2
5
809
2589
0
34
0
6
569
0
0
140
438
1
1882
128
0
703
0
1
0
38
0
406
7
0
0
0
3
10
2
1
8.5
11107.6666666667
0
157.5
0
0
0
0
0.571428571428571
12
227
0
7
2
0
8774
0
1
3
2254
2404
57
4
39
1
0
1
3
1
371.909090909091
2
2828.2
0
5
8
2
118
74
22
318
405
22
0
2
0
0
798
0
489
35582
270
761.5
0
2
0
0
0
1
0
1
0
0
864
1
7
0
0
0.1
0
8.57142857142857
319.2
3
153
0
8
46
9
7
6
0
405
0
1
0
0
12
2
0
1
0
0
0
1
0
44
611
1
542
0
6
1
5
7
0
0
0
1
0
155
1033.55555555556
7
0
464
2
1
0
1386
0
0
0
0
46
2694
0
57
43
210
0
0
3
38678
146
2.5
176
0
1273.94964028777
91
1
4
550
4
123
0
6
1
4.44444444444444
0
0
0
0
1546
38
6
9.4124203821656
1
0
80
307
15
7
29
1
0
133
0
0
233.713068181818
0
1
28
1
0
17
38678
3602
4957.5
0
5
0
820.55
0
0
0
483
1
0
13
2
0
0
0
5
0
405
0
1
0
66
1
4
12
34
1
0
0
4
0
3602
46
9
0
0
0
148
12
0
38
0
0
1
1063
11
1
6466.5
3
0
0
0
145.666666666667
0
2
0
0
0
0.5
0
0
2254
44
16
1
6
0
3
57
397
322.549618320611
56
1
133
2
0
28
1
412
262
0
0
2
7
1
0
2729.75
1
44
8
782
0
9
0
0
6
7
0
1
1162
1
19349.75
0
1
0
0
1026
31.25
0
3
20.5
43
1
0
0
0
77
1
0
0
0
4
244.333333333333
0
15
0
345
0
1
1
0
0
4
0
2
0
29
17
76
708.5
1
2
21
0
0
0
0
54
37
4673
1
62
0
1
37
36
0
0
1
1137.5
0
38702
38678
15.1666666666667
4.28571428571429
11
0
1
22
0
0
0
0
0
91
405
35582
1
0
76
0
0
107
0
0
15
0
87.2857142857143
0
0
0
8
38680
191
42
1
19.5
405
67
0
452
1
46
1
2
86
5
0
1
0
11
60
3
6
0
18
0
0
0
11
4
2254
23
248
0
0
0
21
0.666666666666667
1
0
0
0
2
1
1
136
456
0
3
85
2
1.3
107
0
6
13
105
0
1689
0
464
0
53.6666666666667
0
155
405
5
193
0
171
796.25
23
0
0
0
1
0
2
3.5
798
0
14.5
36
5
0
0
4
43
777.666666666667
0
3
0
2676.8
4
0
0
0
35.1237785016287
542
39.6666666666667
0
0
0
0
0
2
93
5
15
0
1
16
0
5
8
4.5
3
0
0
5
0
7
9.66666666666667
0
0
0
1
119
698
2
1
2780.5
0
0
0
524
1
0
27
0
412
4
3
1
2
140
0
0
0
0
1
108
6
17
31
0
87
9
0
0
2
160
0
227
0
28
3
3
1
0
1051
8
8
22.5
10
0
0
0
1
18
1
0
31
66.3333333333333
0
10
0
1
0
1
2
0
14
0
0
1
9
4
5
0
27
48
1
12201
10
0
0
1
209
0
7
131
205
19
6689
980.505709624796
82
16
5
1
448
1
33
0
44.6078431372549
0
0
155
80
15
3
1
0.333333333333333
4
0
1
2
18
0
0
1
0
116
103.75
0
57.3225806451613
13
4.46666666666667
11
1
3
315
77356
1
0
24
13.75
38
0
7
435
153
90
5
1.10093896713615
6
0
0
0
1.52941176470588
0
24
6
0
96
0
11
2
4
392
50
0
0
339
0
156
0
3
12
1162
0
10
6782
2
46
0
27
0
244
6
1.5
8
1
33
3
0
0
0
0
54
9418
130
77356
0
0
0
0
32
3602
130
6
39
38678.5
106
0
3602
0
4
55
0
0
17857.5384615385
0
0
1
1
22
542
347.710144927536
0
7
1
1162
0
2
611
0
835
0
1
0
1
429
1
19
40
0
35582
0
3
84
0
307
15
0
0
2
2.5
22
0
0
0
0
62
12
0
18
2
655
74
6
3
1
0
22
63.6666666666667
0
0
0
84
0
0
38678
109
0
0
0
0
8
87
27.5064102564103
1308
34
0
1
7
7.5
0
309
16.6666666666667
23
0
158
0
0
38
4
329.5
509
2
0
4
0
1
1
0
74
0
0
0
48
1
46
0
22
13
39
189
0
1
1
0
0
1
5
1
1
1
0
3
16
9418
0
1
45
98
123.5
10
80
1
6
5
232
161.5
0
0
1
2
0
1458
2
17
2
5
51642
25
1
26
0
2404
6.5
0
0
0
51
2
0
13
0
0
0
34
0
25
2
13
0
0
1
0
9
1
2
4673
0
0
0
0
1
172
14
7
2
2
247
7
2
2.5
2
0
10
55
4
0
120
0
1
0
0
112
6
0
0
2254
0
54
16
3.57142857142857
1
0
6
0
0
0
1
22
0
44
0
0
142
7
412
0
22
0
0
0
3
0
38
220
1
0
0
0
36
21421.384180791
14
15
0
1
3
0
0
0
94.6666666666667
13
4.33333333333333
0
0.6
0
1042.97142857143
0
0
0
59
1049
271.731343283582
19.7142857142857
0
3
50
144
223
23
22
18.75
0
0
0
10
2
12
213
268
6
0
6
0
17
0
817.8
0
0
1
1
10
1361
14650
0
1
16
0
524
41
161
0
0
1
1.66666666666667
0
0.333333333333333
12201
1886
2
0
8774
0
42
24
130
0
0
18
1
0
68
17
412
14
8
3602
2
319
1.8
4
19
0
3
1
0
40
113
0
2
9
0
25785.3333333333
1
0
1
0
1
0
4
0
110
0
11
0
0
2517.33333333333
0
4673
1
27
4
0
0
530
5
2
1
5053.5
0
3
268
12.5
0
16
413
33
25
1
5
0
0
286
16.5
0
2
0
878
82
9
329.5
4
6
39
0
0
0
4673
1
14
0
0
50
0
45
0
0
3602
1
4
1
0
0
17
0
0
0
0
1
0
0.5
0
0
2
0
2943
59
0
0
16
16
0
2141.5
7
3
1
34
0.5
0
17
5.5
18
1
0
0
5
0
40
0
0
1692
22
0
109
29
18
12
3
0
402
0
0.333333333333333
9
0
1
3
53
1
0
3
0
62
18
0
0
1
20
36
7
186
0
1
8
1
6
0
1
7
1
4328
3
27
2
0
0
0
43
0
0.5
28
0
1
270
1
2
524
0
1
1.5
0
0
2
1568.26
9
0
0
20
37
0
89
0
0
1
12
0
0
474
1
0
6.56684981684982
1
92
6
0
121
0
1
1
2
0
7
1
0
0
0.5
0
264
797.333333333333
4
170.125
0
25
1
0
0
3916
105
1
0
0
1
0
36
0
725
0
0
0
42
16
75
17
1
0
13
0
1
0
3
0
43
27
2
13
0
2
24
3
405
8
0
7
2
0
0
0
4
1
7.5
4
6
0
15
0
0
0
95
0
0
2
6
0
0
0
2
0
3
0
0
1
0
0
0
14
0
101
0
21
2
2254
30.5
0
44
1
110.977876106195
118.5
80
0
17.5
48
0
1
62
27
0
21
0
241
0
0
1
9
0
114
0
0
0
34
0
0
0
17
3
0
8
130
103
4
0
0
0
1
6
405
7
26
0
3
233
4328
4
0
35582
1
2
1
5
1
908.627906976744
0
0.5
2780.5
0
3
54
0
57.5
1
14650
0
0
0
1870
23.3333333333333
0
0
2254
0
39
113.7
4
3804.03846153846
0
0
39
1
0
1
423
2
0
13
0
17
46
1
38
15
87
0
4
10.5
0
0
2
5
150
2
0
0
16
0
454
53
0
0
38678
14
2
4
819.925925925926
0
0
12
0
0
0
5
0
5
4
2
95
23.1702127659574
0
158
0
22166.7142857143
157
8
2
60
0
17
2
843
1
2
44.6315789473684
1
0
30
487
8
15
13
77356
28
0
0
1315.52
79
0
185
8
71
61
0
34
0
2
14
0
1546
148
7
0
2
2
0
166
0
3602
2557
0
0
0
0
1
1
145
147.615384615385
2
542
12
10.5
11
63
91
3
5
3
40
0
1
0
3
0
182
1
0
2
1
60
0
0
2
13
0
2
2
2
70
15
0
72
0
1
0
1
37.5
0
0
1
20
2
11
1
0
119
0
22
1063.5
0
1
1
0
0
6
0
244
1
22
1
26
1.62686567164179
10
125.5
3
1
0
0
0
1
112
1
0
2943
0
454
11
2
1
0
0
12
47
0
0
24
33.3333333333333
35
0
0
50
0
0
0
2
405
1
0
1403
1
0
32
0
1
228
97
17
101
0
204
1
2254
4
0
26
10
0
1
34
0
0
24
38
0
0
0
2
7
7463
4
0
276
0
0
640.217391304348
0
0
0
0
0
5
3
0
1958
0
6
0
0
25
10
13.6666666666667
35
0
64
533
5
0
0
0
0
0
1
13
448
2
139
3
2
404
0
0
0
9
2
0
2
27
0
2
0
1
0
3
0.333333333333333
60
4
0
0
21
0
2
234
0
0.333333333333333
0
148.5
0
2
8
15
0
7205
67
0
11
0
15
0
0
51
37
3
12
4
0
0
2
17
0
2
354
2
0
29
1
14
0
6
2332
2
1
4
0
0
3
1
562.7
397
0
0
2
0
1
0
0
1611.6
1
307
91
313
21
2
0
1
0
4673
1
689
0
462.576923076923
454
0
10
0
6.6
234
662.236220472441
530
95
0
577
5984
0
0
3
0
38.6014492753623
0
0
0
0
9
0
0
39
1
0
18
22
0
6
3
0
21
0
0
0
36
1
34
4
13
1
2
0
307
0
0
3
0
107
122
18
0
1
0
0
1895
97
136
0
0
0
50
0
1
1
6
61
0
66
16
0
38
191
55
4
3
0
27
2
1
0
11
0
237
0
130
542
5886.14084507042
23
0
1
3
0
0
139
97
0
45
0
0
73
0
69
37
0
0
1
0
0
1310.72222222222
0
0
0
0
0
16
1238.66666666667
1
12
0
0
0
0
0
1
1
2
36
23
5
97
0
0
1
4
31.1086956521739
318
23
0
1
1
109
42
3
4673
8
14506.1875
55
0
44
0
0
0
0
40
542
2
14
0
0
12
8
0
0
266.515625
151
1
11635.6666666667
0.5
25
0
0
8
23
0
19
47
29
0
4
1
17
4
0
2
0
0
2
0
124
3
121
101
1
3
22
0
214
42
8774
0
0
43
2
7
1
450
4
3
1
99
0
6
0
6
0
27
0
22
158
44
0
1136.5
841
3
0
0
0
0
11
3
1
4
0
32.5
3
0
6
11
8
23
2254
14
0
0
0
2
0
0
0
0
0
0
3
0
57
101.8
22
383.921875
33
2
18.5
33
2254
0
0
0
3
0
34.6470588235294
0
46
3
1
89
1
9
2254
144
2254
211
0.25
0
93
0
0
8774
0
72
2
0
2
13
0
36
1
2254
110
51
2254
51
0.166666666666667
0
13
211
0
0
6
0
1
0
0
17
1
2632.5
2
144
0
1
3.5
9
0
0
50.0555555555556
13.6576576576577
6
6.80769230769231
0
0
0
12.6875
0
4
0
23116
7463
5
0
3
41
57
0
98
20
0
0
0
0
13
12.5
0.333333333333333
0
0
35582
17791
522
13
7
36
36
13
3
20
0
1
1
23
684.333333333333
132
0
0
461
8
2
0
0
28
0.333333333333333
1
19
458.5
0
0
0
63
34
0
0
0
0
0
0
17
0
0
2.5
6
0
23.25
0
0
0
25
0
0
0
1
873
2
0
71.2604166666667
18
0
0
3.5
7
12
15
4
0
4.09090909090909
22
0
10
1
1
17791.5
0
39
1
0
0
1
0
15.25
17
3
0.666666666666667
136
1
469.4
15.5
0
0
3
0
2254
319
2254
83
464
6
785.333333333333
2254
2
0
0
0
611
0
31
21
0
0
0
0
0
1
2254
0
1
0
21
23
1870
23
2
3
2
0
2
0
0
1
0
1
0
1
1
0
0
0
0
13
28.5
1
40.3817427385892
11
0
4
2
10
15
0
0
1
1
1
1
1
1029.5
1026
13
7.33333333333333
22
0
412
21
0
306
2
0
10.5
2
6.5
7
4
611
0
2
2
0
631.5
3
0
2
2
34
8774
39
1
2
0
13
32
85.5
17
52
542
542
3
13.4285714285714
5
1.17241379310345
5
37.6
1842.10344827586
7463
43
2254
11
4.33333333333333
13
55
8
28.8978102189781
25
6
51
6
0
10
0
1
1.05555555555556
0
0
6
4
1
7
841
3916
206.492341356674
38
22
2
48.6666666666667
0
2
23
10.1428571428571
99
20.1818181818182
25
5
15.6666666666667
9
0
2
4
1803
0
5
1689
25
18.5
5.44444444444444
0
9.5
45
0
463
2
0
12
56
1
0
211
0
8
0
0
3
2
10.3333333333333
0
24
1
0
0
0
0
0
0
194.636363636364
4
0
0
0
0
7
1
52
41
3
0.526627218934911
0
40
2
0
6
6
0
10
1
5
130
0
47
0
0
120
2
7
0
207
542
172
1
18
5
93
107
61
22
0
94.5
189
0
519.5
888
1740
0
0
140
13
11611.5
463
36
131
0
10
1162
10
1
