0
0
0
0
0
0
0
1.00490196078431
0.0212765957446809
0
1
0
1
0
0
1
0
0
2
0
1
0
1.15384615384615
0.96551724137931
1
0
1
0.0909090909090909
1
0.821428571428571
0
0.962962962962963
0
0
0.96
0
0
1
0
1
1.05
0
1
1.43478260869565
0
1
0
1
0
2
0.75
1
0
0
2
1
1
0.976923076923077
1
1.3464447806354
1
1
0
1
1
1
1
0
0
1
0
1.98507462686567
0
1
0
1
1
0.0194174757281553
0
0
0
0
0
1
2
0
1
1.72034820457019
0.938775510204082
1
0
0.981481481481482
1
0
1
0
1
0
0
0
0
1.953125
0
0
0
0.575
0.0666666666666667
0
1
0.5
0
0
0
0
1
0
1
0
0
0
0
0
0
1
0
0.705882352941177
0
1
0
1
0
0
1
0
0
0
0
2
0.928571428571429
0
2
1.11538461538462
0.333333333333333
1
0
0.857142857142857
1
1
1
0
0
0
0.987951807228916
1
0
0.00917431192660551
0
1
1
0
0
1
0
0
1
0
0
1
0
0
0
1
0
0
0
1
1.05882352941176
1.0379746835443
0
0
1.04918032786885
1
1
0
1.09090909090909
0
1
0
0
0
0
0
1
1.6
0.818181818181818
1.07142857142857
0
0
1
1.17391304347826
0
0
1
0.125
0.969543147208122
0
1
1
0.9375
0
0
0.00869565217391304
0
0
1
1
1
0
1.00934579439252
0
1
1
0
0
1
1
1
1
0
1.09090909090909
1
0
0
0
0
0
1.0625
0
1
1.01162790697674
0
0
0
0
0
0
0
0
0.972222222222222
0
1
1
0.722222222222222
1.74358974358974
1
1
1
0
0
0.666666666666667
1
0
0
0
1
0
0
0
0
0
0
0
1
1
0
1
2
1
0
1.04166666666667
0
1
0
0
0
0
0
1.28571428571429
0
0
0
1
1
0.928571428571429
1
0
0
0
1
1
0
0
0.8
0
0.0909090909090909
1
0
0
0
1
1
0
0.833333333333333
1
0
1.93814432989691
0
0
0
0
1
1
1
0
1
0
1
0
1
1.11764705882353
1.26506024096386
1.25
0
0
0
0
0
1
1
0
0.125
1.66666666666667
0
1
0
0
0
0
0
0
0
1
2
1
2
1
1
1
0
1
1.6
0.973684210526316
0
1.04347826086957
0
1.5
0
0.2
0
0
0
0.666666666666667
0
0
0.995433789954338
0
1.0210970464135
1
0
0
0.995798319327731
1
0
0
0
0
0
0
2
0
0
1
0
1
0
0
0
1.04705882352941
1.08
0
0
0
0.0769230769230769
1
0
1
0
0
0.333333333333333
1
0
1
1
1
0.875
0
0
1
1
0
0
0.05
0
1
0.995495495495496
1
1
1
0
2
1
0
1
1
1.07407407407407
1
0
1
0
1
0
2
0
1
0
0
0.4
0
0
2
1
1
0
0.951219512195122
0
0
0
1
0
0
0
0
1
1
1
1.2
0.4
1
0
1.33333333333333
0
1
0
0
0
0.0909090909090909
1
1
0
1.03333333333333
1
1
1
0
1
1
1
1
0
0
1
1
0
0
1
0.931034482758621
0
1
0
0
0
2
1
1
0.989130434782609
0
1
1
0
0
1
0
0
0
0
0
0
0
0
1
0
0
0
1
0
1
0
0.985714285714286
1
0
0
1
0
1
0
0
0
1.76203703703704
0
0
0
1
1
0
0.379487179487179
1
0
0
0
0
1
0
1.33333333333333
1
1
0
2
0
0
1
0
1
1
1
1
0
1
0
1
1
1
0
0
0
0
0
1
0
0
1.53846153846154
0
0
0
0
0
1
1
1
0
0
1.01219512195122
0
1.02941176470588
0
0
0
0
1.01052631578947
0
0
2
2
1
0
1
0
0.0114503816793893
2
0
1
0
0
1
1.27272727272727
0
0
1
0
2
0
0
0
0
0
0.0976744186046512
1
0
0
0
1
1
1
0.571428571428571
1
1
0
0
1
0
0
0
1
0
0
0
1
0
1
0
0
0
0
0
0.5
1
0
0
1
1
0
0
1
1
1
0
0
0
1
0
0
0
1
0
0
0
0
0
1
1
0
1
0
1.14285714285714
0
0
1
0
0
0
1
0.923076923076923
1
0
1
0
1
1.04545454545455
1.0625
0
1
0
0
0
0
0
1
0
0
0
2
0
1.04347826086957
0
0
1
0
0
0
0
0
0
1.01481481481481
1
1
0
1
0
1
0
0
0
1.07352941176471
0
1.9
1
0
1
0
0
0
0
1.10958904109589
0
1
0
0
0
0
0
1.025
1
0
0
0.0294117647058824
0
0
0
1
1
0
0.2
1
0
1
1
1
1.0188679245283
0
1
1
0
0
0
1
0
0.861111111111111
0
1
0
0.982608695652174
0
0
0
1
0
0
0
0
1
0
0
0
0
0
0
0
0
0
0
0
1
1.02173913043478
0
1
0
1
1
0
1
0
0
0
1
1
0
0
1
0
0
2
0.975
1
0.96875
0
0
0
0
0
0
1
1
0
0
0
0
0
0.166666666666667
1
1.01612903225806
0
1
0
0
0
0
0
0
0
0.166666666666667
0
0.988372093023256
0
0
0.972222222222222
0
1
0
1.14285714285714
0
0
0
1
0.333333333333333
1
2
0
0
1
0
0
0
1
0
1
0
1
1.01115241635688
1
3
1.6
0
0
0
0
0
0
1
0
0
0
1
0
1
0
1
0.923076923076923
0
1
1
0
1
0
0
1
1
1
0
0
0
0
0
1
0
1
0
1
1
1
1
0
0
0
1
0.0666666666666667
0
0.5
0
0
1
1
0
0
1
0
0
0
0
0
0.333333333333333
1
1
0
0
0
0
0
1
0
1
1
2
0
0
0
0
0.4
0
1
0
0
0.125
0
0
0
0
0
0
1
1
1
0.5
1
0
1
0
0
0
0
0.75
0
1
0.8
0
1
0
1
1
1
1
0
0
0
1
0
1
0
1.66666666666667
1
0
1
0
0
0
0
1
0
0.935483870967742
0
1
0
1
1.14225941422594
1
0
1
1.4
1
0
1
0
1
1
1
1
1
1
0.988505747126437
0
0
0
0
0
0
0
2
0
1
0
1
0.166666666666667
1.04255319148936
0
0
0
0
0
2
0
0.647727272727273
1
1
0
1
0
1
1
0
1
1
0
1
1
0
0.941176470588235
0
1
1
0
0
1.2
0
0
1
0.818181818181818
0
0
0
0
0
0
1
0
1
1
0
1
0
2
0
0
1.06153846153846
1
0
1
0
0
1
0
0
1
0
0
1
0
0
1.28571428571429
0
0
0
0
0
0.571428571428571
0
0
1
1
0
0
2
0
1
0
0
0
1
0.5
1
0
0.996941896024465
1.91666666666667
1.03894080996885
1.33333333333333
0
0
0
0
2
1
0
0
0
0
0
0
0
1
1
1
1
0
0
0
0
0
0
1
1.02229299363057
1
0
0
1
0
0
0
1
0
1
1
0.9
0.5
0
0.666666666666667
1
1
0
0
1
1
0
2
1
1
1
0
2
1
0
1
0
0
1
0
0
0
0
0
1
0
1.6
1
0
0
0
0
0
0
0
0
1
0
0.857142857142857
0
0
1
0
1
0
0
0
0.971014492753623
0
0
1
0
0
0
0
2
1
1
1
0
0
0
0
1
0
0
1
0
1
0.25
0
0
0
1
0
0
0
1
0
1
0
0
0
1.1
0
1
0
0
1
0
0
1
0
0
2
1
0
0
0.333333333333333
0
0
0
0
0.999122807017544
0
1
0
0
1
0
1
1
0
0
0
0
1
0
0.833333333333333
1
0
0
1
0
0
0
1
0
0
0
0
0
0
0
0
0
1
0
1
1
1
1.01941747572816
1
0
0
1
2
0
2
0
0
1
0
0.950819672131147
0
0
0
0
0
0
1
0
0
0
0
0
0
0
1
0
0
2
0
0
1
0
1
0
0
0
0
1
0
0
0
0
0
0.75
0
1.05263157894737
0
0
0
0
0
1
0
1
0
1
1
0
0
0
0
1.5
1
1
1
1.52325581395349
1
0
0
1
0
0
0
0
0.166666666666667
0.0526315789473684
0
0
2
0
0
1
1
0
0
1
0
0
1
0
0
0
1
0
0
0
1
0
0
0
0
1
1
1.22330097087379
0
0
0
0.620689655172414
1
0
0
0
0
0
0
0
0
1
0
0
0
1
0
1
0
1
0
0
0
0
0.470588235294118
0
0.230769230769231
0
1
0
1
0
0
0
0
0
0
1
0
0
1
1
1
0.995345446388515
0
0
1
1
1
0
0
1
1
0
0
0
1
0
1
0
0
1
0
0
0
2
1
0
0
1
0
0.75
0
0.5
0
1
0
0
0
0
0
0
1
1.5
1
0
0
0
0
0
0
0
0
0
1
0
0
1
0
1
0
0
1
0
0
1.0008481764207
0
0
0
1
1
1
1
0
1
0
1
0
0
0
0.07
0
1
0
0
0
0
1
0
1
0
0
0
0
0
0
0
0
0
1
0.333333333333333
1
0
0
2
0
0
1
0
0.833333333333333
0
1
1.14285714285714
1
0
0
0
0
0
0
0
0
0
0
1
0
1
1
1.0042194092827
0
1
1
0
0
1
0
1
0
1
0
0
0
0
0
0
1
1
1
1.83333333333333
0
0
1
0
1
0
0
1.09302325581395
0
0
0
0
0
0.972477064220184
0
0
0
0
0
0
1
0
1
0
0
0
0
1
2
0
0
1
0
0
0
0
0
0
0
0
1
0
0
1
2
0.6
1
0
0
0
1
0
0
0
0
0
0
0
1
0
0
0
0.934782608695652
1
0.993006993006993
1
0
0
0
0.333333333333333
0
1
0
0
0
0
1
0
0
1.12121212121212
0
0
1
1
0
0
0
1
0
0
0
1
0
0
1
0
1
0
0
0
0
0
0
1
1
1
0
0
0
0
0
0
0
0
0
0
0
0
1
0
1
0
1
0
1
0
1
0
1
0
1
0
0
0
0
0
0
0
1
0
0
1
0
0
0
0
0
0
0
0
1
0.75
0
0
0
1
0
0
0
1
0
1
0
0
0
0
0.3
1
1
0
1
1
1
0
0
2
0
0
1
0
1
0
0
1
0
0
0
0.888888888888889
0
1
0
0
1
1
0
0
0
1
0
1
0
2
0
1
0
0
2
0
0
0
1
0
1
0
0
1
0
1.25
0
0.985915492957747
1
0
1
0
0
0
0
0
0
0
0
1.25
0
0
0
0
0
0
0
0
1
0
1
1
1
0
1
2
0
0
0
0
0
1
0
0
1
0
1.00881057268722
0
0
0
0
1
0
0
0
1
1.8
0
0
0
1
0
1
0
0
1
0
0
0
0
0
0
0
0
0
1
0
1
0
1
0
0
0
0
1.16666666666667
0.00862068965517241
1
0
0
0
0
1
0
0
2
0
0
1
1
0
1
0
0
1
1
0
1
0
0
1
0
0
0
0
0
0
1
0
0
0
0
0
0.833333333333333
0
0
0
0
1
0
0
0
1
0
1.25
0
0
1
1
0
0
0
0
0
0
2
0
0
0
1
0
1
1
0
0
1
0
0
0
0
0.5
0
2
0.2
1
0
0
1
0
0
0
2
0
1
0
0
0
1
0
0
0
0
1
1
0
0
1
0
0
0
0
2
0.00403225806451613
0
1
0
0
0.5
1
0
0
0
0
0
0.947368421052632
0
0
1.02970297029703
0
1.4
0.958333333333333
0
0
1
1
1
1
0
1
0
0
0
0
1
0
0
1
0
0
0
0
1
1
0
1
0
0.5
0
0
0
2
0
0
1
0
0.666666666666667
0
0.0774818401937046
0
0
0
1
1
1
1
1
1
0
1
1
0
0
0
0.894736842105263
0
0
0
1
1
0
0
0
0
0
0
1
0
0
0
1
0
1
0
0
0
0
0
0
0.993006993006993
0.333333333333333
0
0
0
0
0
0.25
0.1
0
1
0.00985221674876847
0
0
0
0
1
0
1
0
0
0
1
1
0.977777777777778
0
1
0
1
0
2
1.9700176366843
1.04761904761905
0.9375
0
0
1
0
0
0
0
1
0
0
1
0
1
0
1
0.033033033033033
0
0
0
0
0
1
0
2
0
0
0
0
0
0
0
0
0
0
0
1
1
0
1
1
1.04571428571429
0
0
1.33796296296296
0
1
0
0
0
0
1
0
0
1
0.8
0.869897959183674
0
0
0
0
1
2
3
2
0
0
1
0
1
1
1
0
0
0.962121212121212
0
1
0
0
0
0.994541484716157
1
1
0
1
0
0
0
0
1
0
0
0
0.6
0
0
0
1
0
0
0
0
0
1
0
0
0
1
0
0
1
0
1
2
1
0
1
1
0
0
1
0
0
1
0
1
0
0
0
1
0
0
1
1
0
1
0
0.989690721649485
0
0
0.6
0
0
0
0
1
0
0
0
1
0
0
0
0
1
1
0
0
0
2
0
0
0
0
0
0
1
0
0
0
0
0
0
0
0
0
0
0
0
1
0
1
0
0
0
0
0
0
0
0
0
1
1
1
0
2
0
1
1
1.75555555555556
0
0
0
0
0.970588235294118
0
2
0
1
0
1
1
0
1
0
1
0
1
0
0
1
0
0
0
0
0
1
0
0
1
0
0
0
1.42857142857143
0
1
0
0
0
1
2
0
0
0
0.166666666666667
0
0
0.25
0
0
0
1
0.714285714285714
0
0
0.714285714285714
0
0
1
0
1
1
0
0
1
0
0
0
1
0
0.666666666666667
0
0
0
1
1
0
0
0
1
0
0
0
1
0
1
0
0
0
0
1
0
0
1
1
1
0
0
1
0
0
1
0
1
0
0
1
0
1
0
0
0
1
0
0
0
0
0
0
1
1
0
0
0
0
1
1
0
0
1
1
1
0
0
0
0
0
1
0
1
0
0
0
0
0
0
0
0
1
1
1
0
0
0
0
1
0
1
1
0
0.787878787878788
0
0
0
0
1
0
1
0
1
0
0
0
1
1
1
0
1
0
0
0
0
0
0
0
0
1
0
1
0
0.333333333333333
0
1
1
1
0
1.97727272727273
0.993975903614458
1
0
1
0
0
0
0
1
0
0
1
0
0
0
0
0
0
1
1
0
0
1
1
0
1
0
0
0
1
0
0
0
0
1
0
0
1.01612903225806
1
0
0
0
2
2
0
1
0
2
0
1
0
0
0
0
0
0
0
0
0
0.166666666666667
1
0
0
0
0
1
0
0
0
0
0
0
0
1
1
0
0
0
1
0
0
0
0
0
1.33333333333333
1
0
0
1
0
0
0
1
0
0
0
0
0
0
0
0
1
0
1
1
0.625
0
0
0
0
0
1.01565557729941
0
1.2
1
1
0.950980392156863
1
0
1
0
1
0
0
0
1
0
0
1
1.03125
1
1
0
0
0
0
0
0
1
0.923076923076923
1
0
0
0
0
0
1
1
0
0
1
0
0
0
1
1.03448275862069
1
1
0.333333333333333
1
0
0
1
0.995322245322245
0.994307748806463
1
1
0
1
0
0
0
0
0.934426229508197
0
0
0
1
0
1
2
0
0
0
1
0
0
0.956521739130435
1
1
0
0
1
1
0
0
1
0
1
1
0
1.02469135802469
1
0
1
1
0
0
0
0
0
0
0
0
1
0
0
0
1
0
0
0
0
1
0
1
0
1
0
0
1
2
0
0
0
0
0
1
0
0
0
1.91338582677165
0
1.5
0
1
0
1.78224101479915
1
1
0
0
1
0
0
0
0
1
0
0.985
0
1
1
0
1
1
0
1
1
0
1
0
0.957983193277311
1
2
0
0
1
0
0
0
0
0
0
0
1
2
0
0
0
1
1
0
0
0
1
1
1
0
0
0
1
0.25
0
1
0
0
0
0
0
0
1
0
0
0
0
1.25
0
0
0
0
0
0
0
1
1
1
0
1
1
0
0
0
1
0
1
3
1
2
1
0
1
1
1
0
0
0.990990990990991
1
0
1
1
0
1
1
0
0
0
1
1
0
1
0
0
1
0
0
1
0
0
0
1
1
0
0
0
0
1
0
0
0
0
0
0
0
0
1
0
0
0
1
0
1
0
1
1
0
1
2
1
0.973544973544973
0
0
2
0
0
0
0
1
0
1
0
0
0
0
2
0
0
0
1
1
0
0
0
1
0
0.875
1
1
1
0
0
0
0
1
0
0
1
1
0
0
0
1
0
0
0
0
0
0
0
0
0
0
0
0
0
1
0
0.971014492753623
0
0
0
0
1
1
1
1
0
1
0
0
0
0
0
0
0
1
1
0
1
1
0
0
1
0.142857142857143
0
0
0
2
0
1
2
0
1
1
0
1.66666666666667
0
0
0
1
0
0
0
0
0
0
0
0
0
1.01234567901235
0
0
1
0
0
1.66666666666667
1
0
0
1
0
0
0
0
1.25
1
1
0
0
0
0
1
0
0
0
0
0
0
0
1
0
1
0
0
1
0
0
0
0
2
0
0
0
1
0
0
0.875
1
0
1.01052631578947
1
0
0
0
1
0
1
0
1
0
1
0
0
1
0
1
0
0
1
1
0
0
0
0
1
1.125
2
1
0
0
0
0
0
1
0
0
0
0
0
0
0
0
0
1
0.5
0
0
0
1
0
0
2
0
0
0
0
1
0
1
1
0
0
1
1
0
0
2
0
0
0
0
1
0
0
0
0
0
0
0
0
0
0
0
0
1
1
1
0
0
0
0
1
0
0
1
0
0
0
0
0
1
1
0
0
1
1
0
0
1
0
1
1
0
0
0.0543130990415335
1
0
0
0
1
0
1
1
0
1
0
0
0
0
1
0
1
1
1
0
0
0
0
1.0046511627907
0
2
0
1
0
0
1
0
1
0
1
0
0
1
0
1
0
0
0.916666666666667
0
0
0
0
0.5
0
1
2
2
1
0
0
0
0.166666666666667
0
0
2
0
0
1
0
0
0
1
0
0
0
1
0
0
1
0
1
1
1
2
0
0
0
0
0
0
0
0
0
0
1
0
0
1
0
1
1
0
1
0
1
1
0
1
2
0
1.2
0
0
0
1
1
1
0
0
0
0
1
0
0
0
1
0
1
1
0
1
0
1
0
1
0
0
0
0
0
1
0.5
0
0
1
0
0
0
0
0
0
0
1
0
0
0
0
1
0
0
0
0
1
0
0.882352941176471
0
0
0.75
0
1
0
0
0
0.944444444444444
1
0
0
1
0
0
0
0
0
0
0.944444444444444
1
1
0
0
1.01149425287356
1
0
0
1
0.037037037037037
1
1
1
0
0
1.07166666666667
0
1
0
0
0
1
1
0
1
0
1
0
0
1
1
0
1
0
1
1
0
1
0
0
0
0
0
0.0116618075801749
0
0
0.5
0
0
0
0
1
0
0
0
1.01538461538462
1
0
0
0
0
0
0
1
1
0
1
1
0
0
1.13812154696133
0
0
1
0
0.0833333333333333
2
0
1
0.0217391304347826
1
0
0.92
0
1
0
1
0
0.972972972972973
1
0
0
0
1
1
2
1
0
1
0
0
0
0.928571428571429
1.5
1
0
1
0
0
1
0
0
1
0
1
1
1
0
0
0
0
1
0
0
0
1
0
0
0
0
0.0382947976878613
0
0.5
1
0
1
0
2
0
0.212489158716392
0
0
0
1
0
0.978947368421053
0
0
0
0
0
2
0
1
0
0
1
0
1
0
0
1
1
1
1
1
0
0
0
0
0
0.75
0
0
1.09333333333333
1.8965811965812
0
0.666666666666667
1
0
0.936170212765957
1
0
1
0
0
0
1
1
0
0
0
1
0
0
0
0
1.06666666666667
0
0
0
0
0
1
0
0
0
0
0
0
0
0
0
0
0.5
0
1
0.181818181818182
0
0
0
1
1
0
0
1
1
0
0
0
0.229591836734694
0
2
1
0.00256410256410256
0
0
0
0
0
0
0
0
0
0
0
1
1
0
1
2
0
0
0
1
0
1
1
1
0
0
1
0
0
0.704
1
0
0
0
0
0
0
0
0
0
0
0
1
0
0
0
1.01020408163265
0
0
0.857142857142857
1
0
0
0
0
1
0
0
0.981308411214953
1
1
1
0
1
0
0
0
0
0
0
0
1
0.25
0
0
0
1
0
1
0
1
0.986577181208054
0
0
0
1
1
0
0
0
1
0
1
0
0
2
0
0
0
0
1
0
0
0
0
0
0
0
0
0
0
0
1
0
0
0
1
0
0
0
0
0
0
2
0
0
2
0
0
0
1
0
0
0
0
0
1
0
1
0
1
0
0
0
0
0
0
0
1
0.821428571428571
0
0
0
0
0
0
1
0
0
1
0
1
0
0
0
0
0
0
0.5
0.833333333333333
0.85
0.989690721649485
0
1.02222222222222
2
0
0
1
1
0
1
1
0
0
1
1
1
0
0
0
0.992700729927007
0
0
0
0
0
1
0
0
1
1
0
0
0
0.053926206244087
0
0
2
0
0
0
0
1
0
1
0
1.16666666666667
1
0
0
0
1
0
0
0
0
1
1
0
1
0
0
0
0
0
1
0
1
0
0
0
1
0
0
0
0
0
0
0
0
1
0
0
0
0
1
1
1
0
1
0
1
3
1
0
0
0
0
0
0
1.00528169014085
0.0037037037037037
0
0.945762711864407
1
1
1
0
1
0
1
0
0.894736842105263
0
0
0
1
0
0
0
0
0
0
0
0
1
0
1
1
2
0
0
0
1
1
0
1
0
0.320944249121045
0
1
1.86500888099467
0
1
0
0
0
0
0
1
0
0
0
0
0
0
0.25
0
0
1
0
0
0
0
0
0
0
0
2
0
0
1
0
0
0
0
1
1
1.01351351351351
0
1
0
0
1
0
1
1
1.28571428571429
0
0
0
1
1
0
0
0
1
0
0
0
1
0
0
1
1
0
0
1
0
0
0
0
0
0
0
0
1
1.33333333333333
0
0
1
0
0
0
2
0
1
1
0
0
0
1
0
0
0
0
0
0
0
0
0
0
0
1
0
0
0.0740740740740741
0
0
1
1.5
0
0
0
1.75
0
0
1.5
1
2
0
0
0
1
0
2
1
0
1
0
0
1
0
0
0
0
0
0
0
0
2
0
0
1
1
1
0
0
1
0.909090909090909
0
1
0
0
1
0
0
0
1
0
2
0
1
0
0
0
2
1
0
0
0
0
0
0
1
1
1
0
0
0
0
0
0
0
0
0
0
0
1
0
0
0.881578947368421
2
1
1
0
0
0
0
0
0
0
0
0
1
0
0
0
0
0
0
0
0
0
0
0
1
0
0
1
0.2
1
0
0
0
0
1.04
1
2
0
0
0
0
0.0420841683366733
0.361111111111111
2
0
0.992700729927007
0
0
0
0
0
0
0
1
0
1
0.833333333333333
0
0.962962962962963
0
0
0
0
1
0
0
0
0
0
0
1
0
0
0
0
1
0
0
0
0
1
0
0
2
0
0.5
0.0275229357798165
0
0
0
0
0
3
0.933333333333333
0
1
0
0
0
1
0
0
0
0
0
0
0
0
0
0.5
1
2
0
0
0
0
0
1
0
0
1
0
0
0
1
0
1
1
1
1
0
0
2
0
2
1
1
0
0
0
0
0
0
0
1
1
0
0
1
1
1
0
0
0
1
1
0
0
1
1
0
0
0
0.0333333333333333
1
0
1
0
0
1.875
1.2
1
0
1
1
0
0
0
1
1
0.998347107438017
0
1
0
0
1
0
0
0
1
0
1
0
0
0
0
0
0
0
0
1
1.00061293288385
2
0
0
0
0.0389294403892944
0
1
0
0
1
1
0
1.02777777777778
0
1.98
0
1
2
0
0
0
0
0
0
0
0
0
0
0
0
1
1
0
0
1
0
0
0
0
1
0
1
0
1
0
0
1
0
0
0
1
1.75
0
0
0
0
0
1
0
0
0
1.33333333333333
0
2
0
1
1
0
0
0
0
0
1
0
0
0
0
0
0
0
1
0
0
0
0
0
0
0
2
1
1
1
1
0
0
0
1.02272727272727
1
0
0
1
0
0
0
1
0
0
0
0
0
0
1
1
0
1
0
0
0
0
0
0
0
0
0
0
0
0
0
1
0
0
1
0
0
0.25
1
0
0
1
0
1
0
0
1
0
0
0
0
0
1
1.15730337078652
0
1
1
1
0
0.833333333333333
0
1.125
2
0
0
0
1.00813008130081
0
0
0
0
0
0
0
1
1
1
0
0
1
1
0
0
0
0
0
0
0
1.16666666666667
1
0
0
0
0
0
0
1
0
0
0
0
1
2
0.25
0
0
0
1
0
0
0
0
1
0
0
1
0
0
0
0
0.769230769230769
0
0
0
0
0
1
1
0
0
0
0
0
0
1
0
0
0
0
0
0
0
0.6
1
0
1
2
0
0
0
0
0
0
0
2
0
2
2
1
0
1
1
1
0
0
0
0.0666666666666667
1.00495049504951
0
1
0
0
0
0
0
0
0
0
1
1
1
1
0
0
1
1
1
0.96875
0
0
1
0
0
0
0
1
0
1.5
0
1
1
1
1
0
0
0
0
1
0
0
0
0
1
0
1
0
0
0
0
0
1
0
0
0
0
1
0
0
1
0
1
0
0
0
0
0
2
0.925925925925926
0.5
0
0
1
0
0
1
1
1
1.01216216216216
0.727272727272727
1
0
0
1
0
0
0
1
1
1
0
0
0
0
1
0
2
0
1.01
0
0
0
0.5
1
1
0.98
0
0
0
0
1
0
0
0
1
0
0
0
0
1
0.990033222591362
0
0
0
0
0.998757763975155
1
0
0
1
0
0
0
0
1.04477611940299
0
1
2
1
1
0
1
0
1
0.986666666666667
0.998387096774194
0
1
1
1
1
0
0
0
1.1
0
1
0
0
0.342105263157895
0
0
1
0
0
1
2
0
0
1
1
0
0
0
0
2
0
0
0
0
1.03571428571429
1
0
0
2
0
0
0.992433795712484
0
1
0
0
0
0
0
0
1
0
1
0
0.2
0
0
0
0
0
0
0
0
0
1
0
0
0
1.00552486187845
0
1
0
1
0
0
0
2
0
1
0
1
0
0
1
0
0
1
0
0
0
1
0
1
1
0
0
1
0.833333333333333
0
0
1
0.923076923076923
0
0.989969909729188
0
1
0
1
1
0
0.2
1
0
1
1.00909090909091
0
1
0
0
0
1
0
0
0.927272727272727
0
1
1
0
1
0
0
0
0
1.00787401574803
0
0
1
2
1
0
1
0
0.333333333333333
0
0
0
0
0
0
0
1
2
0
0
2
0
0
1
0.642857142857143
0.222222222222222
0
0
0
1
0
0
0
0
0
0
1
0.818181818181818
1
1.94047619047619
0
1
1
0
1
0
1
0.239972807613868
1
0
1
1.025
0
1
0.115523465703971
0
1
0
0
0
0
0
0
0
1
0
0
1
0
0
1
0
0
1
0
0
0
0
0
0
0
0
0
2
1
1
1
0
0
0
0
0
0
0
0
0
0
0
0
0
0
1
1
0
0
0
0.620689655172414
2
0
0
1
1
0
1
0
0
0
0
0
0
0
0
0
0.992753623188406
0
0
0
1
0
0
0
1
0
2
1
0
0
0
0
0
0
0
1
0.75
0
0
0
0
0
0
0
0
1.2
0
0
0
0
0
0
0
0
1
0
0
0
0
1
1
1.81818181818182
0
0
0
1
1
0
0
1
0
0
0
0
0
0
2
0
1
0
0
0
0
0
0
1
1
0
1
2
2
1
1
0
1
0
1.05907172995781
0.011090573012939
0
1
0
0
1
0
0
1
0
2
0
1
0
0
1
0
0
0
0
0
1
0
1
0
0
0
0
0.992537313432836
0.333333333333333
1
0
1
0
1
0
1
0
0
1
0
0
0.00259067357512953
0
0
1
1
1
1
0
1
0
1
0
0
0
1
0
0
0
1
0
0
1
0
0
0
0
0
1
1
1
1
0
0
1
0
2
0.888888888888889
0
0
0
0
0
1
0
1
1.00215517241379
0
0.833333333333333
0
0
0
0
2
0
0
0
0
0
0
0
0
0
1
0
0
0
0
0
0
0
1
0
2
0
1
0.909090909090909
0
1
2
1
0
1
0.990909090909091
1
0
0
0
0
0
0
0
0
1
0
1
1
0
0
0
0
0
0.991596638655462
1
0
1
0
1
0
0
0
0
2
0
0
2
0
0
0
1
1
0
0
0
0
0
1
0
1
0
0
0
0
0
0
1
0
1
0
0
1
0
0
0
0
0
0
0
1
1
1.76470588235294
0
0
1
0
0
1
0
0
0
0
0
0
0
1
0
0
1
0
1
0
0
0
0
0
0
0
0
0
0
0
2
0
0
0
0
0
1
0
0
0
0
0
0
1.16666666666667
0
0
0
1
1
0
0
0
0
0
0
1
2
0.992094861660079
0
0
0
0
1
0
0
0
0
0
0
0
0
0
0
0
1
0
1
0
0
0
1
0
1
0
0
0
1
0
1
1
0
1
0
0
0
1
0
1
0
0
0
0
0
1
0
0
0
1.07142857142857
1
0
1
0
1
1.00662251655629
0
0
0
1
0
0
0
2
1
0
0
0
0
1
0
0
0
1
0
0
1
0
0
0
0
1
1
1
0.00024931438544004
1
0
1
2
0
1
0
0
0
1
0
0
0
0.00105263157894737
1
0
0
0
0
0
1
0
2
1
0
0
1
0
0
0
1
0
0
1
1
0
0
0
0
1
0
1
0
0
1
1
0
1
0
0
0
1
0
1
0
1
1.11111111111111
1
0
1
0
1
0
0
0
0
0
0
0
0
0
0
1
0
0
0
1
1
0
0
1
0
0
1
0
1
0
0
0
0
1
1
0
0
0
0
1
1
1.01953125
0
0
0
0
0
0
0
0
0
0.857142857142857
1
0
0
0
0
1
0
0
0
0
0
0
0
0
0
0
0
0
0
0
0
1
0
0
1
0
1
1
1.03846153846154
1
0
1
1
0
0
0
0
0
0
0
1
0
1
0
1
1
0
1
0
0
0
1
0
0
0
0
0
0
0
1
1
0
0
0
0
1
1
0
0
0
0
1
1
1
0
1.03571428571429
0
1
0
1
0
0
0
0.666666666666667
0
1
1
0
0
0.666666666666667
0.978111587982833
0
0
0
1
0
1
0
1
0
0
0
0
0
0
0
0
0
0
1
1
0
2.25
0
0
0.985074626865672
1
0
1
1
0
0
0
0
0
0.841666666666667
0
0
0
0
0
1
0
0
1
1
1
0
0
0
0
1
0
0.961538461538462
0.996951219512195
0
0
1
0
0
0
0
1
0
0
0
1
1
0.993548387096774
0
0
0
0
1
0
0
1
0.0740055504162812
0
0
0
0
1
0
0.944444444444444
1
1
0
0.8
0
1.02643171806167
0
0
1
1
1
0.964912280701754
0
0
0
0
0
0.00757575757575758
1
0
1
0
0
1
0
0
1
1
0
0
0
1
2
0
0
0
1
0
0
0
0
0
0
0
0
0
0
0
1
1
1
0
0
0
0
0
0
0
0
0
1
1
0
0
0
0
0
1
1
0
0
2
0
1
1
0
0
2
0
0
0
0
1
0
0
0
0
1
1
1
0
0
1
0
0
1
0
0
1
1
0
0
0.985163204747775
1
0
1
0
0
1
1
0
1
0
1
0
1.02884615384615
0
0
1
1
0
1
0
1
0
1
0
1
0
0.00791295746785361
1
0
0
0
0
1
0
2
0
1
0
2
0
0
0
0
0
0
0
1
0
0
1
0
0
1
0
1
1
0
0
1
0
0
0
0
0
0
0
1
0
0
1.04
1
0
0
0
0
0
0
0
0
0
0
0
1
1
0
0
1
1
0
1
1
0
0
0
1
0.333333333333333
0
1
0
0.0541310541310541
0
0
0
0
0
1
1
0
0
0
0
0
1
1
1
1
0
0
0
0
0
1
0
0
1.02333333333333
0
0
1
0.990909090909091
1
0
0
0
0
0
0
0
0
1
0
0
0.00234741784037559
0
0
0
0
0
1
0
0
0
0
1
0
0.9
0
0
1
1
0
0
1
1
0
0
1
0
0
0
0
0
0
1
0.8
0
0
0
1
0
0
0
0
0
1
0
1
0
1
0
0
1
0
1
1
1.10869565217391
0
0
0
1
0
0
1
0
0
0
0
0
0
1
1
0
0
0
0
0
0
0
1
0
0
1
0
0
0
1
1
1
1
1.5
0
0
0
1
1
1.02564102564103
0
1
0
0
1
0
0
1
0
0
1
0
0
0
0
0
0
1
0
2
1
2
1
0
0
1.90909090909091
0
0
0.0384615384615385
0.882352941176471
1.02777777777778
1
0
0
0
0
1
0
0
0
0
0
0
0
1
0
1
0
0
0
2
0
1
0
2
1
0
0
0
0
0
1
0
0
2
0
1
0
0
1
0
0
0
0
1
0
1
0
1
1
0
1
0
0.939393939393939
0
1
0
0
1
0
1
0
1
1
1
1
0
0
0
1
1
0
0
0
1
0
0
1
0
1
0
0
0
1
0
0
0
0
0
0
0
1
0
0
0
1
0
0
1
1
2
0
0
0
1
0
0.990990990990991
0
0
0
1
0
0
0.862068965517241
1
0
0
0
0
0
0
0
0
0
0
0
1
1
1
1
0
1
0
0
0
0
0
1
0
0.986111111111111
0
0
0
0
0
0
0
1
1
1
0
0
1
1
0
1
1
1
0
0
0
0
1
1
0
0
0
0
0
0
1
1
0
0
0
0
1
0
0
0
0
0
0
1
1
0
0
0
0
0
0
0
0
0
2
0
0
0
1
0
1
0
2
0
0
0
0.970238095238095
0
0
0
1
0
0
0
1
2
0
0
0
0
0
0
0
1
1
1
0
0
1
1
2
0
0.944444444444444
0
0
2
1
1
0
0
0
0
0
0
0
0
1.96412884333821
1
0
1
0
1
0
0
0
0
0
0
0
1
0
0
0.991452991452991
0
0
0
0
1
0
0
0
0
0
0
0
0
1
0
0
1
1
1
0
0
0
0
0
0
1
0
0
1
1
0
0
1
1
0
0
0
0
0
0
1
1
0
0
0
1
0
0
1
1
0
1
0
0
1
1
0
0
1
0
0.979757085020243
0
0
0
0
1
0
0
1
1
0
0
0
0
1
0
0
0
0
1
1
0
0
0
0
0
0
0
0
0
1
1.03225806451613
0
0
0
0
0
0
1
0
0
0
0
0
0
0
0
0
0
0
0
0
0
1
0
0.975247524752475
0
0
0
0
1
0
1
1
0
0
0
0
1
1
0
1
2
0
0
1
0
1.01680672268908
0
0
0
1
0
0
0
0
1
0
0
0
0
0
0
0
0
1.07936507936508
0
0
0
0
0
0
0
1
0
1
0
1
1
0
0
0
1
2
0
0
0
0
1
1
1
1
0
0
0
0
0
1
0
1
0
0
0
0
0
1
0
0
0
0
0
2
1
0
0
0
0
0
0
1
0
0
0
0.942446043165468
1
0
0
0
0
0
2
1
0
0
1
0
1
0
1
1
1
0
0
0
0
0
0
0
0
0
0
0
1.00909090909091
0
1
0
1
0
0
0
0
0
1
1
0
0
1
0
1
0
0
0
0
0
1
1
1
0
0
0
0
0
0
0
0
0
0
0
0
1
0
0
1
0
0
0
0
0
0
0
0
0
0
0
0
0
0
1
0
1
0
0
1
0
0
1
1
0
1
0
0
0
0
0
0
0
2
1.96382978723404
0
0
2
0
0
0
0
0
1
0
0.0316205533596838
0
0
0
1
0
0
0
0
0
1
0
1
0
1.01204819277108
0
0
0
0
0
1
0
0.958333333333333
0
0.986842105263158
0
0
0
0
0
1.03389830508475
0
1
0
0
0
0
0
0
0
0
1
0.990029910269192
1
0
0
0
1
0
0
0
1
0
0
0
0
0
0
0
0
0
1
1.33333333333333
0
1
0.5
0
0
0
1
1
0
0
1
1
0
0
0
0
1
1.06666666666667
0
1
0
0
0
0
0
0
0
1
1
1
0
0
1
0
0
0
1.22727272727273
1
0
0.142857142857143
1
2
0
0
1
0
1
0
0
0
1
2
0
0
1
0
0
0
0
0
1
0
0.987951807228916
1
0
0
0
1
1.5364238410596
0
1.00943396226415
0.5
0
1
0
0
0
0.980916030534351
0
0
0
0
1
0
0
2
1
0
0
1
0
0
1
1
1
0
0
0
0
0
1
0
1
0.989228007181329
0
0
1
0
0
0
0
0
0
2
1
1
0
0
1
0
0
0
0
0
1
0
0
1
0
0
0
0
0
1
0
0
0
0
0
0
0
1
0
0.0138888888888889
0
2
1
1
0.941176470588235
0
0
0
1
0
1
0
0
1
0
0
0
0
1
0
0
2
0
0
0
1
0
0
0.99541547277937
0
0
1
0
0
1
0
1
0
0
0
0
0
0
0
0
0.998348017621145
0
0
0
1
1
0
1.1
0
1
0
0
1
0
1
1
0.999493414387031
0
0
1
0
0
0
1
0
0
1
0
0.895522388059702
1
0
0
0
0
0
0
0.615384615384615
1
1
0.00727802037845706
0
0
1
1
1.08333333333333
2
1
1
1
0
0
1
0
0
2
0
1
0
1
0
0
0
1
1
1
0
0
2
1
0
0
1
0
0.25
1
0
0
1
1
2
0
0.990476190476191
0.666666666666667
1
0
1
1
0
0
0
1
1
0
1
1
0
0
0
0
0
0
0
0
0
0
1
1
0
0
0
0
0
0
0
0
0
0
0
0
0
0
0
1
0
0
0
0
0
0
0
0
0
0
1
0
0
0
0
0
1
0
1
0
0
1
0
0
0
0
0
1
0
0
0
1
0
1
0
0
0
1
0
0
0
1
0
0
1
2
1
0
3
1
0
0
0
0
1
0
1
0
0
0
0
1
1
1
0
1
1
0
0
0.980645161290323
0
0
1
0
0
0
0
1
0
0
0
1
0
2
1
0
0
1.00980392156863
0
0
0
1
1
2
1
0
0
0
0
0
1
1
0
1
0
0
0
0
1
1
0
0
0
1
0
0
0
0
0
0
0
0
2
1
1
2
0
1
0
0
0
0
1
0
0
0
0
1
2
0.333333333333333
0
0
0
1
0
0
0
0
0
0
0
1
1
1
0
0
0
1
0
1
0
1.0530303030303
0
0
0
0
1
1
0
0
0
1
0
0
0
0
0
0
1
0
1
0
0
0
0.980769230769231
0
1
1
0
0
0
0
0
1
0
1
0
0
0
0
0
1
0
1.11504424778761
0
0
0
1
0
0
0.990291262135922
0
0
0
0
0
0
0
0
0
0
0
0
0
0
0
1
0
0
0
0
0
0
0
0
0.986206896551724
1
0
0
0
1
0
0
0
0
0
1
0
2
0
1
2
1
0
1
0
0
1
1
1
1
0
0
0
2
0
0
0
0
0
0
2
0
1
0
0
0
1
0
0
0
0
0
1
1
0
1
0
1
0
1
1
0
0
0
1
0
0
0
0
0
0.997093023255814
0
0
0
1
0
0
0
0
1
1
1
1
0
0
0
1
0
1
0
0
0
1
0
0
0
1
1
1
0
0
0
1.4
0
1
0
1
1
1
0
0
1
0
0
0
0
0
0
0
0
0
0
0
0
0
0
2
0
0
0.91304347826087
2
0
1
0
0
1
0
0
1
1
0
1
0
1
0
0
0.965217391304348
0
0
0
0
0
0
1
1
0
0
1
1
0
0
0
0
0
0
0
0
0
0
0
0
0
1
0
1
0
0
0
2
1
0
0
0
1
0
0
0
0
0
0
1
1
0
0
0
1
2
0
0
0
0
0
0
1
0
1
0
0
2
0
0
0
0
1
1
0
0
0
0
0
0
0
0
0
0
1
0
0.5
0
1
1
0.996875
0
0
0
0
0
0
0
0
0
0
0
1.01639344262295
1
0
0
0
0
2
0
0
0
0
0
0
1
1
0
0
0
0
1
0
0
0
0
2
0
0
0
0
0
1
0
0
0
0
0
0
0
1
1
1
1
0
1
0
0
0
0
0
0.0382775119617225
0
0
1
0
1
0
0
0.968098159509202
1
1
1.27272727272727
1
0
0
0
0
0
0
1
0
0
1
0
0
0
1
0
0
0
0
0
0
0
0
1
0
1
0
0
0
0
0
1
0
0
0
0
1
0
1.92982456140351
0
0
1
0
0
0.00581395348837209
0
0
0
0
0
0
1
1
0
1
0
0
0
1
0
0
1
1
0
0
0
1
0
1
0
0
0
0
0
0
0
0
0
0
1
1
0
0
1
0
1
0
0
1
0
0
0
1
0
0
0
0
1
0
0
0
0
1
0
1
0
1
0
1
0
0
0
1
0
0
0
1
1
1
0
0
0
0
0
1
1
1
0
0
0
0
1
0
0
0.968992248062015
1
0
0
0
0
0
0
0
0
1
0
0
0
1.60869565217391
0
0.5
0
0
1.03389830508475
0
0
0
2
1
0
1.06122448979592
1
0
2
0
0
0
0
0
0
1
0
0
1
0
0
0
0
0
0
0
0
0
0
0
0
0.916049382716049
0
0
0
1
0
1
1
0
1
0
0
0
0
0
1
0
0
1
1
0
0
0
0
1
0
1
0
0
0
0
0
1
1
0
0.984810126582279
1
0
0
1
1
0
0
0
0
0
0
0
0
0
1
1
0
0
1
0
1
0.971830985915493
1
1
0
1
0
0
0
1
0
0
0
0
0
0
0
0
1
0
1
0
1
0
0
0
0.974137931034483
1
1
0
0
0
0
0
2
0
0
0
0
0
0
1.11111111111111
0
1
0
1
0
0
0
0
0
0
0
1
0
0
0
0
0.777777777777778
1
1
0
0
0
0
2
0
1
0
1
1
1
1.23463687150838
1
0
1.11111111111111
0
0
0
1
0
0
0
0
0
0
0
0
0.27708703374778
0
0
0
0
1
0
0
0
0
0
0
0
0
0
0
0
0
0
0
0
1
0
1
0
0
0
0
0
0
0
0
0.0816326530612245
0
0
0
1
0
0
0
0
0
0
0
0
1
0
0
1
0
1
0
0
1
1
0
1
0
0
0
0
0
0
0
0
0
0
0
0
0
1
0
0
0
0
0
0
0
0
0
0
0
1
0
0
0
1
0
1
0
0
2
0
1
0
0
0
0
0
0
0
0.333333333333333
0
0
2
0
0
0
0
0
0
0
0
0.5
0.00623430600051953
0
0
0
0
0
1
0
0
0
0
0
0
0
0
1
0
1
0
0
0
0.333333333333333
0
0
0
1
0
0
0.0114942528735632
0
0
0
0
1
0
0
0
0
0
0
0
1
0
0
1
0.00516795865633075
1
0
0
1.01315789473684
1
0
0
1
0
0
0
1
2
0
0
1
0
0
0
0
0
0
0
1
0
0
1
0
0
0
0
0
1
0
1
0
0
1
1
0
0
0.5
0
0
0.079746835443038
0
0
1
0
0
1
0
0
1
1
0
0
0
0
0
0
0
0
0
0
0
0
0
0
0
0
0
0
1
0
0
0
0
0
0
1
0.740740740740741
0
0
1
0
0
1
1.07692307692308
0
0
0
0
2
0
0
0
1
1
0
1
0.0432432432432432
0
0
0
1
2
1
0
0
0
0
0
0
1
0
0
1
0
0
0
0
2
0
1
0
0
1
1.05
0
1
0
0
0
0
0
1
0
1
0
1
0
1
0
1
2
0
1
1
1
0
1
0
0
0
1
1
0
1.96842105263158
0.985915492957747
1
0
0
0
0
0
0
0
1
2
2
1
0
1.625
0.111111111111111
0
0
0
1
0
0
0
0
0
1
0
0
0
0
0
0
1
0
0
0
0
0
1
1
0.0151515151515152
1
0
0
0
0
1.00434782608696
0
1
1
0
1
0
0
0
0
0
0
0
0
0
0
1.25
1
1
0
0
0
0
0
0
0
0
0
0
1
0
0
0
0
0
0
0
0
0
0
1
0
1
0
0
0
0
0
0
1
1
0
0
0
1
0
1
0
0
0
1
2
1
0
1
0
0
0
1
0
0
1
0
0
1
0
1
1
1
0
1
0
0
0
0
2
0
0
0
2
1
1
0
1
0
1
0
1
0
1
0
1
0
0
0
0
0
0
1
0
0
0
0
1
0
1
0
0
1
1
0
0
0
0
1
0
0
0
0
1
2
1
1
0
1
0
0
1
0
0
0
0
0
0
0
0
1
1
0
1
0
0
0
0
0
0
1
1
1
0
1
1
0
1
0
0
0
0
0
1
0
1
0
1
0
0
0
0
0
0
0
0
0
1
1
1
0
1
1
0
0
0
0
0
0.5
0
0.285714285714286
1
1
0
1
1.10752688172043
0
0
0
1
0
0.5
0
0
0
0
0
0
0
1
0
2
0
0
0
0
0
1
0
0
0.981481481481482
0
0
0
1
0
1
2
0
0
0
0
0
0
0
0
0
0
0
0
0
0
0
0
1
0
1
1
0
0
0
0
0
1
0
0
0
0
2
0
0
0
0.986111111111111
1
0
0
1
0
0
0
0
0
1
1
1
0
0
0
0
1
0
0
0
0
0.214285714285714
1
0
0
0
1
0
1
0
1
2
0
0
0
1
0
0
0
0
0
0
0
0
0
1
1
0
0
0
0
0
0
0
0
1
0
0
0
1
0
1.01724137931034
1
0
0
0
0
0
0
0
0
1
0
0
1
0
0
0
1
0
0
1
0
0
1
0
0
0
0
0.8
0
0
1
0
0
1
0
0
0
0
1
0
0
1
0
0
0
0
0.96551724137931
0
0
1
0
2
1
1
0
0
0
1
0
1
0
0
0
1
1
0
0
0
0
0
1
1
0
0
1
0
1
0
0
0
1
0
0
0
0
0
0
1
0
0
0
1
0
0
0
2
0
1
1
0
0
0
0
0
0
1
0
0
0
0
0
0
0
0
0
1
0
1
1
0
0
0
0
0
0
1
0
1
1
1
0
0
0
0
0
1
1
1
1
0
0
0
0
0
2
0
0
0
0
0
0
0
0
0
1
1
0
0
0
0
0
0
0
0
0
0
0
0
0
0
0
0
0
0
0
0
1
0
0
1
0
0
0
0.9875
1
1
1
0
0
0
1
0
0
1.0609756097561
0.998551774076756
0
1
0
0.666666666666667
0
0
0
0
0
0
0
2
0
0
0
1
0
1
0
0
0
0
0
0
0
0
0
0
0
0
0
1
1.02857142857143
0
1
1
0
0
0
0
0
1
0
0
1
0
1
1
0
0
0
1
1
0
2
0
0
1
0
0
1
0
0
0
0
0
1
0
0
1
0
0
1
0
1
0
0.975
1
0
0
1
0
1.02702702702703
0
1
2
0
0
0
1
1.99463806970509
1
0
0
0
0
0
1
1
0
0
0
0
0
0
0
0
1
0
0
0
0
0
1
0
0
0.8
0
0
0
0
1
1
0
1
0
0
0
0
1
1
0
0
0
1
0
1
1
0
0
0
0.739130434782609
1
0
0
0
1
0
1
0
0
0
0
1
0
0
1
0
0
0
0
2
0
1
2
0
0
0
0
0.0344827586206897
0
0
1
0
0
0
0
0
0
0
0
0
1
0
0
1
0
1
0
0.2
0
0
0
0
1
0
1
0
0
1
0
0
1
0
1
0
0
1
1
1
0
0
0
0
0
0
0
0
0
0
0
0
0
0
1
0
0
1
0
0
0
0
1
0
2
0
0
1
0
0
0
0
1
0
0
1
1
0
0
0
0
0
0
1
0
0
0
0
0
0
0
0
0
0
0
1
0
0
0
0
1
1
0
0
0
0
1
0
0
0
0
1
0
0
0
0
0
0
0
0
1
0
1
0
0
0
0
1
1
0.949101796407186
1
1
0
1
0
0
0
0
0
0
0
0
1
0
1
1
0
1
3
0
0
0
0
0
1
0
0
2
0
2
2
1
1
0
0
0
1
0
1
1
0
0
1
0
0
0
0
1
1
1
1
1
0
0
0
0
0.0227272727272727
1
0
2
0
0
1
1
0.941176470588235
0
0
0
0
1
1
1
0
0
1
0
0
1
1
0.833333333333333
1
1
0
1
1
0
0
0
0
0
0
0
0
0
0
0
1
0
0
0.6
0
2
1
0
1
0
1
0
0
0
0
0
0
0
0
1
0
0
1
0
0
0
0
0
1
1
0
1
1
0
1
1
0
1
0
0
0
0
2
0.714285714285714
0
1
0
1
0
0
0
1
0
0
0
1
0
0
0
0
1
1
1
1.99186991869919
1
0
0
0
1
1
0
0
1
0
0.0210843373493976
0
0
0
1
0
1
1
0
0
0
0
0
0
0
0
0
1
0
0
0
1
0
0
0
0
0.982608695652174
1
0
1.99295774647887
0
1
0
0
0
0
0
0
0
1
2
1
1.5
0
0
0
1
0
0
0
0
0
0
1
0.979166666666667
1
1.87912087912088
1
0
0
1
0
1
0.990476190476191
0
0
0
0
0
0
0
0
0.733333333333333
0
0
0
0
1
0
0
0
0
0
0
1
0
1
0.829787234042553
0
2
0
1
1
0
0
0
0
1
0
2
0
1
1
1.5
0
0
1
0
0
0.0319148936170213
1
0
0
0
0
0
1
0
1
0
0
0
1
0
0
1
0.142857142857143
1
0
0
0
0
0
0
0
1
0.880368098159509
1
0
0
0
0
0
0
0.962962962962963
0
0
0
0
1
1
0
0
0
0
0
0
1
0
1
0
0
0
2
1
1
0
0
0
0
0
0
1
0
0
0
0
0.5
0
0
0
0
0
0
0
0
0
1
0
0
1
0
0
0
0
1
0
1
0
0
0
0
1
0
0
0
0
1
2
1
0
0
0
0
1
1
0
1
0
0
0.998917414166409
0
1
1
2
0.5
0
1
0
1
1.73333333333333
0
0
0
0
1
0
0
1
1
1
0
0
0
0
0
0
0
0
0
0
0
0
1
1.03448275862069
1
1
1
0
0
1
1
0
1
0
0
1
0
0
0
0
0
0
0
0
1
0
0
2
0
1
0
0
1
1
1
1.06060606060606
1
1
0
0
0
1.14285714285714
0
0
0
0
0
1
0
1
1
0
1
0
0
0
0
1
1
0.972972972972973
1
0
1.04347826086957
0
1
0
0
0
0
0
1.04132231404959
0
0
0
0
1
0
1
0
1
0
0
0
1
0
1
2
0
0
1
1
1
0
0
0.944444444444444
1
0
1
0
0.977272727272727
0
0
0
0
0
1.03571428571429
0
0
0
1
0
1
0
1
2
0
0
0
0
0
0
0
1
0
1
0
0
2
0
0
1
0
1
0
0
1
0
0
0
0
1
0
0
0
2
0
1
1
0
0
0
0
0
0
2
0
0
0
0
0.5
0
1
1
0
1
2
1
1
0
0
0
0
0
0
0
0
0
1
1
1
0
0
0
1
0
0
0
1
0
0
0
0
0
1.00797448165869
0
2
0
0
1
0
1
1
0
0
1.00806451612903
1
1
0
0
0
1
0
0.958333333333333
1
0
1
0
0
0
1
0
0
1
1
0
1
0
0
0
1
0
0
1
0
1
1
1
1
1
0
0
0
1
0
0
1
0
0
1
1
1
0
0
0
1
0
1
0
1
1
0
0
0
1
1
0
1
0
0
0
0
0
0
1
0
0
2
0
0
0
0
0
0
0
1
0
0
0
0
0
0
1
0
0
0
0
0
0
0
0
1
0
0
0
1
0
0
0
0
0.995859213250518
1
0
0
0
1
0
1
0
0
0
1
0
0
0
1
0
0
1
0
1
0
0
0
0
0
0
1
1
2
0
0
0
0
1
0
0
0
0.985507246376812
1
1.42105263157895
0
0
0
0
0
1
0
0
0
0
0
0
1
0
0
0
0
0
0
0
0.0140845070422535
1
0
0
0
1
0
1
1.02702702702703
0
0
0.0569105691056911
1
0
1
0
0
1
0
0
0
0
0
1
0
1
0
0
0.571428571428571
1
0
0
1
1
0
0
0
0
0
1
0
0
0
0
0
0
0
0
0
0
0
1
0
0
0.978723404255319
0
0
0
0
0
0
1
0
0
0
1
0
0.982142857142857
0
0
0
0.869565217391304
1
0
0
0
0
0
1
1
0
1
0
0
1
0
0
1
0
1
0
0
0
0
0
0
1
0
0
1
1
1
0
0
1
0
0
1
0
0
1
0
0
0
1
1
1
1
1
0
1.12432432432432
1
1
0
1
0
0
0
0
0
1
1
0
0
1
1
0
0
0.928571428571429
0
0
0
1
0
0
0
0
0
1
0
0
0
0
0
1
0
1
1
1
0
0
0
1
1
0
0
0
1
0
1
1
1
0
0
1
1
0
1
0
1
0
0
1
0
0
0
1
0
0
0
0
0
0
0
0
0.2
0
1
0
0
0
0
1
1
0
0
1
0
0.988700564971751
0
0
0
1
1
0
1
0
1
0
0
1
0
0
0
0
0
0.866666666666667
0
0
0
0
0
1
1
1
0
1
0
1
1
0
0
1
0
1
0
1
1
0
0
0
0
0
0
0
0
0
0
0
1
0
1
0
0
0
0
1
0
0
0
1.00869565217391
1
1
0
0
0
0
0
0
0
1.9761045987376
1
0
1
1
1
1
0
1
0
1
0
0
0
0
0
0
0.333333333333333
1
0
1
1
0
0
1
0
0
0
1
0
1
0
0
0.0697674418604651
0
0
0
0
0
0
1
1
1
0
0
0
0
0
0
0
1
1
0
0
0
0
0
0
1
0
1
0
0
0
0
0
0
0
0
0
0
0
2
0
1
0
0
0
0
0
0
1
0
0.0151515151515152
0
0
0
0
2
1
0
1
0
0
0
0
1
0
0
0
1
0.0202863961813843
0
1.02054794520548
1
0
0
1
0
0
0
1
0
1.125
1
0.939393939393939
0
0
1
0
0
1
0
1
0
0
1
1
0
0
0
1
0
0
1
0
0
0
0
0
0
0
0
0
1
0
0
0
0
0
1
1
0
0
0
0
0
0
0
1
1
0
0
0
0
0
0
0
1
0
0
0
1
0
0
0.5
0
0
0
0
0
1
0
2
0
1.8
0
0
0
0
0
0
0
0
0.994915254237288
0
0
0
0
0
1
0
0
0
0
1
1
0
2
0
1
0
1
0
0
2
1
0
0
0
0
0
1.06923076923077
1
0.0666666666666667
0
0
0
0
0
0
1
0
0
0
0
0
0
1
0.993421052631579
1
0
0
0
0
0.5
0
1
0
0
0
1
1
0
0
0
1
0
0
0
1
0
0
0
0
1
0
0
0
0
1
1
2
0
0
0
1
0
1
0
1
1
0
1
0
0
0
0
0
0
1
0
1.00715990453461
1
0
0
0
0
0
1
0
0
0
0
0
0
1.05932203389831
0
0
0
0
2
1
0
0
1
1
1
0
0
0
0
0
0
0
0
0
1
1
0
1
0
1
0
0
0
0
0
0
0
0
0
0
0.9
1
0.5
2
0
0
2
0
0
0
0
1
2
0
0
1
0
1
1.125
1
0
0
1
0
0
0
1
0
2
1
1
0
1
0
0
1
0
0
1
0
0.00917431192660551
0
0
0
0
0.016260162601626
1.90322580645161
1
0
0
0
0
1
0
2
1
1
1
0
1
0
0
0
1
0
1
0
0
0
0
0
1
0
1
1
0
0
0
1
0.0222222222222222
1.2
0
0
0
0
0
0.75
1
1
0
1
2
1
1
0
0
0.0794392523364486
0
1
0.0855614973262032
1
0
0.125
1
0
0
1
0
1
1.07142857142857
2
0.0756302521008403
0.05
1
1
0
1
0
0
1
0
1
1
0
1
0
0
0
0
0.5
0
0
1
0
0
1
0
0
1
0
1
0
1
0.0454545454545455
0.0805860805860806
0
0
0
0
1
0
0
0
0.0344827586206897
0.0857142857142857
0
1
0
0.130434782608696
0
0
0.5
0
0
0
1
0
0
0
0
0
0
1
0
0.0636363636363636
0.0869565217391304
0
0
0
0
0
0
0
1
0
0
0
0
0
0
1
1
1
0.888888888888889
0
0
0
0
1
0
0
1
0.0561797752808989
0.0425531914893617
1
1
0
0
0
0
0
0
1
0.111111111111111
0
0
1
0
0
1
0
0
1
0
2
0
0
0
0
1
1
0
1
0.04
0
0
0
1
0
1
1
0
0
0
0
0
1
0
1
0
0
0
0
1
0
0
0
0
0
1
0.054320987654321
0
0
0
1
0
0
0
2
0
0
0
0
0
0
0
0
0
0
0
1
0
0
0
0
0
0
0
0
2
0.0508474576271186
0
0
0
0.0566037735849057
0
0
0
0
1
0
0
1
0
0
0
1
0
2
1
0
0
0
0
0.666666666666667
0
1
0
0.977186311787072
0
0
0
0
0
0
0.5
0.25
0
0
0
0
1
1
0
1
0
0
1
0
0
0
0
0.0681818181818182
0
1
0
0
0
1
1
0
0
0
1
1
0
0
0
0
0
1
0
0
1
0
0
2
0
0
0
0
1
0
1.98532328441095
0
0.0569620253164557
0.052757793764988
2
0
0
0
1
0
0
0.0217391304347826
0
1
0
0
0
0
1
1
0
0
0
0
0
1
0
1.16666666666667
1
1
0
0
0
1
2
0.232673267326733
1.23076923076923
0
1
0.62962962962963
0
0
1
1
1
0
0.6
2
1.33333333333333
0
1
0
0
0
1
0
0
0
1
0
0
0
1
0
0
1.11111111111111
1
0
1
0
0
1
0
0
0.939393939393939
1
0
0
1.02127659574468
1
1
1
0
0
0
1
0
0
0
0
2
0
0
1
0
0
0
0
0
0
1
0
0
0
0
0
1
1
1.375
0
1
1
1
0
0
0
0
0
1
1
1
1
1
1
0
0
2
0
1.33333333333333
1.5
0
0
1
0
1.04761904761905
0.975
1.16666666666667
0
0
0
1.33333333333333
0
1
1
2
0
1
0
0
1
0
1
0
0
0
0
0
0
0
1
0
0.5
1
1
0
0
0
0
1
0
0
0
0
0
1
0
1
1
0
0
1
0
1
0
0
0
1
0
0.96039603960396
1
0.888888888888889
0
0
0
0
0
0
0
0
1
0
0
0
1
2
1
0
0
0
0
0.923076923076923
0
0
0
2
0
0
0
0
1
0
0
0
1
0
0.75
1
0
1
0
1
0
0
0
0
0
0
0
1
0
0
0
0
0
1
1
0
0
0.0909090909090909
0.978723404255319
1
0.909090909090909
0
0
0
1
1
0
0
1
0.5
0
1
1
1
0
0
0
1
0
1
1
0
0
0
1
0
0
1
0
0
1
1
1
0
0
1
0
0
1
0
0
1
0
1
0
0
0
1
0.5
1.5
1.14851485148515
1
1
1
0
0
0
0
0
0
0
0
0
0
1
0
0
0
0
0
1
0
0
1
1
0
0
1
1
0
0.5
0
0
0
1
0
0
0
1
1
1
0
1
0
0
2
0
0
0
1
0
0
1
0
0
0
1
0
1
1
0
0
1
0
1
0
0
0
0
0
0
0
1
0
0
0
0
1
0
0
0
0
1
1
2
0
0
0
0
0
0
1
0
1
0
1
1
1.5
0
1
0
0
0
0
0
0
0
0
0
0
1
1
0
1.5
1
0
0
1
0
0
0
0
1
0
0
1
0
0
1
0
0
0
0
0
0
0
0
1
0.25
0
0
1
1
0
1
1
0
0
0
0
0
0
0
1
0
1
0
0
1
0
1
1.00793650793651
0
1.5
0
1
0
0
0
1
0
1
0
1
0
1
0
0.00735294117647059
0
0
1
2
0
0
1
0
0
0
0
1
0
1
1
0
0
1
0
0
0
0
0
0
1
2
0
0
0
1
0
0
0
0
1
0
1
0
2
0
0
0
0
0
0
0
0
0
1
1
0
1
0
0
0
0
1
0
0
0
0
0
1
0
0
0
0
2
1
0
0
0
1
1
0
0
0
0
0
0
1
0
1
1
0
0
0
1
1
0
0
0
0
0
1
0
0
0.217948717948718
1
0
1
0
1
1
1
1.25
0
1
0
0
1
1
0
0
0
1
0
0
0
0
0
2
0
0
1
1
0
0
0
1
1
0
0
0
0
1
0
0
0
0
1
0
0
0
0
0
0
1
0
1
0
0
0
0
2
0
0
1
0
1
0
1
1
0
1
0
0
1
0.818181818181818
0
1.1
0
0
0
0
0
0
0
0
1
0
0
0
0
1
1
0
1
0
0
1
0
0
0
0
0
0
0
0
0
0
1
0
0
0
0
0
0
0
0
2
0
0
0
0
0
1
0
0
1
0
0
0
0
0
0
0
0
0
0
0
0
0
1
0
2
0
0
0
0
0
0
0
1
0
1
0
1
2
0
0
2
1
0
0
0
1
0
1
0
0
1
1
0
0
0.5
0
1
0
0
2
0
0
1
1.11510791366906
1
0
0
0.5
1
1
0
0
0
0.111111111111111
0
0
0
1
0
0
0
0.988853503184713
0
0
0
0
0
0
0
0
0
0
0
0
0
1
0
0
1
0
0
0
0
0
0
0
0
1
1
0
0
1
0
0
0
0
1
0
0
0
0
1
0
0
0
0
0
1
0
0
0
0
0
0
0
2
0
0
1
0
0
0
0
0
0
0
0
0
1
0
0
0
1
0
0
0
1.33333333333333
0
0
0
1
0
0
0
0
0
0
0
0
1
0
0
0
0
1.26717557251908
0
0
0
0
0
0
0
1
1
0
0
0
0
0
0
1
0
0
0
2
0
0
0
1
0
0
0
0
0
0
0.75
0
0
0
0
0
1
0
0
0.5
1
1
0
0
2
1
0
0
0
0
0
1
0
0
0
0
0
0
0
0
0
1
0
0
1
0
0
0
1
0
0
0
1
1
1
1
0
1
1
0
0
0
1
2
1
0
0
0
0
0
0
0
0.166666666666667
0
0
0
0
0
0
0
0
0
0
2
1
1
0
0.5
0
0
0
0
1
0
0
0
1
1
1
0
0
1
0
0
0
1
1
0
0
1
0
1
0
0
0
0
0
0
0
1
0
0
1
0
0
0
0
0
0
0
0
1
1
0
0
0
1
0
0
0
0
1
1
0
0
1
0
0
0
0
0
0.1
1
0
0
0
0
0
1
0
2
0
0
0
1
1
0
2
0
0
1
0
0
0
0
0
0
0
1
1
0
0
0
0
0
0
0
1.16666666666667
0.333333333333333
0
0
0
1.6
0
0
0
0
0.00977198697068404
0
1.33333333333333
0
0
0
0
0
0
1
0
1
0
0
0
0
0
0
1
0
0
0
0
1
0
0.666666666666667
0
0
0
0
0
1
1
1
1
0
0
0
0
0
0
1
0
0
2
1
0
0
0
0
0
1
0
0
1
0
0
0
1
0
0
0
1
0
0
0
1
0
1
0
1
0
0
1
0
0
0
0
1
0
0
0
1
2
0
0
0
0
0
0
0
0
0
0
1
0
0
0
0
1
0
0
0
1
1
0
2
0
0
0
0
0
1
0
2
0
0
1
1.09298531810767
0
0
0
0
1
1
0
0
0.0196078431372549
0
0
0
0
0
0
0
1
0
0
0
0
0
0
0
0
0
1
1
0
1.03225806451613
1
1
1
0
0
1
2
0
0
0
2
1
0
0
1
0
0
0
0.666666666666667
0
0
0
0
0
0
0
0
0
0
0
1
0
0
0
1
0
0
0
0
1
1
1
0
1
0
0
1
0
1
0
1
0
1
0
0
0
0
0
0
0
1
0
0
1
1
0
1
0
0
0
0
1
2
2
0
0
0
0
0
2
0
0
0
0
0
0
0
1
0
0
0
0.75
1.10144927536232
0
1
1
0
0
0
0
0
0
0
0
1
0
0
0
0
1
0
0
0
1
0
0
0
0
0
0
0
0
0
0
0
0
1
1
0
1
0
0
1
1
0
0
1
0
0
0
0
0
0
0
1
0
0
1
0
0
1
0
0
1
0
2
0
0
1
0
0
0
2
0
0
0
0
0
0
0
0
1
1.5
0
0
0
1
1
0
0
0
0
0
0
0
0
1
0
1
0
1
0
1
1
1
0
0
0
1
0
0
0
0
0
0
1
1
0
0
0
1
0
0
0
1
1
1
1
0
0
0
0
0
0
1
0
1
1
0
1
0
1
0
1
0
0
0
2
2
0
0
0
0
1
1
1
1
0
0
0
0
0
0
0
0
1
0
1
0
0
1
1
1
1
1
0
0
1
0
0
0
0
0
0
0
2
0
0
0
0
0
0
1
0
0
0
0
0
0
0
0
0
0
1
1
0
0
0
0
0
0
0
0
0
1
0
0
1
0
0
0
0
0
0
0
1
0
0
0
0
0
0.0169491525423729
1
1
0
0
1
0
0
0
1
1
0
0
2
0
0.942857142857143
0
0
0
2
1
1.20398009950249
1.57142857142857
0
0
0
0.5
1
1
0
0
0
1
2
0
0
1
0
0
1
0
1
0
0
1
1
0
0
0
0
0
1
1
0
0
1
0
1
0
1
0
0
0
0
1
0
2
0
1
1
2
0
0
1
0
0
0
0
0
0
0
0
0
0
0
1
0
0
0.2
0
1
0
0
0
0
0.833333333333333
0
0
0
0
0
0
0
0
0
0
0
0
0
0
0
0
0
0
0
1
0
1
0
1
1
0
0
0
1
0
0
0
0
0
1
0
0
0
1
0
0
0
0
0
0
1
1
0
1
0
0
0
0
0
0
0
1
0
0
0
1
0
0
0
0
0
0
1
1
0
0
0
1
1
0
0
0
0
0
0
0
0
0
0
0
0
0
0
1
1
0
0
0
1
0
0
0
0
0
0
0
0
0
0
1
0
0
0
1
0
0
0
0
1
0
0
1
1
0
0
1
0
0
1
0.666666666666667
0
1
0
0
1
0
0
0
0
0
0
1
1
0
0
0
0
1
0
0
0
0
0
1
1
0
0
1
0
0
0
0
0
0
0
0
0.5
0
0
0
0
0
0
0
0
0
0
0
0
1
0.98
0
0
0
0
0
0
0
0
0
0
0
0
0
0
1
0
0.00183150183150183
0
0
0
0
1
0
0
0
0
0
0
0
0
0
0
0
0
0
0
1.25
0
1
0
0
0
1
0
2
0
0
1
0
0
0
1
0
0
0
1
0
1
1
0
0
0
1
0
0
1
0
1
0
0
0
0
0
0
0
1
1
0
0
0
0
0
0
0
1
0
0
1
0
1
1
0
0
0
0
0
0
0
0
0
0
0
0
0
0
1
0
1
0
0
0
0
1
1
0
0
0
0
0
0
0
1.11061946902655
0
0
0
0
0
0
0
0
0
0
0
0
0
0
0
1
0
0
0
0
0
0
1
0
1
1
0
1
0
0
1
1
0
0
0
0
1
0
1
1
0
0
0
0
1
0
1
1.42857142857143
0
0
0
0
0
0.534883720930233
0
0
1
0
0
1
0
0
0
1
0
0
0
1
0
0
0
1
0
0
1.2
0
1.03846153846154
0
0
1
0
0
0
0
0
0
0
0
0
0
0
0
1
1
0
1
0
1
0
1
1
0
0
0
0
0
0
0
0
0
0
1
0
0
0
0.777777777777778
0
1
0
0
0
0
0
1
0
1
0
1
1
1
0
0
0.952380952380952
0
0
0
0
1
2
0
0
0
0
0.947368421052632
0
0
0
2
0
1
0
1
0
0
0
1
1
0
1
0
0
0
0
1
1
1
1
1
1
0
0
0
0
1
0
0
0
1
1
0
0
0
0
0
0
0
0.153846153846154
0
0
0
0
0
0
2
0
0
0
0
0
0
0
0
0
0
0
0
0
2
0
1
2
0
1
0
0
1
1
0
0
0
0
0
0
0
1
0
0
0
0
0
0
0
0
0
0
1
0
1
0
0
0
0
0
0
0
0
0
0
0
1
0.0298507462686567
0
0
0
0
0
0
1
0
0
0
0
2
1
1
0
0
0
0
0
0
1
0
0
1
0
0
0
0
0
0
0
0
2
1
0
0
0
1
0
0
0
0
0
1
1
0
0
0
0
0
0
0
0
0
0
0
0
0
0
0
0
0
0
1
0
0
1
1
0
0
0
0
1
0
1
0
0
0
0
0
0
1
0
0
0
0
3
0
0.666666666666667
0
0
0
0
0
0
0
0
0
0
0
0
1
0
0
0
1
1
0
0
0
1
0
0
0
0
1
1
0
0
0
0
1
0
0
1
0
0
0
0
1
0
0
0
1
0
0
0
0
0
1
0
0
2
0
0
1
1
0
1
1
0
0
0
0
1
0
0
0
0
0
0
0
0
0
0
1
1
0
0
0
0
0
1
0
1
0
0
0
0
0
0
0
1
0.6
0
0
0
1
0
0
0
0
0
1
0
1
0
0.884615384615385
0
0
0
0
0
1
0.94488188976378
0
1
0
0
0
1
0
0
1
0.971014492753623
0
1
0
0
0
0
0
1
0
0
0
0
0
0
0
0
0
0
1
0
1
0
0
1
0
0
0
1
0
0
1
1
0
0
0
0
0
1
0
0
1
1
0
1
1
0
0
1
0
0
0
0
0
0
0
1
0
0
0
2
0
0
1
0
0
0
0
0
0
0
1
0
0
0
1
0
1
0
0
0
0
0
0
0
0
0
0
0
0
0
0
0
0
1
0.555555555555556
0
0
0
0
0
0
0
0
0
0
0
1
1
1
0
2
0
0
0
0
0
0
0
0
1
0.0217391304347826
0
0
0
0
0
1
0
0
1
0
0
0
0
1
1
1
0
0
0
0
0
0
0
0
0
0
1
0
1.078125
1
0
1
0
0
0
0
1
0
0
0
0
0
0
0
0
0
0
1
0
0
0
0
0
0
0
0
0
0
0
0
0
0
1
1
0
0
0
0
0
0
1
0
0
0
0
0
0
0
0
0
1
0
0
0
0
0
0
0
1
0
0
0
0
0
2
0
1
0
0
0
0
2
0
0
0
0
0
0
0
0
0
0
0
0
0
0
0
0
0
0
0
0
1.0234375
2
0
0
0
0
1
0
0
0
0
0.882352941176471
0
0
0
0
0
0
0
0
0
0
0
0
0
0
0
0
1
0
0
0
1
0
0
0
0
0
0
0
0
0
0
0
0
0
0
0
0
0
0
1
0
0
0
0
0
0
0
1
0
0
1
0
0
1
1
1
1
1
0
1
1
1
0
0
1
1
0
0
0
0
0
0
0
0
0
0
0
0
0
1
0
0
0
1
1
1
0
0
0
0
0
0
0
0
0
0
0
0
0
0
0
0
0
0
0
0
0
0
0
0
0
0
0
0
0
0
0
0
0
0
0
0
0
0
0
1
0
0
1
0
0
0
1
0
0
0
0
0
0
1
1
0
0
0
0
0
0
0
1
0
1
0
0
0
0
1
1
0
1
0
0
0
0
0
1.0625
0
0
0
1
1
1
3
0
0
1
0
0
0
1
1
2
0
0
0
0
0
0
0
0
0
0
0
0
0
0
0
0
0
0
0
0
0
0
0
1
0
0
0
0
0
0
0
1
0
0
0
0
0
1
1
0
0
0
0
1
0
0.004149377593361
0
1
0
0
1
0
0
1
0
0
0
0
0
0
0
1
0
0
0
0
0
0
0
0
0
0
0
1
0
0
0
0
0
0
0
1.5
0
0
0
0
0
1
0
1
0
0
0
0
0
0
0
1
1
1
1
1
0.0344827586206897
0
1
0.862068965517241
1
1
0
0
0
0
0
0
1
3
0.5
1
1
1
1
1
0
0
0
0
0
0
0
0
0
1
1
0
0
1
0
0
0
0
0
1
1.04545454545455
0
1
0.333333333333333
0
0
0
0
0
1
1
0
0
1
1
0
0
0
0
0
0
1
0
1
1
0
0
0
1
0.5
0
0
1
0
1
1
0
0
0
0
1
1
0
1
0
0
0
0
0
1
0
0
0
0
0
0
0
0
1
0
0
0
0
1
0
0
0
0
0
0
1
0
1
0
0
0
0
0
0
0
0
0
0
0
0
0
0
1
1
0
1
0
0
0
1
1
0
0
1
1
1
0
0
0
