73
10
0
5
102.458333333333
19
172.875
156.039215686275
38.9574468085106
192
126.864406779661
0.5
51.5
203
18.4891304347826
160.5
51.75
13.3333333333333
109.25
80.5
21.3703703703704
33.5
0.461538461538462
249.758620689655
5.13333333333333
21
76.88
460.818181818182
33.3333333333333
48.4642857142857
50
0
47.5
61
68.24
31.4339622641509
22.7142857142857
160.14
297.333333333333
6
0.15
2.5
98.25
163.869565217391
77
170.756097560976
7
80
202.52380952381
41
1160.5
86.0625
6.66666666666667
47.0909090909091
25.8
110.666666666667
20.25
132.661538461538
16.5
95.553706505295
57.2916666666667
36
19.2950530035336
147.575
18
0.9375
114.142857142857
61.25
23.15
251.705882352941
15
125.761194029851
0
150.25
27.8181818181818
102
18
30.4271844660194
4.5
11
3.66666666666667
8
18.6666666666667
133.866666666667
158.666666666667
36.6666666666667
5
18.4124047878128
171.530612244898
499.625
55
146.055555555556
32
0
9
1
8
21
0
1.5
296
48.75
12.5
93.6666666666667
23
185.175
17.2666666666667
10
4
25.5
36.875
94.6493506493507
40
387.25
0.25
127.846153846154
6.14285714285714
234.214285714286
9
0
146.934426229508
11.1666666666667
2
33.3333333333333
4
41.5882352941176
189.4
124
53.7058823529412
160
6
10
272.444444444444
3
6
22
43
10.5
38.5
1
39.6
3.46153846153846
0.666666666666667
0
6.40625
4.28571428571429
18
35.375
20
1
37
67.75
0.614457831325301
69.3947368421053
79
19.4403669724771
2.8
26.125
463.095238095238
0
242
186.333333333333
53.5555555555556
0
6
48
41.2
44
0
7.8
3
0
31
32
16
271.352941176471
0.411764705882353
23.2278481012658
26
2
93.6393442622951
5.2962962962963
61.7142857142857
13
2.03030303030303
224.055555555556
42.1176470588235
13.5135135135135
5
135.75
48
27
78.4444444444444
90.4
58.6363636363636
9.07142857142857
4.05882352941176
41
30.5714285714286
64.0695652173913
37.8333333333333
79.3333333333333
130
163
14.4568527918782
8.4
297.5
87.5
2.3125
3
67
7.82608695652174
5.33333333333333
32
0.0666666666666667
22
354
6.09090909090909
155.579439252336
12.2
39.6666666666667
12
3
0
0
267.076923076923
120.607843137255
22.6
848.5
303.636363636364
32.75
4
4
10
3.5
14
157.125
17.75
19
126.162790697674
18
1
3
115.285714285714
3
132.140625
0
6.875
7.09722222222222
165.666666666667
6
0
72.4166666666667
39.8717948717949
96.75
79.25
84
0
10.2857142857143
4.33333333333333
127
7
1.5
4
1.33333333333333
2
121
5.75
68.4848484848485
7
0
3
325
0
0
319.615384615385
12
1
12
244.270833333333
105.666666666667
0
1
0
1
1
85
27.1428571428571
166.617647058824
257.083333333333
83.2
160
120
20.5714285714286
10.4166666666667
114.666666666667
40
7
18.6153846153846
54
133.322580645161
1
10.6
8
261.590909090909
3
16.5
0
341.5
9.33333333333333
18
0
180.888888888889
7
145.470588235294
162.463917525773
28.6666666666667
87.6666666666667
63
4
0
32.5
159
3.5
26.2666666666667
2
28
44.1428571428571
0
46.1764705882353
35.1927710843374
179.25
119
17.5714285714286
25
16
4
272.444444444444
30
125
499.625
16.3333333333333
20
11.0745341614907
28
3
0
3
34
45.1111111111111
219
42.3076923076923
42.5
2
23
33
6.59090909090909
6.57142857142857
0
227.366666666667
126.8
55.0526315789474
48.7142857142857
0.826086956521739
95.8
14.5
2.5
190.4
20
38.3913043478261
201
0
16
2
11.62100456621
20
80.1476793248945
16.5
44.3125
29
95.186974789916
5.5
4.28571428571429
19.2857142857143
11.8
62.3333333333333
34
2.33333333333333
0.833333333333333
22.5555555555556
20.5
13.6666666666667
6.5
0
122.857142857143
41
2.5
31.0235294117647
1.4
0
174
0
132.692307692308
41.5
98.1739130434783
3.33333333333333
120.75
255
4.66666666666667
61.8795811518325
3
125.586206896552
0
0
9.25
64
272.133333333333
0
0
40.75
0
69.1
5.86666666666667
116.272727272727
127.486486486486
0
534.142857142857
31.3571428571429
1
19
3
106.333333333333
52.5
320
26.3703703703704
138.4
0
569
95
4
48.4666666666667
88.0833333333333
48
1.5
7
63.2142857142857
30.4
1
13.5
412.125
104.115501519757
0
1
13.3170731707317
31
15.1111111111111
5.33333333333333
4
56
4.5
17
0
0
88.6666666666667
11
179.2
0.6
49
4
2
39
581
0
416
15
11
226.916666666667
138.826086956522
2
47.0666666666667
437
2.41176470588235
85.625
44
0
8
0
2
33
1
4
45.15
10.1111111111111
7.08888888888889
98.8
37.2413793103448
94.7692307692308
91
35
15.5
6
254
17.5
14.7857142857143
4.68478260869565
32
2.25
50.9230769230769
0
52
315
106.5
7.25
17
3
0
101
44
173
6
99.1944444444444
5
204
63.5555555555556
66.7142857142857
11
29
93.8642857142857
0
2
1
147.25
344.2
0
18.4
101.4
97.4074074074074
50.5564814814815
36.6666666666667
56.5
12
57.5
0
3
5.63589743589744
0
7.6
2
1
39
0
369.25
0
16.4
4
31.5
264.333333333333
82.6111111111111
84.625
0
1
95.5
113.25
9.14285714285714
1
93.5
280.8
39
97.75
148.615384615385
22.5
16
5
4.2
19
28.75
136.953488372093
19.3333333333333
11
24.0769230769231
493
17
4.5
4.75
128.375
324.6
100.5
0
82.5
0
118.048780487805
19
207.264705882353
0
59
119.285714285714
4
0.705263157894737
12
147.75
0
68.5
80.8181818181818
97.3333333333333
80
268.666666666667
102.248091603053
5
1
57
7
27
156.714285714286
9.81818181818182
130.416666666667
6
0
5.3
177.342465753425
1
9
7
30.5
0
58.4162790697674
0
4
4
284.5
8.5
8
0
16.4285714285714
119.8
563.416666666667
230.5
8
5.75
8
98
125.5
0.244444444444444
331
339
53.2333333333333
89
0
2
0
4
3
485.5
103
6
895.333333333333
17.5
5
0.129032258064516
41
116.333333333333
0
8
734.166666666667
4.8
0
5
0
6.5
0
140.75
0
155.8
766.666666666667
6
535.5
6.33333333333333
4.2
0.777777777777778
0
156.5
7.25769230769231
0
2.14285714285714
9.07792207792208
86.5
160.5
1
36
190
1
129.692307692308
2
14
0
6
10
31.8181818181818
14.375
8.5
41.3333333333333
0.666666666666667
10
26
23
104
1.6
0
3
1
223.066666666667
74.8571428571429
0.739130434782609
11.6
29
8.6
30.0833333333333
0
108
7
0
0
50.3851851851852
68
62.6666666666667
6.66666666666667
1
19.8333333333333
36
40.875
107.190476190476
24.6666666666667
104.852941176471
0
98.9
136
2.2
0
7
123.6
3.25
0
56.1780821917808
79.5
0.666666666666667
46.5
35.12
9
97.9666666666667
4
177.2
2
0
20
167.735294117647
58
0
48.5
0.125
651.230769230769
59.25
136
101.857142857143
40.4
190.0625
68.8387096774194
28.8684210526316
1.35849056603774
3.5
48
4
12
51.5
3.15384615384615
3
1.5
59.75
15
38.7777777777778
0
13.9826086956522
1
27
11
157.039215686275
74.375
89.0769230769231
18
8
0
14
38.0869565217391
112
0
0
0
624
1
3
8
8
10
12.1304347826087
4
28.2857142857143
0
177.75
0.95
548.714285714286
13
0
264.4
3
37.6666666666667
8
10.1052631578947
8.5
0
14
29.875
71.5
0.1
8.22222222222222
62.21875
5.33333333333333
28.25
7.89570552147239
19.6666666666667
8
20.5
4
39
353
28
54.3333333333333
16.1515151515152
5
94
0
67.9032258064516
15
6
254.5
4
3
0
1
233.583333333333
2
36.6666666666667
21
72.3627906976744
63.5
0
157.722222222222
7
3
0
34.5714285714286
73
90
86.4516129032258
31
3.66666666666667
272
2
0
0
2.2
237
30
2
0
45.8571428571429
5
4.33333333333333
32
1.78066914498141
132.357142857143
0
10
112.5
267
21.5
37.6
75
554.7
0
12
31.1428571428571
1
125
9
121.285714285714
0
18.7872340425532
202.538461538462
2
0
118.1
9
4
3
21
3.66666666666667
164.333333333333
5.5
19.75
37
1
43.4285714285714
192
30.3333333333333
3.25
7
178
39.75
1
232.857142857143
70.85
0
2.5
10
186.5
178.533333333333
7
29.5
453
53.5384615384615
50
1.06666666666667
3
11
41
11.5
33
41.5
0
120
82.5555555555556
1
0
5
2.33333333333333
128.857142857143
14.5
193.769230769231
143.4
6
3
0
14.1
91
0
14
165.666666666667
0
491.5
0
1.33333333333333
36.3333333333333
198.25
27
112
0
16
0
120
2
133.8
122.4
16.75
63
5
0
48.3333333333333
3
320.321428571429
68
33.5
76.5
136.136363636364
1
56
0
12
77
75
0
0
12
1
0
0
15
64.8571428571429
0
36.1666666666667
26.75
21
263.241379310345
1
16.5
6
101
74.6666666666667
25.4285714285714
39.6774193548387
17.5
0
6
7
95.9058577405858
12
37.6
18.2333333333333
2.2
46.92
19.5
6.64
1
3
10.5
164.666666666667
2.47222222222222
0
0
7.70114942528736
18.5
380
95.2
9.52727272727273
11.5714285714286
543
117.666666666667
21.1
0
9
3.5
13.2857142857143
78.5
1.12765957446809
27.4
0
0
27.5
3
13
86
6.75568181818182
94.7142857142857
122
0
0
13
11
426.5
23.9285714285714
58.2352941176471
7
0
0
145.28
2
36.4117647058824
3
166
363
3.5
35.6666666666667
14.8
28
13
12
18.5454545454545
0
0
15
4.33333333333333
10.3636363636364
115.444444444444
5.5
6
44
21
231.454545454545
31.8
0
0
7.25
477
79.2307692307692
28.25
5
21
5
130.8
330.666666666667
6
3
26
19
13.5
7.75
4.4
48.5
22.8571428571429
7.5
2
3
6
15
2.42857142857143
15.1666666666667
2
10
0
11
4
105.6
3
18.6666666666667
24.3518518518519
0
3.5
1.625
8
57.3333333333333
19
95.7889908256881
157.75
56.6339563862928
3.66666666666667
10
22
86.5
120
4.33333333333333
6.5
32
0
134.333333333333
169.2
0
95
5
1
53.5
21.3333333333333
181.244897959184
0
0
0
70
44
11
6.5
58.3216560509554
0
23
2.5
79.7894736842105
39
2.5
99.3333333333333
4.6969696969697
110.2
8
1.5
11.8
23.75
1
0
78.3333333333333
38
0
253.25
721.75
16.8
0
145.142857142857
4
1.5
190.5
59
0
1
111.333333333333
72.1428571428571
161.5
53
9
0
14
2.66666666666667
4
3
46
178
48.8
89.5
0
0
0.5
110.809523809524
113.615384615385
8
88.4
0
166
120.555555555556
179.071428571429
2
9
11
41
0
3
23.5
85.5
99.8248792270531
18
4
57.7142857142857
37
22
6
3
7
14
0
51
2.75
75
2.5
6.33333333333333
9.5
6.83333333333333
7.5
6
293.875
282.75
91.5
2.66666666666667
5.66666666666667
0
99
91.6666666666667
10
5.66666666666667
16.3333333333333
3
0
4
5
30
16.5
37
187.555555555556
1
7.22222222222222
100
2
5.2
91.3333333333333
248.272727272727
14
0
9.66666666666667
4
5
7.16666666666667
111.25
0
246
2
10.0228070175439
12.6666666666667
223.692307692308
192.833333333333
4
117.492753623188
102.555555555556
57.5714285714286
4.16
2.5
10.6666666666667
0
7.5
163.75
1
20.5
0
8
26.8181818181818
258.928571428571
79
981.75
7
5.66666666666667
5
13
12
250.75
7
255.625
12.1666666666667
116.666666666667
197.912280701754
33.5454545454545
5
12.6666666666667
314.333333333333
0
47.8155339805825
0
19
3
3
56
2
122.2
0
82
3.66666666666667
5.66666666666667
71.8743169398907
0
287.75
5
65.5
22.5
24
1
12.25
30.5833333333333
6
14
21
3
27
3
187.285714285714
7
35.25
14
4.125
1
15
0
3
12
15
0
0
2
26
0
2
1
3.75
473.6
207.894736842105
74.5714285714286
42.6666666666667
0
3
5
54.5
5
2
122
0.666666666666667
30.4285714285714
12
2
3.5
4
82.5
0
652
8.375
88.9593023255814
6.42857142857143
1136
125
123.410256410256
316.666666666667
43
0
0
519.666666666667
36.5789473684211
0
3.5
203
0
3
55
262
19
6.5
172.5
19.7
134
19.5
2.5
71.5
382
0
17
0
9
0
12
10
0
6
44
12
47.0873786407767
3
96.3333333333333
270
0
3
10.5
1
2
8
5.5
191.2
9.5
0
1
0
2
7
91.3333333333333
34.75
54
1
347.2
360
4
1674
236
23.7058823529412
106.137254901961
1.07692307692308
0
0
1
21.6666666666667
274.333333333333
12.6842105263158
401.8
12
6
5
279.333333333333
2
0
2
3.33333333333333
26.3333333333333
7.44571556751907
18
2
49
5
259
1
5.66666666666667
0
218.558823529412
28
12.5
127.285714285714
2
3
449.125
35
2.5
163.6
0
338.833333333333
3.25
0
168
0.5
7
25.25
1
17.25
4
2
36
0
31
9.33333333333333
92
21.4
6
92.5
0
0
79.25
2
16
10
8
17.7222222222222
131
3
7
3
1
229.5
190.6
106
3.5
0
1
0
33.6666666666667
323.5
14
105.952502120441
12
12.5
15.5
0
16.5
135
91
25.75
436
0
157.857142857143
5.21428571428571
2
12
19.11
4.5
8
4.5
166
302
47
110.5
30.6666666666667
0
6
5.66666666666667
5
93.5
6
1
7
197.25
106.111111111111
4
4.33333333333333
32.6875
30.5
0
0
141
0
71
70.5
207.5
10.5
10.875
23.2857142857143
73.4
247.846153846154
11.6666666666667
26
6.16666666666667
68.4545454545455
31.3333333333333
5
255
4
3
1
9.75
0
6
134.569620253165
94.4
59.36
97
2
10
26
17
0
22.8888888888889
12.5
9.27272727272727
24.6666666666667
318.909090909091
39.5
12
5.33333333333333
7.06891495601173
171.555555555556
37.5
15
7.33333333333333
4
133.975903614458
0
12
0
0
13.7441860465116
19
11.4285714285714
7
92.6666666666667
137.25
11.9633027522936
3.5
14.8
5.06779661016949
1
177.5
0
1
165.5
1.4
38
8.5
12
353
11.6666666666667
0
12.4888888888889
32
27.3333333333333
132.829787234043
9
16
42
762
68.2777777777778
3
400.5
299
0
138.833333333333
0
435.428571428571
100
13
270
18
93
16
5.06666666666667
4
288.333333333333
18.5
12
21.6
0
57
6.5
4
12.5
19.295652173913
6
81.9230769230769
49.5
1
10
2
8.66666666666667
5
5
5
4
0
4
0.238095238095238
62
11.3333333333333
13.4242424242424
0
9
30.8285714285714
149.5
6
31
1
4.5
1
57.25
9
0
91
68
9
10
0
6
13
0
1
8.66666666666667
4.5
0
0
215.2
9.25
3.5
107
6.7012987012987
0
4
4
45.3333333333333
7.875
47
8
0
54.6666666666667
18
0
4
65.5
3
0
3
0
27
24.6666666666667
6
281.705882352941
13.5
1
46
0
0
416.8
19
51
0
0
61
19
6
0
155.5
12.95
2
12
308.333333333333
137.444444444444
0
4
14
0
1
115.666666666667
414
0
17
4.46153846153846
0
10
20
5
4
62.3
5
1
0
18
0
15
9
63
4.33333333333333
49
4
0
19
0
147
1
0
102
165.166666666667
7
114.111111111111
26
171.5
36
8.33333333333333
9
680.5
5
0
6
27.4186046511628
80.2821576763485
0
13
7
0
0
4
0
9.5
4
17
87.8571428571429
188.888888888889
0
304
18.5
29
12
3
1.75
2.5
104.225352112676
397.5
6.13793103448276
4.5
75.5
3
268.777777777778
11.5
114.1
8
10.2173913043478
8
4
1
4
5
3
2
0
1.5
32.3333333333333
11
102
166.932432432432
14
0
1430
3.33333333333333
28
5
2
7
339
1
5.66666666666667
79.7142857142857
3
175
12
94.6343612334802
12
36
0
103
207
1.75
0
4
1
109.4
264.8
14
16.3333333333333
19.3
0
215
15
8
798.666666666667
16
7
30
131.384615384615
14
1
88
0
6
1
2
232
0
424
0
56.6666666666667
14
11.5
5.83333333333333
114.508620689655
0
2
4
0
110.666666666667
442
0.5
37
1
0
15
230
17
9
13.4285714285714
45
0
76.5
987
8.25
0
4
117.75
7
13
40
6
1
1
0
11
7.9297124600639
8
119
75
0
38.8333333333333
4.4
2
5
3
34.6666666666667
27.6666666666667
6
163.666666666667
38
1
4.25
115
5
16
60.8181818181818
2
86.6666666666667
1
11.8137254901961
76
12
16
52
0
210.666666666667
4.47761194029851
6
113.4
0
20.9545454545455
25
1
0
5
22
10
341.5
98
115.861111111111
86.05
0
14
7.83333333333333
18
26
8
0
68
15.5
9
10
5
43
0
3.5
11
12
48.3333333333333
5
4
239
6
82.6666666666667
8
4
0
3
49.6
12.9314516129032
2
20.5
67
4
14
0
11.8
14
114
72
7.5
14.140350877193
5
0
29.6633663366337
91.5
541.8
4.54166666666667
4.84615384615385
130
3.2
5
543
0
59
51.6666666666667
41.6
4
8.75
0
7
0
75
32
3
16
10
2
8.09969788519637
12
33
37
50.5
1.5
3
0
16
0
27.3333333333333
330.714285714286
6.33333333333333
8
55
9
107.888619854722
2
161.222222222222
4
49.5714285714286
4.75
8
0
117.364583333333
379
1.5
13.15
0
1.66666666666667
4
5.5
12.3157894736842
24.3333333333333
14.5
4
6.5
249
0
6
3
21.0810810810811
11.5
5
34
561
17.3333333333333
10
41.6
15.75
0
2
3
4
0
9
16
88.6153846153846
49.3333333333333
12.5
14.7142857142857
137.5
9.5
153
7.25
11
153
87.3076923076923
13.6748768472906
3
5
8.14285714285714
4
248.333333333333
17
916.25
0
50.6666666666667
1
0
0.361111111111111
36.8888888888889
7
37
0
0
0
0
12.8518518518519
5.66666666666667
2.75
7
1
0
94.5833333333333
4.5
246.5
3.5
1.5
3
266
0
8
4
13.2
3
76.6186186186186
7
277
10
7
1
6
67
0
117.5
1
14
3
319
23.5
38.5
6
7
140
52.8
3.36363636363636
35.25
1
5
1502.5
9.93142857142857
16
10
143.476851851852
302.5
21.5
0
4
6.5
69.4347826086957
6
5
10
0
0
47.9948979591837
6
0
27.6666666666667
38
9
117.666666666667
0
3
129
9
0
10.5
11
9.5625
14
3.5
479
78.5833333333333
9
25
25
0
187
7.55240174672489
11.8
0
16
0
44
119.6
32
5.75
32
25
7.66666666666667
0
7.6
135
0
3
34.8823529411765
6.66666666666667
32
4
95
60
179.857142857143
0.666666666666667
112
24
54
53
15
27.5
122
26
13.3333333333333
1
71.75
3
292
7
0
15
7.5
22.3333333333333
33
12.3333333333333
0
5.5
5
4
5
0
3.5
0
200.090909090909
0
6
10
170.845360824742
6.5
2.3
2.2
140
40.6666666666667
229
20
30.5
5
0
5
6.5
3
297.333333333333
4
1
1041.33333333333
143.8
215
17
7
643.666666666667
196
10
0
14.25
7
264
20
108.5
4
213.6
3
9.8
10
3
29.5
45
3
4
10
0
30
1
5
8
1
0
19
2.5
0
46.6666666666667
4
111.5
0
0
235.75
7
58
31.2222222222222
7
18.7111111111111
1
5
2
28.5
108.450980392157
152.75
0
8
77.5
18
9
5
54.6666666666667
761.25
32
51.1224489795918
1
5.94285714285714
22.6
0
2
0
5
7.5
8
5
38.75
7.5
261.25
8.33333333333333
4
1
9
0
0
0
4
3
27
0
140.666666666667
1
6
2.5
125.5
0
0
0.5
79
0
0
12
103
221.4
56
46.9285714285714
8
0
130.4
27
1
2
323
4
0
2
0
5
9
0
0
8
1096
137
88.25
59.3333333333333
88
0.5
4.33333333333333
93.3333333333333
0
3
0
1.25
0
72
0
1
172.777777777778
0
4.5
206
4
13
83.25
0
236
1
0
31
2
4
1.5
0
8
101
0
0
0
0
36
79
35.4444444444444
13
12
15
38
156
0
22
24.5
4
338
48
0
0
36
2
0
0
197.701298701299
21
0
10
14
34.5
1
39
0
3689
1
4
2
5
37
29
9
7
3
0
76
5
10.1176470588235
0
542.5
0
6
46.8571428571429
0
143.2
13.6363636363636
40.5714285714286
2
187
134
8
2
145.666666666667
11.3333333333333
0
0
2
92.5
16
35.3571428571429
92.1428571428571
104.666666666667
0
1.5
3
10
29.6666666666667
6
18
6.5
7
4.66666666666667
6
11.3333333333333
7.66666666666667
40.3333333333333
2.5
0
120.935483870968
54
2
98.1590909090909
147.963855421687
409.333333333333
76
263.2
0
52
69.5
4
4
90
0
0
0
15
22
26
7
35
10.5
32
15
10.848
230.5
8.25
3
9
165.666666666667
4.5
25
68.6666666666667
27.0625
98
3
305
1.14285714285714
1
21
105.145161290323
11.1290322580645
5
0
4
0
11.4
3
5
2
0
9.33333333333333
5
99.8125
24
103
38
6
3
9
11
209
14.3333333333333
0
4.33333333333333
0
10
58
0
175.5
27.6666666666667
123.5
4
0
1
64
45.6666666666667
0
39
6
22
88.5
80
4
102.285714285714
5.5
170
0
3
0
24
6
1
0
6.42857142857143
117
2
37
22.6666666666667
5
9
5
20
0
90
3
2.5
3
146.75
6.5
3.625
5
0
5
77.0802348336595
3
0
7.88888888888889
21.5
36.1666666666667
26
231.571428571429
93
9
0.130434782608696
28.3333333333333
0
162
21
49
15
10
23.171875
5
0
0
4.2
0
0.5
0
4
5.33333333333333
11
266.75
2.4
6
7
20
0
34.25
0
11
5
95
5
0
4
64.5
53.2241379310345
111.368421052632
0
2.66666666666667
2152
123
2
3
6.3970893970894
7.36547925082629
0
18
3
101.571428571429
66
71.5
15
0
11.8852459016393
2
1
0
6
4.5
57.5714285714286
103.625
1
8
0
57
793
13
52.6521739130435
0
0
3
9
97.7692307692308
45
2.5
50
64
8
198
0
0
54.5185185185185
329
4
7.2
0
5
15
3
217.642857142857
5
16
38
8.5
95
20
0
1
68
40
9
6
9
0
6
17
7
0
19
482.333333333333
139.5
10
0
105.666666666667
19
30.6666666666667
0
108.060606060606
43
3
8
74.9658792650919
2.5
51.25
1
0
93
15.6067653276956
22
26
39
20
33.9
9
666
0
2
27
6.5
97.58
49
10
0
194.333333333333
42.75
192.25
0
0
0
26
5
4.5
85.8991596638655
48
0
2.5
144
43
7
0
25
71
0
207
40.5
0
0
29
19
14
48
0
5
176.8125
61.5
39
0
0
11
0
0
68.3333333333333
26.8333333333333
4.5
825
33.5
127
10
5
21
78.6
4
91
132
67.5
36
170.75
0
7.42857142857143
118.333333333333
31
23
0
25
5
750.25
53
2
26.3333333333333
19.5
3
0
16
24.25
0
109.789473684211
0
3
0
0
0
300
10
0
17
2
60.7477477477477
9
55.5
0
16.3333333333333
87
0
2.71428571428571
56.3333333333333
18.5
0
6
6
264
137.5
20.5
0
0
1.5
79
32
0.5
14
9
60.4143835616438
8
6
45
0
42.8571428571429
22
3
9
6.33333333333333
4.33333333333333
0
12
9
0
0
41
0
0
0
199.5
41.5
0
0.111111111111111
166.166666666667
0
3
5
23
87.3121693121693
1
1
52
0
15.8333333333333
5
11
30
4
79
9
8
0
6
5.66666666666667
11
5
4.5
0
0
0
117.5
159
0
23
82.8125
0
0
2
8
0
27
34.1428571428571
4
0
6
4.33333333333333
61
0
21.6666666666667
2.5
16
2
3
1
0
12
27
8
6
10
0
0
87.5
2.66666666666667
30.6666666666667
2
128.057971014493
50.5
22
7
153
0
2.6
383.5
13.5
3
3
7.5
57
3.6
41
153.6
12
4
33
0
9.5
0
4
16
0
84.2857142857143
1.71428571428571
116.75
0
2
29.25
23
43.3548387096774
12
2
91
325.214285714286
145.834482758621
30
0
169.25
1
0
8
55
6
131.75
0
2
38
6
2
18.8271604938272
3
5.66666666666667
9
29.5
21
8.33333333333333
29.8378378378378
1
281.2
0
2
12
1
318.5
2
61
19
10
2.5
26
5
4
10.5833333333333
21
14
0
5
0
3
0
10
89
72
15.6666666666667
0
1
2
227.153846153846
14
2.5
0
3
113
65.8333333333333
14
0
8.25
1
5
18.3368421052632
0
2
131
11.5
8.5
31
219
2
0
2.5
79
8
6
66.6428571428571
27
9.75
5
8
351.25
43.1111111111111
1
0
0
0
136
19
127
5.66666666666667
0
8
22
0
0
0
0
376.666666666667
526
21.3333333333333
14
0
3
7.5
179
17
6
46
0
49
4
0
3.5
2
28
12
2.75
2
4
1
106.5
0
0
18
0
9
169.5
94.1428571428571
7
0
2
6
0
0
11.8
4
0
0
10
0
16.4940119760479
22
105.785714285714
282
9
1.5
0
16
19.6969696969697
0
8
11
4
0
6
49.3333333333333
341
1
27
17
33.1891891891892
1
140
0
1
7.2
1
11
12
7
57.3636363636364
5
80.9333333333333
0
16
1
9.50585729499467
29
19
7.5
3.66666666666667
7.5
12.5
16
0
31
7
119
0
4
8
0
206.8
15
8
0
36
2.66666666666667
15.3333333333333
0
71.4790697674419
6
45.3333333333333
3.5
92.875
31
33.5
66.25
4
46
0
29.3333333333333
0
95
1
223.25
3
0
8
9.79166666666667
4
95
100.666666666667
1
48.5
319.666666666667
67
4
35.3333333333333
61.5833333333333
6.21176470588235
0
0
168
182.5
4.33333333333333
1
8.5
5
1857.5
68
129.5
7
0
3
39
4
188.666666666667
5
2.5
68
6
0
111.75
0
32.2
16
0
10.3333333333333
0
0
2.5
3
18
175.5
10.5
4.5
20
1.66666666666667
10
27
19
215.2
2
1.2
26.75
0
7
60
0
288.666666666667
10.5
111.8
0
0
13
43
4
22.625
4
66
0
4
109.666666666667
3
1
12
150
21.5
259.5
0
2
3
7
0
1
6
0
0
9.66666666666667
0
0
97
4.5
300
2.33333333333333
1
1
7
0
7.33333333333333
0
165.568965517241
36
3
338.5
12
117.851485148515
338.5
12
2.33333333333333
3
0
130
0
36.5
24.0588235294118
24.5
155.285714285714
2.5
3
118.5
24
341
22
197.722222222222
174.6
8
0.5
0
10
27
4
12
37
49.5
9.27777777777778
139
0
6
192
67.4022988505747
1
12
109
383.5
207.074074074074
6.5
1
214
11.5
190
83.8666666666667
0
86.8058252427184
3
1
5.84615384615385
196.636363636364
286.166666666667
0
0
305.333333333333
5.57575757575758
2
5.5
0
6
2
18
2
4.5
3
194
22.5
0
24
2
23.6666666666667
4
35.5451895043732
2
3
8
0
42
18
0
7
7
4
30.4
78.0923076923077
54
0
2
10.5
54
6
6
74.3602941176471
0
43
0
15
25.5
4
28.9171270718232
0
3
0
0
161.458333333333
0
4
53.3055555555556
63.7173913043478
77
40.3333333333333
57.52
39.3333333333333
13
17
33
4.66666666666667
163.72972972973
160.75
3
41
109
143.571428571429
0
56
0
4
2
2
4
9
56.8571428571429
1.5
3
1
86
35
1
1
512
0
39.3333333333333
4
0
2
3
28
8
70
44
2.57142857142857
1
63.25
36
44.5
74
0
166
4
6.50794797687861
124
79.5
38
1
2
0.333333333333333
150
2
78.3278404163053
7
0.5
4
2
85
122
6
0
0
56.5
2
99.3333333333333
2
124
31.6666666666667
38.5
104.8
163
0
4
1
0.5
7
76
88
8.71428571428571
31
268.5
0
216
0
0
96.6666666666667
3
55.0533333333333
41.7846153846154
332
239
0
3
20.7021276595745
0
5
5.66666666666667
9.5
7.66666666666667
0
0
0
3
0.5
23
0
8.5
1
6
10
42.9466666666667
0
3.6
75.75
192
203
0
148
10.5
15
9.5
3
6
0
111
2
302
45
0
186
111.727272727273
72
90.3333333333333
1
57
5
4
6
3.68571428571429
0
2
30
3
7.22448979591837
3
25
22
34.2487179487179
3
1
1
5
14.5
4
0
3
9
202.142857142857
51
0
23
0
15
182.5
4
101
512
12.5
1
0
98
4
4
1
4
0
351.6
8.016
82
1
4.66666666666667
147
2
15.5
1
277
8
147
10
89.5
29
38.4
0
7.28571428571429
33.7959183673469
5
2
88.8571428571429
7.33333333333333
52
498
73.0769230769231
46.2
3
10
0
35.8598130841121
0
1
108.25
0
0
3
6.5
1.5
180
206.5
0
5
109
31
2
8
71
0
0
3
6
15
19.0134228187919
51.4
5
2
0
12
2
0
0
988
0
7.58823529411765
5
27
2
16
5
121
0
3.75
0
7
91
127.725490196078
0
7.5
19.6666666666667
91
6
25
5
0
4
2
0
20
58
43
0
14
0
1
0
4
59
6
0
110.666666666667
0
32
1
13.5
0
35
2
16
6
0
0
83.5
3
0
3.8
16
6
382
0
66.5
62.6071428571429
3.5
0
80
9
16.5
512
0
38
2
56
255.5
13.5
44
3
12
30.5
196
2
6
4.83333333333333
123.1
147.525773195876
67.5
103.044444444444
0
0
74.8
5
142
15.8
0.5
15
66
23
4
179
0
1
0
2
43.021897810219
9
6
64
1
91.5
47
16
0
3
2
6
1
3
8.50141911069063
9
7.66666666666667
1
2
413
3
482.5
5
1
12
6.5
8
0
10.5
23
0
68
73
8.5
2.66666666666667
0
16.5
11
2
41.0833333333333
0
7
1
30
0
62.3333333333333
0
1
370
7
0
0
3
1
0
4.875
223.285714285714
170.5
32.75
2
2.33333333333333
1
4
3
7
27.1428571428571
407
0
10
0
1
0
0
5
8
10
47
5
81
200.5
63.112676056338
10.1862139917695
323
8.38305084745763
7
19.5
12
0
68.6
40.5
17
0
8.57894736842105
3
4
7
11
38
4
17.5
0
3
1
7
2
2
9
0
0
0
0
1
2
0
0
2
3
0
5.69563033651431
2
1
12.1420959147425
3.5
159.25
1376
7
0
7
316.958333333333
156
87.3333333333333
10
73
13
20
41
10
6
7
367
22.5
33
9
13
16
29
0
0.25
12
45
2
1
0
0
12
123.730158730159
1
8
132.135135135135
610
22
12
3
8
0
45
0
69.8571428571429
3
34
62
29
1
246
4
1
11
1.66666666666667
8
12
25
25.5
1
23.3333333333333
3
11
3.5
66
5.52459016393443
6
328.428571428571
0.333333333333333
9
9.2
1
12
64
0
0
0
73.75
9.5
4
282
1
26
0
0
0
0
28
26.5
13
3
2
18.5
15
30
0
1
0
10
19
2
10
57.1379310344828
7.81481481481481
0
15
2
24
0
5
4.8
118
1
0
0
4
9
15
2
336.6
1
2
0
6
8.5
0
4
14
10
10.5
22
10.5
15
10
166
0
0
21.5
75.4298245614035
3
64
2
30
168.909090909091
206.75
135.5
19.3181818181818
11.5
19
0
6
449
11.3333333333333
15
25
4.75
26.6666666666667
1
4.5
73.75
0
183
5.5
3
31
1
3
20
0
5
3
613.6
13
0
2
9.5
0
1
2
5
1
16
5.5
16
0
9
6
198.5
22.8947368421053
13
0
1.33333333333333
34
2
1
0
7
8.5
1
34
0
13
3
0
163
0.2
23
4
53
19
0
133.102564102564
1
29.9818181818182
15
4
75.5
71.6
23
50
10
6
3
33.88
159
2
6
17
125
0
8.01402805611222
2.55555555555556
2
14
30.1386861313869
3
10
6
37
2
236.75
82
34
13
65
20.6666666666667
11
150.740740740741
18
197.333333333333
382
2
132.96
0
7
3
15
0
6
0
264
0
72
173
367
4
0.5
12.6666666666667
7
56
17
8
0
10.5
207.5
141.201834862385
2
3
3
19
0
0
133.066666666667
0
15
11
1
1
2
56
0
8.66666666666667
89
96
33
0
1
9.44444444444444
0
20.5
0
57.5
19
1
192
5
131
0
4
796.25
4
3
5
0
0
9.25
0
13
4.66666666666667
1.5
2
134.2
0
0
5.5
2
4.5
2
0
9
0
5
0
1.5
13
10
7
37
136.380530973451
24
4
7
4.66666666666667
5
0
0
0
10.5
3.5
13
48
7
66.3
2
6
34
2
0
64
45.6
0
6
29.4
4
350
1
2
10
1
5.24848484848485
0
7.5
3
21
0
74
0
0
0
529
0
84
0
14
33
5
4
3
9
14
7.68188783328226
0
1
30.5
2
13.0973236009732
0
31
96.6666666666667
0
74.8333333333333
0
3
195.416666666667
2
146.24
0
40.5
0
12
0
146
2
6
2.66666666666667
0
5
0
16
20
8
5.42857142857143
0
0
7
0
761
1
1
24
0
97.5
37
26.2
0
683
0
0
1
2
72
3
2
109.5
0
5
11
3
145
6
16
0
17.3333333333333
0
95.2105263157895
65
0
27.5
8
44
3
0
3
0
1
49
266
3.33333333333333
2
2
31
0
3
10
0
0
20
5
2
26
0
0
3
2.22222222222222
11
0
12.5
158.113636363636
9
95
4
35
92.6666666666667
1
2
180.666666666667
7
5
0
3
2.5
8.66666666666667
6
78
0
211
10.5
2090
3
10
13.6666666666667
4
0
4
4.33333333333333
9
735
0
56
2
17
3
9
0
1.5
132.5
0
0
1
29
0
157.75
127
2
13
17
0
1046
0
2
0
33.9494382022472
12
1
0
7
5
112.666666666667
4.66666666666667
21.4375
2
10
7
129.5
149.105691056911
0
0
1
0
21.1666666666667
13
11
8
22
25
1.2
2
2
50
88
102
0
41.7142857142857
0
10
3
4
0
0
1
17
951.5
7
8.5
8
5
0
7
10
0
0
123.5
543
2
128
0
9
44
2
4
7
0
12
15.5
0
516.333333333333
237
0
50.9230769230769
6
0
2
50
20
1
18.4375
20
0
12
0
10
2
14.6666666666667
260
0
1
3
0
1.4
0
20
0
0
5.75
0
11
1
204
1846.5
230
3
5
207.25
100
38
130
45
6
3
0
1
4
12
4
351.133333333333
99.5668316831683
8
120.5
18
332.428571428571
2
104.2
44
26
24
2
0
10
32
4
17.5
209
0
0
3
199.5
8
0
9
5
1
0
16
71.0571428571429
0
7
12
350.5
0
8.04651162790698
258.5
0
5.67058823529412
0
7
0
75.8333333333333
0
7
36
4
58.5
0
5
8
207
18
0
2
0
5
48
27
0
4
663
262.909090909091
12
205
1
4.5
3
1
0
15
84.8888888888889
115.5
0
3
7.75
542
13
0
2
216
96.8689189189189
7.18181818181818
0
1
34
22
2
30
11
14
59
8
3
14
4
3.66666666666667
0
0
0
110
176.97
10
6
12
264
2
0
25.19
71
0
47.5
32.5
46
7
22.5
2
44
4
15
2
26
13
88.4418604651163
19.5
830
6
14
7.75527950310559
10
32
2
30
87
7
0
13.9090909090909
25.3208955223881
32
14
4
10
37
382
8
19
0
129.126666666667
16.3096774193548
128.5
24
2
0
0
14
1.5
8
63.4
31.5
0
0
21.0416666666667
36.5964912280702
17.5
14
25
4
0
4
0.5
68
1
0
53
6
42
1
173
0
8
9
15
0
270.446428571429
244
6
2
11
8
5
130.02395964691
0
49
4.5
5
425.666666666667
12
3
205
99
24
196
0
5.8
24
4
245.5
303
0
3
6
8
5
6.33333333333333
5
1
0
119.845303867403
3
427
0
11
4
1
24
58.5
1
0
10.5
0
336.5
2
161.666666666667
5
20
0
8
7
7
6
9
0
39.655737704918
4.5
1
10
16.6666666666667
0
121
315
5.92307692307692
5.66666666666667
5.32397191574724
7
0
35
2
27.4090909090909
0
358.8
0
31
25.1666666666667
25.7363636363636
10
62.6666666666667
118.5
26
8
6
4
0
39.4
6
115
51
20
0
2
17
0
5
72.2362204724409
15
15
0
0
18
101
14
0
3.33333333333333
6
4
0
0
1
144
15.5
86
0
108
0
12.5
2
12
61
216.214285714286
15
207
5
12
2
22
2
44
56
15
7
0
11.6363636363636
13
149.071428571429
15
1
0
2
18
37
204.5
59.4459551325629
0
0
1
30.0875
10
95.7204968944099
71.5956678700361
61
20
13
8.5
1
25
0
5
18
2
38
6
2
0
0
0
7
4
34.5
12
1
73
3
3
207
11
0
0
0
0
44
211
5
825
2
9
5
10
3
0
10
5
3
2
244
1
3
0
160.5
13.5
9
51.0344827586207
11
1
14
11.1077147016012
0
2.5
3
8
47
93.7967479674797
12
52
1
12.5
2.66666666666667
2.5
117.463768115942
11
0
0
0
0
5
3
1
43
0
0
14
0
22
0
50
5
3
9
135.75
4
0
0
6
1
185
8
6
22.7
0
9
142.428571428571
1.5
0
63
6
24
27
3
0
2
17
42.8333333333333
1512
46.0681818181818
1.5
144
3
0.833333333333333
38
0
0
36.5
1
8
9
105
54.5714285714286
1
14
3
5
148.666666666667
0
17
49
554.333333333333
10
0
0
0
182
0
0
4
17
0
0
25
60.5147679324894
11.0665434380776
6
5
231
0
3
58.3333333333333
0.666666666666667
5.71774647887324
146.5
0
0
0
15
13
2
1
60
18
104.731343283582
27
14
188.833333333333
0
0
5
10
50
101.65671641791
345
3.375
7
131.1875
2
1
10
10
16
3
14
1.5
11
96.5284974093264
9
8
19.5
52.25
9
10
29.5
130
6
0
10
5
0
2
0
2.75
0
0
1
23
36.3333333333333
0
0
2
15
1
15
0
2
108.214285714286
2.5
0
0
0
0
94
54
1
18
27
8
0
60
80.6666666666667
67.0043103448276
115.333333333333
10
2
7
2
1
0
92
53
2
10
0
8
92
5
1
1
25
4
3
6.5
11
49
0
170
305
0
0
42.5
16.7272727272727
13
413
0
0
0
255
79.3727272727273
4
22
31
12
10
2
4
63.25
33.2
219.666666666667
7
78.5
0
13
30
71
113
12
109.481792717087
0
0
13
0
3
24.5
2
3
17
202
98
2
0
1
203.25
79
2
137.333333333333
7
19
19
0
1
25.5
11
4
5.5
310.5
0
1
10
1
0
13
0
16
4
15
17.0588235294118
0
3
0
27.5
0
0
3
0.375
175.352941176471
56
14
5
42.5
1
13
11
6
35
1
13
2
5.33333333333333
4
0
2
3
2
160.5
10
11
0.5
6
4
3.83333333333333
0
32
8
0
0
5
29.5
559.5
12
2
201.5
0
22
227.666666666667
89
5
2
2
40
1
8
16
6
83.3333333333333
0
36
6
48
2
6
41.8571428571429
2
0.517786561264822
323
58
0
3
56
0
120
1
5
15
0
173.2
21
0
0
6
3
0
0
87
8
10
9
214.75
21
1
305.5
28.5
0
113.5
22
88
7
246
99
0
37
2
73
40.0733944954128
289
19.25
0
535
8
0
5
6
2
27.5714285714286
345.333333333333
13
0
361.4
3
64.3973509933775
119.666666666667
0
1
78
3
7.5
20.9375
1
135.571428571429
0
0
2.5
182
0
14
9
1
2.44444444444444
0
7
0
5
1
1
15
71
150.333333333333
0
7.08659519654284
53
0
2.5
10
13
45.2
0
2
19
0
15
0
1
14.7610526315789
18
100
0
4
75
6
9
2
16.5
0
9
0
493
5
15
26
0
35
307
7
0
11
4
5.5
42
0
0
4.5
1
2
15.6610169491525
0
2
6
75
4
2
20
9
21
86
8.33333333333333
5.18518518518519
90
5
12
159.909090909091
0
32
0
7
47
15
14
0
6
0
0
0
10
0
8
147.5
4
7
0
0
5
13.5
2.66666666666667
63
0
7
25
3
2
63.5
9
0
1
43
0
0
3
107.7109375
113.5
4
18
11
21
0
24
134.75
0
0
21.5
56
0
0
6
130.2
3
6
3
1
56
3
2
0
0
1
5
91
0
9
6
0
12
6
0
6
0
12
148.525641025641
3
0
2
0
0
114
3
2
5
8
4.5
5
14
54.1
15
0
9
2
114.333333333333
0
2
9
342
10
1
48
12.3333333333333
23
22
53.3457943925234
10
0
39
2
21
21
4
0
17
0
0
0
0
27
126.3125
5
19.875
10
4
14
109
2
4
0
22
6
3
0
77
6
5.33333333333333
8.6035765379113
2
23.5
12
0
9
0
7
153
15
16
7.5
7
0
1138.5
10
4
2
218
24
68.9148936170213
2
0
4
0
55.8358208955224
67
13
4
2
2
1
8
16
3
25.0125
169
0
5
2
260.666666666667
206
0
7
28
25.5
34.6666666666667
0
13
0
0
3
10
45.9807692307692
164.292682926829
120
3
717
0
0
951.5
14
3
0
3
6
0
0
50.1225806451613
209
1
13
4.5
0
4
0
0
52.7243293246994
15
8
2
6
0
6.18518518518519
2.35185185185185
111
9
4.5
50.88
0
39.0925110132159
20
8
207
254
0
138.491228070175
0
11
28
1
426
113.030303030303
3
4
6
88
107
14
3
0
135.652173913043
2
104
2
16
1
42
10.4
6
47
35
0
2
0
0
0
158
8
30
6
13
0
0
50
0
0
41
5
2
13
1
12
3
90
0
6
3.28571428571429
0
7
8
2
0
21.5
6
1
191.416666666667
0
0
5
56
0
37
1
2
0
65
12
5
11
454.666666666667
31.3333333333333
1.5
0
0
22
7
1
9.5
32
13.7142857142857
71
2
208
0
12
1
109.676557863501
20
6.83333333333333
926.333333333333
98.5
0
0
1
2
0
53
2
2.82352941176471
9.25480769230769
5
3
71.5
3
0
70
5
0
2
258
5
17
0
11.1582591493571
37
1
9.5
0
0
3.5
11
6
8
54.5714285714286
9
57.3333333333333
6
5
231.8
2
0
0
58
8
4
168
0
5
2
1
0
18
62
5
5
64
74
14
12.5
383
21
1
7
25
0
21
68.2533333333333
6
2
0.5
2
54
37
152
2
0
0
9
175
132.666666666667
0
14
11
3
128
62
0
0
14
2
16
16
3
0
88.5
18
49.5403608736942
6
1
3
4
11.3333333333333
0
4
0
12
23
60
6
38
13.6666666666667
30.5
31
0
224
0
23
0
14
9
7.33333333333333
16.35
20.3333333333333
10
0
169.818181818182
52
15
122
25
85.5
3
2
15
3
18
3
50
19.3450704225352
5
53
1
6
18
0
4
854.5
1
0
0
0
201.2
16
6
1
125.777777777778
2
4
11
39
4
0
0
20.3333333333333
0
27
39
48
8
40.3333333333333
13.5
0
453
50
4
0
8.5
6
2
2
0
13.5
13.4
175
2
92
1
0
53.3333333333333
0
13
104.239130434783
8.66666666666667
3
6
3
2
4
1
4.5
3
102.038461538462
5
0
0
16
92.5
3
3
6
1
11
0
2
45.3265306122449
0
2
6
23
25
1
6
5
6.25
6
0.5
3
5.33333333333333
3.5
65
2
24.3076923076923
4.5
51.1666666666667
20
31.5
0
2
2
0
0
160
0
1
95
5
3
2.5
38
0
19
4
3.5
0
7
260
130
5.27272727272727
1
4
75.6923076923077
10.8823529411765
124.013888888889
84.6666666666667
6
3
4
3
2
7
32
10
0
38
5
12
0
42
0
0
0
4
2
0
5
668.333333333333
0
0
2
0
107
12
0
5
19
1
3
2
47
19
6
54
0
0
3.5
8
3
1
0
0
48.5
7
4
0
93
4.42424242424242
10
18
0
4
6
47
8
5
4
6
3
0
3.33333333333333
3
31.0238095238095
12.9775
2
1
3.5
13
367
5.5
10
44
0
773
19
17
1
8
9
0
52
8.05940594059406
14
2
12.5
16
23.3333333333333
8.5
1
10
11
10
0
0
0
120
2
41
13
5
89.9339339339339
397.5
240
7.53488372093023
100
24
1
48.4655172413793
5
0
3
53
4
0
0
10
5
199
0
45.5
4
24
6
3
27.6666666666667
139
3
2
30
3
61.5
25
0
26.4722222222222
1
9
2
3
0
3
0
25.1538461538462
8.5
244.52380952381
20
3
0
19.3461538461538
307
0
117
24.3333333333333
380
4.3125
2
1
0
0
2.33333333333333
87
24
69
42
11
0
0
4
48
5
0
19
13
27
2
1
102
8.5
137.634146341463
0
21
0
246
7
12
4
1
2
2
0
6
1
27
33
10
0
62.3333333333333
0
16
0
4
103.345238095238
7
2
3
255.333333333333
33
66.75
7
81
3
5
0
4
6
43.75
7
2
0
0
3
13
16
4
0
11
9
6.66666666666667
2
9
0
59
15
0
0
1
1185
18
0
9
65
30.0172035139092
2
0
0
41
13
4
8.5
28.5263157894737
11
64
1.5
0
5
0
7
24.7179487179487
3
5
2
3
662.333333333333
9.66666666666667
4
0
0
2
108
6
1
8
3
9
0
4
3
9
208
1
40
8
205
12.5
0
2
0
12
1
5
4
20.9655172413793
4
34
2.66666666666667
0
7
2
15
69
176
353
0
44
2
1
1
3
0
0
5
0
0
36
2
41
0
0
82.2415654520918
18.5
4
2
34
1
0
48
6
4
29
2111
0
73
0
8
35.5
10
6
9
2
0
5
10
27
3
85
0
0
5
0
30.7096774193548
0
8
5
1
3
9
0
11
5
4
26
17
350
61.9318181818182
10
6.5
0
3
63
106
0
1
17
108.227722772277
46
2
31
251
13
0
0
3
3
19
8
2
168.304347826087
31.3
35
0.5
0
12
3
0
4
155.142857142857
21
299
1
75
15
2
69
55
0
16.6666666666667
0
0
4
13
2
4
0
129.166666666667
4
2
3689
5
0
165
0
228.7
20
31
7
3
0
0
1
3
0
1
1
44
0
3
17
0
47.4313725490196
191
1
1
0
32
8
0
38.3333333333333
8
50
12
42
3
75
29.0333333333333
304
1.66666666666667
187.909090909091
4
0
0
123
0
40
9
2
23
4.5
2
1
192
6
4.86330935251799
2
6.66666666666667
4
0
214
4
3
0
9
11
62
0
1
0
5
256
0
0
26
5
155.5
29
4.5
2
2
57
7
10.5
52.4727272727273
0
161.108108108108
0
3
40
0
10
5.54716981132075
3
7
3
6
0
8
4.9618138424821
59
0
3
4
0
2
1.66666666666667
0
10
71
0
86.3333333333333
6
1
5
4.75
0
15.5
1
9
26
0
3
0
0
53
52
0
74
0
5
0
10
2
2
0
24
0
8.9
50
4
87
0
15
123
34
5
13
0
1
54
11
2
6
1
36
34.6666666666667
0
0
119.751063829787
34.5
192
55
15
446.5
16
0
0
13
37
19.0869565217391
0
142
0
4
35
677
0
1
2
0
1
0
15
217.277108433735
3.5
114
10
0
2
0
27
76.8333333333333
6
120.657894736842
9
50
3
7
13.5
29.8474576271186
1
24.5
44
3
12
0
6
6
11
1
4
5.50697906281157
29.6326530612245
181.55
3
2
4
3
40
5
33.0810810810811
27
1
0
37
38
32
60.5
12
103
6
22.3333333333333
5
6
9
11
38
3
0
1
19
48
135
15
24
0
40.5740740740741
7
168
5.6
11
0
3
47.5
142
6.5
597.333333333333
0
6
4
20
5.14606741573034
1
10.5
96.5
0
176
0
11.5909090909091
33.5
0
29.9285714285714
56
0
4
3
0
63
0
22
1
130
41.189156626506
1
16.5
46
0
14
5
8
2
8
57
36
76.6987951807229
51
6
139
44
18
114.307947019868
38
61.3899371069182
14.5
380
0
1
1
28
76.8664122137405
2
1
6
2
2
0
4
65
0
0
0
0
1
107
25
5
0
5
19
8
37
12
82
46
1
105.13644524237
365
0
148
1788
3.27272727272727
0
15.5
39
1
29.0702702702703
0
0
0
7
0
10
302
12
5
26
0
353
2
108.024096385542
2
411
6
15
5
0
158.333333333333
7
0
7.5
5
45
5
0
4
21.6759259259259
10
0
2.5
48.1428571428571
18.1176470588235
1
114.25
6
1
173
20.1666666666667
0
2
4
0
0
0
196
10
40
7
94
1
6
6
0.272727272727273
16
7
10.5570200573066
4
0
15
1
2
8.5
50
0
1
10
8
6
2
14
0
896
5.24669603524229
21
21
2
2
0
2
21.0666666666667
216
3
4
0
103
11
8
0
12.9457953394124
34
1
73
3
9
26
242
3
6
30
5
86.6641791044776
4
8.5
13
2
78
4
12
28.7692307692308
0
4
6.50291120815138
3
32
0
0
23.4861111111111
117
1.5
7.75
34
1408
6
30
28
1
3
44
6
1
0
1
4
12
2
1
376
7
0
0
30
139.19512195122
7
0
26
8
10
0
10
846.5
0
0
0
74.0095238095238
0
7
2.5
12
33
44
0
13
11
0
13
72.8
56
2
3
1
9
17
2
84
98
85
360
236.872340425532
0
13
9
2
2
0
22
5
6
2
89
1
0
3
15
14
11
2
3
0
6
8
7
60
0
26
10
0
8
0
5
23
3
0
5
0
7
79
1
0
31
68
1.5
512
45
0
1
3
0
125
0
7
5
70
0
2
35
4
25
8
49
15
18.5
31.5
0
2
7
0
0
14
1
7
17
0
0
5
11
29
24
114.5
0
136.5
15
0
35
8
128.367741935484
144
12
0
35.5
24
23
12
0
25
75
0
7
6
10
11
0
0
60.3137254901961
8
666
12
0
9.88974970202622
2
39
10.5
1
0
24
84.5
34
0
3
19
2
10
1
323
14
54.6666666666667
3
332
8
0
5
1
0
1
3.5
3
11
1408
4
16.5
0
0
1
2
6
363
74
11
33
47
7
0
5
0
0
9.33333333333333
0
198.5
19
8.5
11
18
8
5
103
5
0
6.83333333333333
14
208.166666666667
4
0
5
0
211
0
5
116.477272727273
2
3
285.5
4.3
4
54
0
0
25
4
3
11
12
1
47
7
10
117
0
7
45
21
11.6153846153846
0
5
0
33
23
113
3
3
9
1
0
20
63
64
101.5
2
0
0
185.491150442478
0
246
120
8
10
4
45.7864077669903
0
0
4.33333333333333
2
42
416
0
15
11
11
560
1
69
0
6
34.3333333333333
30
5.5
8
52.5
10
0
0
6
110.693103448276
0
4
2
2.8
7.74543610547667
19.5
9
6
0.5
48
82
1
8
14
51
0
85
2
17
18
7
0
14
0
3
43
59
5
3
1
1
4
0
8
0
5
0
36
94
47
75
34
10
54
6.81818181818182
1
10
101.646341463415
0
0
7
3
20
271
354
12
3
112
2
2
2
6.5
4
129
12
68.1744186046512
4
31
8
10
0
4.5
2090
1
589.5
4
9.44444444444444
3
226
2
58
0
2
37
0
0
237
0
0
6
4
0
5
0
6
14
1620
16.2
0
0
0
198.428571428571
151.731707317073
0
0
3
37.6666666666667
0
16
11
9
295
0
2
0
6
0
4
55
7
2
1
17
11
41.2028985507246
2
4
6
43
2
10
2
0
2
3
9.33333333333333
8.5
0
0
2
102
110.191304347826
127
7
2
0
9
5
6
16
0
266
3
0
0
239.5
8
4
67.9285714285714
12
41
88
12
3
2
9
0
57
1
733
12
5.5
0
8
53
20
7
7
66
4
0
4.78571428571429
16
2
4
0
0
0
4
0
12.7647058823529
0
0
3
8
12
2
0
0
0
0
244.5
182
19.6666666666667
2
728
22.6
69
7
0
0
121
1
0
3
16
4
17
2
0
0
19
18.5
2
2
3
77.53125
1
10
1
0
2
5
49
5
6
0
0
97.4754098360656
18
1
22
0
168.5
2
2
2
0
10
10
19
116
22
11
16
35
7
8
8
24.6666666666667
1
1
39
5
21
2
2
3.5
11
9
0
1.5
2
3
5
13
0.5
8
0
0
26
60
13
2
16
0
4
65.5215311004785
24
0
72
23
4
138
3
4.84907975460123
0
10
11.1818181818182
19
0
30
0
48
0
1
2
0
47
3
0
169
21
37
1
91
5
1
1
2
2
0
6.5
12
0
209
8
4
1
0
0
63
0
21
11
2
264
75.5087719298246
21.5
0
13
2
44
33.343023255814
0
0
13
8
3
32
0
39
9
0
4
8
17
0
29
8
33
0
0
2
1
161.5
0
5
0
803.666666666667
1
1
29
11
5
6
2
0
19
0
4
3
0
0
13
7
0
6
9
0
6
2
14
3
7
21
0
0
6
25
2
0
3
2
3
0
453
152
6
3
4
33
2
48
264
0
2
0
0
0
1
4
2
21
38.5
0
6
37
2.66666666666667
36
0
0
1620
86.062015503876
0
2
7.16822429906542
28.5
0
31
271
114
121.109090909091
77
11
5
12
246.478260869565
6
7
14
0
18.6779661016949
6
13
1
121
6
12
45.3673469387755
11
15
0
24
0
122
17.6666666666667
1
7
2
20
71
8
1
81
6
14
3
12
13
16
363
41
137
5
81.4691358024691
0
16
10.8115942028986
111.333333333333
0
43.96875
1
7
0
10
11
5
34
50
0
12.5
0
142
0.4
0
77
3.5
9
35
2
118.223684210526
13
353
1
7
77
149.923076923077
323
54
93.8278481012658
1
42
1
2
0
4
5
795.5
65
0
6
13
4
89.5
0
7
7
3
68
30
31
158.211267605634
1
28
4
6
149.5
7
0
0
1
1
5
6
30
2
4.87272727272727
0
1
18
0
0
40
0
0
0
123.316091954023
0
57
0
0
12
7
19
9
8
4
4
0
12
2
46.7777777777778
20.25
155.5
6
37.1026490066225
21
18
31
148
0
3
0
0
19
1
1
0
4.22222222222222
4
7
4
2
0
13
15
7
9
20
11
0
0
41.9776536312849
5
296
12.2777777777778
21
95
28
3
2
11
17
7
3
1.33333333333333
2
2
118.483126110124
22
6.11111111111111
7
0
2
0
150
27
10
3
0
1
3
18
8
2
0
0
8
0
23
4
0
34
43
3
54
0
1.5
3
0
10.7755102040816
16
1
41
1846
1
13
25
0
0
36
8
1
21
4
9
156.5
17
0
296
6
0
46.5
24
6
8
0
115
10
636
4
6
0
28.5
12
11
0
0
13
3
7
0
327
0
12
7
0
0
4
0
20
2
36
0
0
12
12
1.5
7
675.75
0
0
71
3
6
1
9
2
1
0
5
0
18.5
31
12.5
6
36
13
1
0
0
0.5
9.05671486708806
0
22
36
6
38
0
30
23
5
0
5
75
15
14
0
5
1
1
248
0
5.66666666666667
22
20
9
4
0
26
57.433908045977
0
1
5
7.4
5
8
0
1
16
5
1
10
0
0
12
0
13.0736434108527
5.75
2
3
106.815789473684
5
246
0
38.5714285714286
3.5
4
1
88.3896713615024
27
13
6
0
20
54
6
0
7
3
7
3
97
9.5
205
0
1
3
9
0
202.078125
4
0
1
7
338.5
1
20
1
0
2
3
49.6417721518987
0
39
0
20
6
22
9
12
4.5
249
0
78
5
4
3
1
6
6
6
666
4
0
0
2
5
0
6.5
1
0
16
446.5
9
7
2
0
16.3934782608696
38.4814814814815
0
2
2
677
34
0
0.615384615384615
0
4
1
7
20
61
16
2
4
0
8
53
30.2054054054054
2
0
13
0
0
3
52
9
18
11
3
1
15.9133858267717
0
1
4.85714285714286
0
21
58.2857142857143
0
0
0
0
0
1
43
18.925
24
137.805555555556
91
4
198
0
2
0
52
91
25
38
9
0
4
0
8
5.33333333333333
0
0
39.5
17
0
0
8.66666666666667
2
190.666666666667
1
7
86.5473684210526
28.0704225352113
29
0
24
11
17
114
3
0
14
0
64
25
13
25.625
5.88888888888889
16
0
2
0
0
9
9
2
5
10
0
6
41
38
4
3
0
5
0
0
13
2
15
10
66.4545454545455
7
36
3
1
31
106.452173913043
75
0
3
0
11
3
0
23.5
25
25
10
76.5
8
1
96.6666666666667
0
13
3
6
9
11
2
5
1408
8.5
3
28
0
0
0
0
0
0
1
50
3
3
9
0
41
3
16
1
2
6
106
2
8
11
18
3
12
10
0
4
3
3
5.5
5
40.7142857142857
0
0
0
0
120
0
12.3333333333333
7
1
7
48
60
5.5
54
34
6
15
9
0
0
166
3
4
0
85
9
8
0
0
135
1
14
0
1
12.5
2
6
2
35
22
6
3
12
2
3
0
10
0
62
358.444444444444
1
4
10
0
28
10
98
3
0
7
6
2
26
12
4
6
148
24
19
48
14
166
279
58
3
5
0
204
10
3
8
3
15
5
17
164
3
23
36
30
2
0
2
4
39.5
19
112
73
0
0
6
48
19.0943396226415
2
1
18
4
0
4
0
1
0
31
0
3
0
0
28
19
1.5
8
0
0
0
6
0
4
20
2
3
773
1
3
39
12
2.57142857142857
8
0
5
9.5
143.150537634409
12
9
1
0
2
1849
0
10.5
27
7
0
23
85
20.3571428571429
3
0
115
227.5
6
13
7
8
3
51
88.0555555555556
2
2.5
5
92
4
0
15
16
8
10
25
9
15
2
172
41
3
2
6
0
1
65
299
8
1
0
0
7
2
3
0
0
12
77
4.5
5
40
27.8
307
0
6
119.509259259259
4
4
3
7
20
20
129
0
3
50
0
0
246
0
15
3
1
26
0
4
18
13.1428571428571
340
0
7
25
22.6190476190476
1
0
4
8
11
114
0
0
0
5
2
18
3
56
7
7
11
19
8
4.5
0
6
2
36
2
2
1
14
6
8
83
15
0
0
77.8965517241379
4
3
2
0
10.5454545454545
6
7
0
41
0
7
10
1
15
42
6
22
0
2
8
25
3
29
128
11
0
11
39.2
0
3.5
15
14
7
20
0
6
5
0
74.5
0
0
14
0
13
0
67
6.17241379310345
0
2
0
0
5.5
29.6666666666667
5
24
5
3
12.3333333333333
3
5
6
4
2.5
10
0
35
0
4
19
5
124.792207792208
3
19.5
31
0
14
22.5744680851064
1
34
4
0
1
2
1
4
5
5
25
0
44.7070707070707
1
16
0
9.33333333333333
0
1
3
102.147727272727
2
12.6666666666667
2
1
296
109
1
107
53
5
0
0
6
1
1
22
341
165
0
5
17
0
147
0
106
3
44
0
0
143
17
0
3
0
8
103
5
3
0
0
0
5
0
13
10
3
0
2
2
3
0
7
2
3
2
0
3
0
0
0
4
21
130
0
830
2
6
21
6
6.5
0
0
0
0
10
5
0
0
27
0
3
1
3
0
5
29.5125
1
110.166666666667
0
5
0
2
0
2
14
25.1666666666667
52.5228095582911
47
109
35
1
3
0
64
6
0
0
795
2
1
14
0
7
6.5
0
13
5
23
7
0
16
5
7
15.3333333333333
1
2
0
4
0
37.8761904761905
0
10
18
0
1
29
63
3
64
0
4
0
4
0
10
3
50
2
0
7
0
5
4
2
104
0
67
13
15
0
10
11
142
68
120
7
0
17
29
9
20
125
0.5
53.25
104.688888888889
5
719
4
4
96.3513513513514
2
5.5
0
52
1
26
0
22.9356568364611
22.5
3
13
1
10
0
13
5
4
1
0
1.5
5
4.33333333333333
2
7
8
6.7
0
14
1
3
57
4
0
6.4
0
0
18
25
16
0
0
115
0
14
0
8
117
87
1
6.36206896551724
13
1
2
4
0
9
120
13
23.2173913043478
3
5
1
4
0
132
0
0
0
17
10
773
0
2
0
2
7
14
0
130
15
3
124
4
0
23
1
15.5344827586207
5
5
2
6
3
6
0
144.588235294118
30
5
68
0
5
0
16
15
0
5
8
3.5
4
7
0
1
353
5
19.7857142857143
0
0
8
2
2
2
11
8
1
363
34
26
0
0
2
12
0
402
28
0
109
43.5
0
52
0
563
0
0
5
2
0
1
27
0
1
2
4
0
75
2
0
1
64
2
17
0
0
40
131
0
17
4
5
2
6
14
31
18
488
0
11
5
6
0
0
30
0
12
55.4761904761905
90
353
14
2
0
0
70
2
2
0
45
9.8421052631579
13
5
56
119
0
0
10
2
65
4
4
0
63.9126213592233
3
6
10
22
0
11
0
2
34.1152694610778
0
91
4
0
9
35.5
29
0
10
6
13
0
55
104
12
0
10
0
0
6
10
47
7.67546362339515
0
47
0
60
1
0
2
327
706
82
2
5
4
1.5
23
2
0
6
9
0
7
1
48
96
0
135
2
8
13.2353673723537
0
7
3
134
32.8863636363636
3
2
0
1.4
0
0
0
60.5294117647059
25
24
10
14
0
0
0
20
6.33333333333333
29
4
2
0
0
0
9
120
4
0
5
0
9
96
0
58
75
128.96875
4
16
34
3
3
10
3
7.4
16
2
1
0
14
1
2.23529411764706
0
0
39
0
2
11
1
44
0
3
0
1
4
75
144
26
0
5
1
1
2
0
23
0
0
7.5
9
9
8
4.5
5
0
1.71428571428571
37
0
37
0
6
4
5
2
3
35
2
0
5
23
0
0
0
0
1
121.658536585366
7
0
8
9.5
62.75
0
4
103
298.1
2
32.0933734939759
5
0
33
0
0
265.6
0
14
0
0
3
9
267
0
0
12
3.6
0
0
0
0
0
0
7
168
116.747826086957
5
36
72.5680751173709
1
9
12
0
3
41
4
4
64
0
0
5
0
12
3
0
2
0
9
69
1
59
7
3
13.78125
0
29.8351648351648
7
282
6
91
0
3
103.92380952381
5
27
0
3
6
0
5
0
0.466666666666667
1
17
0
11
15
0
1
0
52
1
2
0
2
23
104.617021276596
0
4
17
0
7
0
2
1
9
0
0
21
13
4
2
68.5
5.5
825
0
1.5
1
26.468085106383
1
0
62
23
27
3
0
6
1
51
5
8
101.666666666667
7
36
0
0
9
77
90
0
2
0
5
285
0
28.659509202454
0
5
0
9
25
19
19
35.6666666666667
0
109
0
7.23333333333333
104.4375
119
4
58
0
0
13
0
0
1
0
6
16
1
9.94444444444444
29.7857142857143
5
22
0
0
1
2
1
0
27
14
6
4
4
0
4
0
2
10
5
4
4
9
13
3
0
6
0
3
0
0
0
0
30
22
7
0
4
15.375
5
30
6
7
65.6666666666667
24
0
14
5
3
1.5
0
19.5
3
0
26
29
8.82585833591092
3.6
1485
0
23
27.0147058823529
5
154
0
0
36.8666666666667
0
6
2
219
0
137
303.555555555556
0
0
1.83333333333333
3
8
0
0
13
7
3
1
382
32
2
6
553.333333333333
19.7586206896552
0
4
18
2
22
1
2
10
0
44
25
0
1
0
13.5
64
6
4
35
4
50
2
10
2
4
0
5.5
1
0
69
0
0
0
5
9
0
55
20.5714285714286
1
0
0
6
12
10
0
16
0
0
2
163
14
2
7
16
0
161.324324324324
3
0
26.695652173913
8
333
0
0
6
7
0
93.7355371900826
0
6
4
41
0
12
1
5.5
127.924812030075
7
0
0
80.2307692307692
16
56
14
1
26
10
0
0
45
11
52.75
11
0
6
128
106.818181818182
1
597
29
0
31
27.3214285714286
3
12
26
30
37
51
2
1
0
3
2
20
873
4
6.5
49
22.6875
1
0
56
0
108
6
6
1
0
7
1
1.28571428571429
0
210.3
23
12.5
44
0
204
33
14
0
248
6
11
2
1
26
0
12
9
0
0
2
46
12
2
7
0
0
1
0
54
4
0
49
4
0
12
216
0
1
10
2
127.181818181818
249.424657534247
0
25
1
2
1
3
5
1
142.25
0
0
2
36
4
2.89154704944179
0
2
6
18
18
3
1
8.23770491803279
10
2
64.2137096774194
10
4
2
117
0
26
10
167.708333333333
0
46
0
56
0
1
0
5
11
70.4418604651163
35
50
13
4
7
0
5
50
60
4
5
0
25
2
0
0
27
0
0
436
2
0
2
2
1
8
9
11
74
175
0
25
20
77
52
2
0
6
48
0
1
7
3
0
8
28
0
2
4
0
13
0
10
0
13
18
4
4
1
0
1
48
30
5
2
7
28
0
0
0
0
2
10
5
95
0
10
23
6
34
380
26
5
6
11
1
7.00621118012422
31
3
10
1
274
0
7
13
136
52.5
18.75
12.5
2
8
0
0
296
0
19
80.3125
5
1
0
12
36
0
10
15
32
80
0
6
554
46.2179487179487
24
140
1
93.8550724637681
4
32.9473684210526
3
8
0
3
3
3
352
5
4
29
70
8
49.6486486486486
10
6
21
1
6
0
3
125.552816901408
2
0
2
4.5
2
3
78
50.75
0
0
60.8536585365854
0
0
327
0
0
15
2
4
18
9
0.5
2
49
86
1.5
14
2.14285714285714
5
8
21
0
4
2
10
5.33333333333333
23.5
0
23
5
2.5
0
69
2
20
3
0
28
29
12
0
17
0
98.5510638297872
2
3
65
144
2
38
3.04255319148936
0
15
0
0
2
32.4285714285714
0
0
2
67.2608695652174
0
11
12
5
0
11
0
2
3
16
6
0
30.8571428571429
4
3
0
0
98
18
2
3
17
3
296
0
19
10
0
5
2
3
0
298
380
4
5
3
0
9.8
8
59
0
1
12
15
40
9
4
143.72972972973
0
8
35.8039215686275
0
2
192
2
431
173.266666666667
119.5
15
0
0
71
0
15
81
3.57142857142857
0
24
24
9
3
18
7
1
0
2
4.66666666666667
3
0
32
6
4
22
3
0
16
2
19
15
0
22
29
11
10
10
2
5
4
0
1
13
29.1190476190476
0
10.6708514037891
11
3
49
1
92
1
4
1
1
0
31
0
33
2
13
1
5
0
12.8
2
1
166
30
91
42
0
20.5714285714286
3
32
5
0
86.9435028248588
2
1
6
0
68
4
1
0
125.129032258065
19
11.5
34
3
45
117
4
11
42.8
0
71
2
74
7
0
5.75
4
19
0
29
11
9
29.1666666666667
0
3
15
45
88
16
68
10.8
0
147
16
9
4
2
5
8
7
0
4
1
39.25
8
728
26
5
0
4
4
73
78.1565217391304
1
121
6
112
10
0
100
7
2
56.8981064021641
55.4
5
0
14
0
0
53
0
2
0
131
4
48
12
8
6
0
21
10
5
0
10
9
28.5
1
789
0
10
1
5
1
36
16.4883720930233
10
323
1
2
8
3
6
3
2
0
3
3
12
10
64
3
0
4
4
1
2
216
4
39
0
0
0
0
3
1
13
5
18
3
3
3
48
6
0
0
4
0
10
3
120
5
2
0
0
118.515151515152
60
12.3333333333333
16
2
9
0
6
203.875
8
2
0
0
64
0
13
0
0
6.03162291169451
4
120.513698630137
97.02
15
24
0
33
44
0
12
2
18.5
31
107.166666666667
7
1
10.1538461538462
32
5
14
7
118.214285714286
3
35
0
91
0
5
0
0
10
0
10
0
37
123
3
2
1
57
12
5
0
3
3
7
26
1
0
34
2.5
206.413793103448
3
3
12
3
0
8
0
25
8
2
3
3
29
59
158.03164556962
4
3
17
0
10
0
4.5
6
2
4
5
12
30
2
0
0
8.6
1
0
3
10
16
1
19
4
53.0282485875706
13.8484848484848
6
9
10
5
10.4785714285714
0
1
8
0
0
0
25
0
0
6
0
37
6
0
150.964285714286
0
14
1
18
11
75
171.215384615385
9
7.26666666666667
39
10
0
5
9
111
12
1
9
290
0
2
23
6.49640287769784
81.6184210526316
11
7
0
0
5
1.5
0
233.070175438596
3
10
327
114.545454545455
23
90.6987179487179
8
2
7
4
22
0
123
0
24
0
5
67
50
5
40
2
0
0
0
4
26
3
102
0
1
3
8
9
19
1
0
8
5.6078431372549
5
0
27
284
7
8.32219570405728
0
5
17
0
5
14
0
12.4285714285714
0
24
189
92
4
10.364406779661
24
0
1
13
0
19
0
2
0
11
68
0
8
0
2
431
2
23
246
0
0
64
12
5
17
203.4
0
13
3
8
11.3557692307692
2
34
8
5
3
143.5
0.45
26.25
0
0
3
7.91666666666667
1.5
1
0
4.83333333333333
26.9
6.30769230769231
31
34
406.642857142857
34.6666666666667
0
2.4375
30.8333333333333
225.666666666667
0
0
0
2
0
1
0
6.35714285714286
0.333333333333333
0
1
13.5454545454545
0
132.5
547.133333333333
40
0
8.57142857142857
0
0.036697247706422
0
0
0.428571428571429
7.1
0
111.483870967742
268.5
0
0
1
134
0
1
17
46.3333333333333
0
41.6
134
1
0
3
0
0
0.384615384615385
0
0
218
0
1
0.181818181818182
0
0
0
18
0
152
18
1.90909090909091
34.1777777777778
11.45
7
133.5
0
168
0.037037037037037
33
15
223
0.0666666666666667
0
0
0
2.5
2.5
4
0.0420560747663551
0
31
0.0267379679144385
0
0
0
68
59
0
25.8709677419355
0
46.25
7.35714285714286
56
0.0168067226890756
6.41875
0
10.5
0
43.7142857142857
1
8
0
0.307692307692308
39.6666666666667
1024.5
3
0
3
12
0
12
0
12
0
9
0
0
1
2
0.5
9
7
41
56
18.4
0.0272727272727273
0.0293040293040293
5
1
4
73.2068965517241
48.25
20
0.5
0
0.0258620689655172
0.0114285714285714
0
2
0.0285714285714286
21.6086956521739
0
0
0
0
0
190.5
0
2
2
0
0
1
0
63
0
0.0409090909090909
0.0489130434782609
164
8
0
0
36
0
0
0
2
0.333333333333333
0
42.6666666666667
0
0
4
0
0
381.266666666667
0.213235294117647
0
9
46
24
0
6
0
0.0224719101123596
6.76595744680851
0
0
14
0
0
0
0
3
85
1.55555555555556
2090
27
0
110
0
436
0
0
88.0288461538462
0
9
0
11
0
8
1.75
3.5
5
7
0.08
0
0
2
4
0
2
4
0
12
2
0
0
3
0
4
0
70.5
14
4
0
0
0
1
187
21
8.5
0.0246913580246914
0
0
16
0
0
28
2
44.2898550724638
0
2
0
0
24
106
0
0
0
3
10.3529411764706
19
5.5
0
0
0
10
0
2
16.25
4
0.0254237288135593
0
0
3
0
0
0
40
0
10
0
0
1
14
0.125
7
7
0
0
8
0
0
51.6969696969697
10
0
3
0
10.6666666666667
73.1102661596958
0
50
0
21
9
9
0
0
6
0
9
0
1
0
4
851.5
34
1
0
6
0
0
3
0.0113636363636364
0
0
6
12
0
136
8
0.0344827586206897
3
0
9
0
0
0
3
53
2
2
0
0
0
2
0
41.3
0
0
12
9
0
0
33.3395477984927
0
0.0443037974683544
0.0239808153477218
0
0
0
0
79
0
0
0.0108695652173913
2
0
0
1
4
0
0
12
0
0
5.66666666666667
2
0
4
0
10.1666666666667
0
0
0
11
0
0
563
0.400990099009901
0
0
0
31.1851851851852
42
0
1.26760563380282
96
146.75
0
2.62222222222222
0
39
0
2
0
2.14285714285714
0
0
0
0
0
0
0
0
0
0
57
0
0.527777777777778
0
0
0
2.33333333333333
0
0
0
0
22.4848484848485
11
0
563
0.0851063829787234
0
0
563
0
20
0
0
0
1.4
0
0
0
0
0
0
0
0
0
0
0
0
1
1.33333333333333
0
0
0
0
0
0
0
0
0
54
0
2
0
1
0
0
5
0
0
63
0
0
0
0
0
0
0
0
0
0
0
0
2.76190476190476
1.45
0
6.25
0
0
0
31
0
16
0
0
0
0
0.264705882352941
0
0
0
0
0
0
0
0
0
3
268
0
18
0
0
1
7
0
0
0
0
0
0
0
0
0
0
0
193
0
65
3
0
0
3
0
0
0
0
4.97029702970297
0
0
69
0
0
0
0
0
0
0
0
0
0
0
0
14
7
0
0
0
12
51.6153846153846
3.5
0
0
0
0
6
0
2
0
0
0
0
1
123
0
5
0
36.7142857142857
0
0
0
4.5
0
0
0
0
0
0
0
0
0
0
0
9
0
0
0
1.54545454545455
0.936170212765957
0
0.909090909090909
0
0
9
0
0.111111111111111
0
0
35
0
0
0
0
18
0
0
0
0
0
0
0
0
0
152
0
0
0
0
0
0
0
0
41
0
0
0
0
0
0
0
0
0
0
6
0
0
0
0
62.5
66.5
4.52475247524752
5
0
7
0
0
0
0
156
0
0
5
0
0
0
0
0
27.5
40
164
0
17
0
0
85
0
0
302
63
0
0
0
0
0
0
0
0
0
0
500.5
0
0
0
1
6
0
0
0
0
0
0
0
0
0
0
0
0
0
0
34
0
0
0
0
0.333333333333333
0
0
0
3
0
0
0
0
0
0
0
0
563
0
0
0
0
0
19.6176470588235
0
6
0
0
0
0
0
13.3333333333333
3
0
18
0
2
1.5
0
0
0
0
0
0
0
0
0
0
0
0
2.33333333333333
5
0
3.5
64
0
0
0
0
0
0
0
0
0
3.33333333333333
0
0
0
0
0
1
0
0
0
0
0
4
302
0.5
0
0
0
0
0
0
0
0
0
0
0
0
0
0
0
0
3.88888888888889
0
0
2.33333333333333
0
21.5
0.0714285714285714
0
0
0
0
0
0
0
0
0
0
0
48
0
23
0
3.99264705882353
0
0
0
0
0
0
0.5
0
0
12
0
0
0
0
0
0
0
0
0
0
8
93
0
0
0
33
0
0
0
10
22
0
0
0
0
0
0
0
2
0
0
0
0
0
0
0
0
18
88
0
0
18
1
0
0
0
0
0
6
0
7
0
0
0
19
0
0
0
0
0
0
0
12.75
5
0
0
0
0
0
0
0
0
0
0
0
0
0
1
10.1666666666667
0
0
0
0
0
0
0
0
1.16666666666667
27.5714285714286
0
4
0
8
1
0
0
8
0
0
74
0
0
0
0
0
0
0
0
45
45
0
158
0
0
0
0
0
0
14
0
0
0
0
0
0
0
2
0
0
1
15.3333333333333
0
0
0
0
0
0
0
0
11
0
0
0
0
0
0
0
0
0
18
17
0
8
0
0
0
0
0
0
0
1.5
0
0
0
0
89
16
0
0
0
0
0
0
0
0
117
0
7
512
0
0
0
0
0
0
0
0
0
0
0
0
0
0
0
0
0
0
0
4.71428571428571
0.2
0
0
0
0
10
5
0
0
0
0
0
0
0
0
0
0
0
0
0
0
0
0
0
10
0
0
532
0
0
0
0
0
0
0
0
0
0
0
0.592592592592593
7
0
45
0
0
0
1788
0
0
0
0
0
15
0
0
0
17
0
0
4
1
0
0
2
0
5.99280575539568
10
0
4
2.66666666666667
0
38
0
0
0
0.666666666666667
0
0
0
0
206
27
3
0.0493630573248408
0
0
0
0
0
3
0
0
0
9
0
0
21.8892045454545
0
0
60
0
0
2
1
563
0
0
0
0
27.2
0
0
0
0
0
0
0
0
0
0
0
0
0
0
0
0
0
0
0
0
5
37
0
0
0
0
0
563
0
0
0
0
0
0
0
0
18
0
0
0
23
1
0
410
0
0
0
0
0.666666666666667
0
0
0
0
0
0
0
0
0
0
0
0
0
0
0
2
20
13.0076335877863
0
0
0
0
0
0
0
7
0
0
0
0
4
0
0
425.5
0
0
0
64
0
23
0
0
5
0
0
0
0
0
0.5
0
0
0
0
338.5
7.5
0
0
0
1
0
0
0
0
0
0
0
0
0
0
0
0
0
0
0
0
0
0
0
0
0
0
0
0
12
1
0
0
0
0
6
0
0
0
0
0
0
0
0
12
0
0
10
0
0
0
0
0
0
9
1
1.83333333333333
1.14285714285714
4
0
0
0
0
0
0
0
0
0
0
512
0
0
0
0
0
17
0
0
0
0
0
0
0
0
10
1
16
17
0
1.75
0
2
0
0
0
22
0
0
96
0
0
0
0
0
0
0
0
0
14.5
0
0
0
0
0
0
0
84
0
0
0
5
0
0
0
0
0
0
0
0
0
115
0
0
0
0
1.2
54
0
0
11
15
0
0
0
45
0
1
0
0
0
0
0
0
0
10
7
0
0
0
0
0
0
0
117
0
7.5
11
0
0
0
0
0
21
0
0
0
233
0
0
0
0
0.403908794788274
532
16.6666666666667
0
0
0
0
0
0
4
0
0
0
0
0
0
0
0
0
0
0
0
0
0
0
0
0
0
0
0
36
3
1.75
0
0
0
0
0
181
0
0
15
0
7
0
0
0
7
0
0
0
0
0
0
2
0
8
36
0
20
0
0
0
0
20.5
0
0
0
0
0
0
0
0
0
0
0
3
0
0
0
0
0
0
0
0
0
0.333333333333333
0
20
0
0
0
0
0
0
0
0
0
0
6
0
10
0
5
0
0
0
0
0
0
0
30
0
0
0
9
8
0
6.4257748776509
10
0
0
0
32
0
0
0
3.72549019607843
0
0
0
0
0
0
0
0
0
0
0
0
3
0
0
0
0
0
21.5
0
1.19354838709677
0
0
6
0
0
1
2
0
0
0
0
18
0
0
95
0
1
0
1.09389671361502
0
0
0
0
0.441176470588235
0
1
0
0
0
0
0
0
0
0
2
0
0
15
0
2
0
0
0
0
0
0
3.33333333333333
0
0
0
1
0
0
0
0
0
0
3
0
0
0
0
0
0
5
0
2
0
0
0
0
0
563
25
0
0
1
2
0
563
0
0
0
0
0
4.69230769230769
0
0
0
0
0
532
4.98550724637681
0
1
0
0
0
0
0
0
208
0
0
0
0
9
0
0
27
0
512
0
0
0
0
0
4
0
0
0
3
11
0
0
0
0
0
0
0
0
0
60.5
4
4
0
0
0
0
0
0
0
0
0
0
0
1
0
0
0
0
0
0
0
0.0352564102564103
0
7
0
2
5
0
0
19
0
0
0
16
0
0
0
0
82.5
1.5
0
0
0
0
0
0
0
0
0
0
0
0
0
0
0
24
36
8
11
0
0
0
0
0
0
0
0
0
0
0
0
16
5
0
0
0
42
0
0
0
0
0
0
0
6
0
0
0
0
0
332
0
0
0
0
8
0
0
72
0
18
0
0
0
0
3
0
0
4
0
0
0
0
0
10
0
20
0
0
0
0
4
0
0
0
0
0
0
0
0
0
0
0
0
0
35.5
0
0.8
3
0
0
0
13
0
0
351
0
0
0
0
11
0
0
0
0
0
0
0
0
0
0
0
0
0
0
0
0
0
0
0
0
14
0
7
0
0
0
0
0
0
0
1
2
0
0
0
0
0
1.7909604519774
1
21
0
0
0
0
0
0
64
0
2.33333333333333
0
2.2
0
24.6571428571429
0
0
0
0
0
6.0547263681592
0
0
0
26
8.5
0
17
0
0
0
0
0
4
0
9
12
168
0
0
0
0
2
0
0
0
0
0
0
0
2
0
0
0
0
0
181
0
0
0
0
0
5
0
0
0
30
0
0
0
0
161
0
25
0
0
15
0
0
12
0
7
0
0
563
0
667
1
0
0
0
0
0
0
0
7
0
0
0
0
0.666666666666667
0
0
0
0
0
0
0
0
40
0
5
0
0
3.33333333333333
0
0
0
1
0
0
0
0
0
0
0
42
0
0
0
0
0
0
34
4
14
0
0
0
0
0
14
0
0
0
535
37
0
49
0
0
8
0
0
0
0
0
0
0
0
0
0
0
0
0
563
0
0
0
0
0
0
0
0
0
0
0
0
0
0
0
0
0
0
0
0
0
0
1
0
318.5
0
0
0
0
0
0
14
0
0
0
0
0
9
0
0
0
0
0
0
0
4
0
0
0
0
0
535
0
0
2
0
0
0
43
0
0
0
0
16
32
0
0
0
7
0
0
0
0
0
0
0
0
0
0
14
0
0
0
0
0
0
0
0
0
0
0
0
0
0
0
0
0
181
0
0
3.5
0
0
0
92.3
0
0
0
6
15
0
4
0
0
0
0
0
0
6
0
0
8.80494505494505
0
7
0
0
0
0
0
0
0
0
0
0
0
0
0
0
50
0
0
0.375
0
3
14
0
0
0
0
0
0
0
0
0
22
0
0
0
0
0
15
0
0
5
0
0
8
0
0
0
0
0
2
0
0
0
0
0
34
5
0
0
0
0
0
0
0
0
0
0
0
0
0
0
0
0
0
0
5
0
0
0
0
0
0
0
0
0
0
0
0
1
0
0
0
0
0
143
0
0
0
0
14
0
0
0
3.8141592920354
1.5
0
0
3
0
0
0
0
0
0
0
0
1
0
0
0
0
0
8
0
0
0
9
0
0
0
6
0
0
0
25
0
0
0
0
0
0
0
0
2
0
0
0
30
0
0
0
512
0
0
0
0
0
0.476744186046512
0
0
0
0
0
0
0
0
0
0
0
0
0
23
1
0
0
0
0
0
0.7
0
69.0384615384615
0
0
8
0
0
0
16
4
0
0
0
0
69
0
0
3
26
0
0
10
0
0
0
1.5
94
0
0
0
0
0
223
0
0
0
1
0
0
0
50.2222222222222
0
0
0
0
0
0
0
0
0
0
0
5
6.68085106382979
0
0
0
6.47619047619048
0
0
0
0
0
0
0
0
7
0
1.89473684210526
0
0
4
0
4
0
0
2
36
0
0
7.76
50
0
0
0
2
12
0
0
0
0
0
0
206
7
0
0
0
0
0
96
0
563
190
0
0
0
0
0
0
45
0
0
532
5
8.83333333333333
0
46
8
0
0
0
0
0
0
0
0
0
87
0
0
0
0
0
0
0
0
22
0
0
0
0
5
0
0
0
0
0
0
0
0.2
0
0
0
0
0
0
0
0
0
0
0
0
0
0
0
0
0
0
0
0
0
8
0
0
0.552238805970149
2
0
0
0
0
0
0
0
11
0
0
0
0
223
8
0
0
0
0
6
41
0
0
2
12.6666666666667
0
0
0
17
0
0
0
0
0
0
0
0
0
0
13
0
0
0
0
2
42
0
24
0
0
3
0
0
1
0
0
0
0
0
0
0
0
0
0
0
0
10
0
0
10
0
0
1.78260869565217
0
0
0
0
0
0
0
0
0
0
0
0
0
0
0
0
0
0
0
41
0
0
0
0
0
0
0
0
32
0
17
0
0
37
0
0
0
0
0
0
0
0
0
0
0
0
0
0
0
0
0
0
0
0
0
0
0
0
0
0
78.75
0
0
0
1
0
0
2
0
0
0
0
0
0
13
6
0
0
0
0
0
0
13
0
0
0
0
0
0
0
6
0
4
63
0
0
0
0
0
0
0
11.6
20
0
0
0
0
0
0
0
0
0
0
152
116
0
0
0
0
0
0
0
0
0
4.26923076923077
4
0
0
0
1
3
1.99212598425197
363
13
0
94
1789
0
0
0
0
1.45942028985507
0
0
0
0
0
0
0
11
0
0
16
0
0
0
0
0
0
0
0
0
0
0
0
0
7
0
0
0
0
0
0
0
0
11
14
3
0
0
0
0
0
0
135
0
0
0
20
0
0
0
0
130
0
12
0
0
0
1
0
0
0
0
5
0
0
0
0
0
0
0
25
532
0.374647887323944
2
0
0
0
0
0
121
0
0
0
0
0
12
0
0
0
0
0
0
0
0
3.11111111111111
0
0
0
0
0
0
336.166666666667
0
0
0
0
0
0
0
0
0
0
0
17
0
0
0
0
0
0
0.434782608695652
0
0
0
0
0
38
33
0
0
1
2.25
0
0
7
0
0
0
0
0
532
0
0
0
0
0
0
0
0
2.9921875
0
0
15
0
0
0
0
13
0
0
0
0
29
0
0
0
0
0
0
0
0
0
0
0
0
0
0
26
0
0
0
0
20
1.5
0
0
0
10
0
0
0
0
0
0
0
26
0
0
0
0
0
0
0
0
16
0
0
0
0
0
0
0
0
0
0
0
0
0
0
22.5
0
0
0
0
0
0
0
7.5
0
0
0
0
0
0
0
0
0
0
0
0
55
37
0
0.8671875
7
0
0
7
0
0
0
0
0
0
1.05882352941176
0
0
0
0
36
0
0
0
70
0
0
0
0
0
0
0
0
0
28
0
0
0
0
0
0
0
0
72
0
0
0
0
0
0
32
0
0
0
0
0
0
0
0
0
0
0
98
0
0
0
0
0
0
12.5555555555556
3.90990990990991
6.6
1.07692307692308
0
0
0
0
0
0
0
35
10
0
0
0
0
0
0
0
0
0
0
0
0
0
0
0
0
0
512
256
78
0
0
0
0
0
0
0
0
0
0
0
225.666666666667
32
0
0
411
0
0
0
0
2
0
0
6
1023
0
0
0
193
43
0
0
0
0
0
0
2
0
0
0
0
0
0
0
0
0
0
0
0
0
0
142
0
0
16.8020833333333
0
0
0
0
0
6
0
0
0
0
0
0
0
0
0
256
0
17
0
0
0
0
0
2.1875
10
0
0
0
0
196.9
1.5
0
0
0
0
0
9
0
11
45
0
0
0
0
0
0
0
0
0
0
0
0
0
0
0
0
0
0
0
0
0
0
35
23
0
0
3
0
0
0
0
0
0
0
0
0
0
0
0
0
0
0
0
0
0
40.8298755186722
1
0
0
0
0
0
0
0
0
0
0
0
0
338.5
338.5
5
0
0
0
7
0
0
0
0
0
0
0
1
0
0
0
0
0
0
0
2
0
0
0
0
0
0
0
0
0
0
0
0
0
0
0
532
532
0
2.57142857142857
0
0
0
0
2.41379310344828
10
0
0
0
3.66666666666667
0
0
0
5.22627737226277
0
0
3
0
0
0
0
0
0.222222222222222
0
0
0
0
0
5
0
0
0.317286652078775
0
0
0
0.458333333333333
0
0
4
0
124
0
0
0.6
3.66666666666667
4
0
0
0
281.5
0
0
0
0
0
2.37037037037037
0
0
7
0
0
0
0
2
15
0
0
388
0
0
0
0
0
0
4.33333333333333
0
23
0
0
0
0
0
0
0
33.5454545454545
0
0
0
0
0
12
0
0
0
0
0.130177514792899
0
0
0
0
0
0
0
0
0
0.75
0
0
0
0
0
2
0
0
0
2
532
0
0
0
0
0
0
0
0
0
14.5
29
0
10
209
5
0
0
0
0
17.5
0
0
0
0
0
0
1
0
