18
21
19
9
21.7916666666667
31
22.9821428571429
15.2598039215686
26.9574468085106
21
13.6440677966102
12
18
7
29.0434782608696
20.5
25.5
11.6666666666667
16.5
14
18.037037037037
20
9.34615384615385
18.8620689655172
20.8666666666667
23
19.76
15.8181818181818
15.6666666666667
12.4642857142857
27
12.4814814814815
15
22
21
28
19.7142857142857
14.87
21.6666666666667
17
8.1
8.5
20.5
12.2173913043478
22
10.9756097560976
21
16
20.9047619047619
16
18.5
23.75
22
23
13.6
21.3333333333333
17.5
18.1384615384615
17
18.2692889561271
18.9166666666667
18
19.2420494699647
19.3375
15.7142857142857
8.375
20.9350649350649
25
25.05
14
11
16
21
19.875
21
19
21
25
15
24
8.33333333333333
18
23.6666666666667
17.8666666666667
12
18.8888888888889
22
16.2176278563656
23
17.75
9
23.9444444444444
16
22.25
12
19
20
12
22
14
24
15.078125
19
24.6666666666667
25
19.275
13.4666666666667
21.7142857142857
11
18
25.75
21.1558441558442
11
23
13.0833333333333
21.9230769230769
8.78571428571429
21.1428571428571
25
16
23.016393442623
20.6666666666667
19
21.3333333333333
14.6666666666667
19.5
25.6
19.6666666666667
15.8823529411765
18.9411764705882
15.5
20
25
8
21
23.6
10.3333333333333
17
8.57142857142857
22
15.6
8.30769230769231
21.3333333333333
12
26.96875
19.3809523809524
17
17.75
13.3333333333333
27
28
25.75
22.7228915662651
22.9473684210526
17
23.9724770642202
13.6
15.75
15.952380952381
21
16
13
17.7777777777778
18
19
17
18.6
17
23
17.6
16
17
23
10
10
16.5882352941176
10
16.6835443037975
13
6
16.7459016393443
10.8148148148148
19.7142857142857
14
12.8409090909091
17.8888888888889
21
18.9459459459459
19
16.5
19.6315789473684
14
19.7777777777778
12
15.1818181818182
10.5
24.2941176470588
24.75
19.7142857142857
10.0608695652174
19.5
22.6666666666667
21.3333333333333
18.75
12.3248730964467
10.6
16.8
18
16.5
23
14
17.9826086956522
21.3333333333333
16
18
17
19
12.4545454545455
12.8411214953271
7
15.3333333333333
20
13
18
15
17.8461538461538
15
12.4
25
15.8181818181818
8.5
15
18
24
24
14.3333333333333
18.875
12.25
15
22.406976744186
24
13
11
25
20
19.984375
22
24.5
11.625
20
20
20
12.7222222222222
15.1538461538462
23.6666666666667
18.5
12.5
19
21
20.3333333333333
24
25.75
18
20
14.6666666666667
21
11.1463414634146
15.1666666666667
17.0606060606061
28
19
23.25
14
22
25
19.8461538461538
20
19.5
20
18.0833333333333
25.3333333333333
19
11
19
20
15
25
13.1428571428571
24.9705882352941
21
13.6
17.5
12.875
14.5
21.9444444444444
25.8333333333333
12
22
21.8461538461538
13
23.8709677419355
23
22.2
9
19.7727272727273
13
14
21.3333333333333
16
8.33333333333333
21
20
16.9444444444444
21
21.7647058823529
18.9381443298969
23.6666666666667
23.8333333333333
19
24
21
19
15
20.5
14.8666666666667
25
15.5
8.71428571428571
17
15.4117647058824
19.0361445783133
8.75
22
17.8571428571429
27
15
13
22
15.625
9
21.75
16.6666666666667
18
10.9813664596273
23
12
26
23
23
14.3333333333333
25
18.7692307692308
13
21.25
18
9
12.3295454545455
10.7142857142857
12
16
14
17.2894736842105
22
10.8695652173913
18.8666666666667
16
26
18.6
17
19.9565217391304
18.75
13
11
24
13.0593607305936
11
13.2025316455696
14.5
12.7067307692308
24
15.0021008403361
15
21
24.7142857142857
22
24.8333333333333
17.6
9.33333333333333
17.8333333333333
18.7777777777778
19
16.3333333333333
23.25
18.9230769230769
23.1428571428571
24
19.1666666666667
9.44705882352941
14.48
24
18
21
24.8461538461538
15.8333333333333
25.0434782608696
18.3333333333333
26.75
19
23.3333333333333
15.0418848167539
9
15.1034482758621
8
8
24.625
24
24.8666666666667
15
17
20.5
18
19.9
19.1333333333333
17.8181818181818
16.8378378378378
17.3333333333333
20
12.9285714285714
6
17.9230769230769
18
16.6666666666667
9.85714285714286
18.1428571428571
13.9259259259259
21.2
26
11.3333333333333
24
15
24
18.8333333333333
13
10
11
22.8571428571429
10.8
25
14
12.75
17
8
21
9.29268292682927
6
22.6666666666667
13.3333333333333
10.6666666666667
21
16
22
21
12.5
13.3333333333333
15
19.6
17.2
15
10
11
25
17
15
22.75
24
25.2727272727273
16.8333333333333
22.6521739130435
19.6666666666667
10.2
15
18.1764705882353
19.5
18
18.5
18
11
19
18
18
16
17.625
17.1666666666667
17.9555555555556
18.6
12.4827586206897
16.8461538461538
19
19
11.5
6
16.8571428571429
10
14.8571428571429
19.0760869565217
18
19.875
18.1923076923077
24
14
18
20.8333333333333
9.375
31
16
18
22
18
23
17
25.9444444444444
23.3333333333333
22
19.4444444444444
18.7142857142857
14
19
15.8428571428571
14
24
9
15.8833333333333
23
18
22.6
24.2
14.9259259259259
17.2
19.3333333333333
17.5
19
21
18.6666666666667
18
21.4153846153846
9
16.05
25
11
18
17
17.5
10
9.13333333333333
18
23.3333333333333
18.6666666666667
22.8888888888889
27.125
11
5
19.5
14.25
16.2857142857143
7
20
17
10
13.5
13.6923076923077
17
18
16
23
19
15.75
22.953488372093
26
17.75
15.9230769230769
28
28.5
22
16
27
14.6
18.5
21
14.5
20
11.7682926829268
10.7777777777778
17.8235294117647
6
19.5
25
20
7.53684210526316
27
21.25
17
13
12.8181818181818
20.3333333333333
17.3333333333333
15.3333333333333
18.0687022900763
13
24
19
13
24
19
12.0606060606061
23.9166666666667
11
22
7.31428571428571
14.1232876712329
12
9.33333333333333
19
17.5
15
19.1941860465116
17
18.3333333333333
12.6666666666667
15
16.5
20
22
19.7142857142857
16.9
18.8333333333333
19
18
12
22
21
24.5
17.0555555555556
27
26
17.2416666666667
18
25
20
12
6
21
24.9
22
21
17.3333333333333
23
29
19.8387096774194
15
18.3333333333333
27
20
16.6666666666667
17.6
25
10
7
12
14
24.1666666666667
13
16.8
18.3333333333333
24
19.5
26.6666666666667
19
19.2222222222222
16
20.5
18.1807692307692
18
11.5714285714286
26
23
15.8333333333333
12
16.3333333333333
27.1111111111111
16
16.6153846153846
9
23
22
19
16
13.2727272727273
17.875
15
20.6666666666667
9.33333333333333
23
23
17.25
19
19
29
22
23
17.8666666666667
15.7142857142857
14.2608695652174
18.6
25
17.9
25
24
20
9
13
23
17.0074074074074
16
18.3333333333333
9.66666666666667
8
12.6666666666667
20
21.75
24
17.3333333333333
17.9852941176471
15
17.7
17.6666666666667
12.4
14
13
14.6
22.75
24
16.1917808219178
16
13.6666666666667
17
16.92
18
20
22.5
21.8
19
19
23
21.9411764705882
24.3333333333333
16
24.125
11.875
20.6923076923077
12.5
23.6
19.8571428571429
22.8
18.8125
21.3225806451613
12.3684210526316
13.4905660377358
14
18
15
24
17
17.2307692307692
9
8.5
11.5555555555556
23
15.7777777777778
15
11.095652173913
9
19
19
13.8235294117647
25.0625
22.6923076923077
20
8
18
17
24.8695652173913
18.3333333333333
27
20
25
13.3333333333333
20
26
24
15
7
14.0652173913043
25
19.5714285714286
14
19.5
17.95
23
17
17
20.6
14
18.3333333333333
21
23
18.5
14
18
9.75
15
18
16
15.71875
13
25
24.9570552147239
18.6666666666667
17
21.75
23
15
29
13
26.3333333333333
23.1212121212121
10
23.6666666666667
16.3333333333333
14.9193548387097
20.3333333333333
19
13
12
22
22.6666666666667
21
27
8
19.6666666666667
26
15.2976744186047
19
24
18.5555555555556
14
21
25
18.7142857142857
20
12
22.9677419354839
14
7
20.8
9
22
23
20.4
27
25
18
15
16.4285714285714
20
21
21
14.1598513011152
19.2619047619048
14
9
24
21.5
20
20.8
24
20.8
11
15
21
16
20.5
26
18.8571428571429
22
13.0851063829787
16.6153846153846
16
17
13.8
16
16
8
25
14.3333333333333
19
9.5
16.5
23
24
24.1428571428571
23
15.6666666666667
23
16
26
19.5
17
13.7142857142857
20.9
17
11.5
10
19
20.8666666666667
13
19.5
24
12.8461538461538
14
11.1333333333333
25
16
22
22
19
19
26
22
9.88888888888889
10
10
28
12.3333333333333
18.7142857142857
17.1
20.8461538461538
12
22
17
20
8.8
13
13
27
15.3333333333333
21.8
18.6666666666667
9
24.3333333333333
22.3333333333333
17.75
18
20
25
13
19
22
18
14.8
14.6
26
18
12
23
23.6666666666667
18
15.1785714285714
23
24.75
24
15.4090909090909
18.4
22
19
19
19.6
12
18
20
16
16
18
23
22
17.1428571428571
17
15.5
18.25
14
20.9310344827586
8
10
14
24.3333333333333
16
22.7142857142857
16.8064516129032
17
21
10
17
12.2029288702929
21
17.6
13.0416666666667
12.2
9.48
24.5
10.76
15
19
15.5
19.6666666666667
10.1388888888889
21
19
8.96551724137931
10.5
17.5
24.9
19.0727272727273
17.8571428571429
26
22.3333333333333
16.8
25
19
27
7.71428571428571
17.6666666666667
7.87234042553191
16.2
25
13
18
9
18
16
19.3693181818182
13.3333333333333
15
12
17
23
11
20
19.8571428571429
16.5294117647059
9
13
14
17.96
19.5
17.9411764705882
19
13
19
20
21.6666666666667
23.6
21.5
17.5
21
19.2727272727273
16
11
24
16.3333333333333
26.8181818181818
21.7777777777778
18.6666666666667
23
17
15
21.9090909090909
24.4
20
10
26
25.5
16.3384615384615
21.5
23
14
9
20.6
13.3333333333333
20
25
16
19
23.8333333333333
12
15.2
18.5
15.2857142857143
17
18
21.5
24
17
9.71428571428571
19.1666666666667
18
15
17
15.5
11
16.8
22
9.33333333333333
18.9259259259259
16
14
10.75
22
13.3333333333333
17
14.960244648318
13.1666666666667
13.1993769470405
8
17
21
21.5
13
15.3333333333333
15
25
22
27.6666666666667
23.6
13
15
20
22
19
24.3333333333333
18.1836734693878
17
22
10
19.5
17
22
15.5
17.3566878980892
20
19
22
11.9473684210526
26
10.5
23.3333333333333
12.1212121212121
20.6
20
19
12.6
21
28
14.3333333333333
17.3333333333333
10
8
19.5
11.5
17.6
15
16.8571428571429
16
20
9
22
20
18
16.3333333333333
20
22
25
14
17
14
16.6666666666667
16
12
15
22.6666666666667
11.4
17
18
19
23
20.952380952381
20.3846153846154
24
21.6
14
16
22.8888888888889
22.7857142857143
18
13
10
11
17
16
12
21.5
19.1111111111111
21.3333333333333
17.3333333333333
19
20.5
24
21
18
10
20
20.6666666666667
20
17.5
25
17
22.3333333333333
21
13
12
19
25.875
16.5
20.5
13.6666666666667
17.3333333333333
21
21.7142857142857
23.6666666666667
12
25.3333333333333
17.3333333333333
15
20
18
19
22
19.6
21
10.7777777777778
23
12.1666666666667
15
25
20.6
13.7777777777778
27.8181818181818
17
8
14.3333333333333
9
9
10.3333333333333
19.75
23
11
21
18.7535087719298
13
17
27.3333333333333
7
17.5652173913043
13.4444444444444
16.9285714285714
15.44
14.5
14.3333333333333
20
11
18.75
23
18.1666666666667
18
15
14.4545454545455
19.8571428571429
26.5
15.75
13
12
7
14.3333333333333
19
16.5
11
22
14
23.3333333333333
19.3333333333333
21.8181818181818
14
16.6666666666667
16.3333333333333
9
13.9320388349515
14
25.5
15
11
15
14
16
6
24
15.3333333333333
13.8333333333333
20.0232240437158
27
19.5
20
23
14
15
8
26.75
21.1666666666667
15
25
14
10
25
19.7142857142857
21.9047619047619
26.7142857142857
17.5
18
18.75
15
14
19
21
12
20
22
18
19
19.6666666666667
11
17
23
19.5
30
18.8771929824561
18.7142857142857
20.6666666666667
23
19
17
22
17
18
13
19.3333333333333
23.7142857142857
15
11
13
18
15.25
9
21.7142857142857
12.625
18.9302325581395
12.2857142857143
23
22.5
10.0384615384615
24.962962962963
27
7
14
19.6666666666667
22.5789473684211
16
20
18.6
22
11
19.5
21.3333333333333
25
15
22.5
21.9
26.3333333333333
15
16
30
25
14
25
22
12
18
19.5
25
18
6
16
11
13.747572815534
22
19
22
22.3793103448276
17
22
13
12
15
21.5
24.6
23
21
12
25
16
20
20.3333333333333
26
19
21
14.6
15
16
19
20.75
11.7058823529412
20.9019607843137
9.46153846153846
11
20
13
13
16.3333333333333
15.8947368421053
23.8
19
11.5
15
18.3333333333333
19
17
19
14.3333333333333
17.3333333333333
22.9982054733064
19
9
16
8
18.8571428571429
23
13.3333333333333
19
14.2941176470588
16.5
11
18.7142857142857
9.33333333333333
10.25
17.875
20
9
22
7
23.3333333333333
23.25
9
17
14
19
22.5
14
14
21
18.5
16
19
23
20.3333333333333
17
19.6
26
17
19
12
15.5
18
21.5
15
16
23.7222222222222
18
25
25
15
21
21.5
25.2
13
13
15
21
19
17.7719298245614
26.6666666666667
18
17.9007633587786
20
20.5
14.5
17
16.5
23
23
25.75
21
7
15.7142857142857
23
13
20
11.44
16
18
19.5
20
21
13
20.6666666666667
22.6666666666667
14
22
10.3333333333333
9
16.5
12
13
21.5
24.75
18.5555555555556
19
7
13.25
17.5
23
17
26.6666666666667
25
15
22.5
9.83333333333333
10.5
13.125
12.1428571428571
17.8
22.0769230769231
21.6666666666667
17.5
6
13
23
22
26
22.6666666666667
24
16
12.875
13.1
15
15.4177215189873
19.6
18.36
13.6
8.5
8
14
20
18
16.7777777777778
9.5
22.6363636363636
21.6666666666667
25.8181818181818
16
23
23.3333333333333
13
14.4444444444444
9
19.6666666666667
8.88888888888889
13
13.5421686746988
9
9
25
26
15.3720930232558
12
27
21
22
17
8.96330275229358
14
23.8
11.864406779661
14
11
19
17
10.5
18
11
26
12
20
13.3333333333333
11
23.0444444444444
19
20.6666666666667
19.8936170212766
23
11
23
23
24.2777777777778
24
23.75
16.6
21
23.7727272727273
18
11.7142857142857
17.8
13
22.9
20
19
14
14
21
18.7777777777778
20
19
23
17
21
19
17
26
9.98260869565217
17
16
15.8
11
23
23.3333333333333
7.33333333333333
24
14
15
22
10
23
19
15
24
10.2727272727273
18
20
12.2
11
14
17
25
12.5
19
21
25
14
20
8
19
9.6
18
23
20
19
27
12
12
14
18
11.8
26.5
22
12
16.2857142857143
22
22
16.6
14.3333333333333
17.125
9
8
25
20.6666666666667
20
15
15
13.5
6
8
23
15
12
22
24
17.8235294117647
18
21
22
11
13
15.4
14
15
20
10
23.3333333333333
21.5
13
20
18
19.1
15
9
15.3333333333333
13.7777777777778
14.75
19
24
29
21
20
24
21
12
23.9230769230769
14
23
24
17
22
22.9
13.5
22
22
21.5
19
21
23
21.3333333333333
14.3333333333333
24
22
20
18
11
17
24
13
14
24.1666666666667
16
14.1111111111111
16.3333333333333
13
22
24
24
15.5
24
15
10
18.8372093023256
14.0954356846473
15
17
13
28
15.6
23
29.5
15
9
10
23
13.1111111111111
27
16
16
12
19
19
13.75
8
14.9718309859155
18
9.10344827586207
9.75
25.5
15
26
20
20.8
23
24.9710144927536
9
12.25
17
12
20
15
24
11
13.5
16.3333333333333
23
15.3333333333333
18.1081081081081
17
9
21
16.3333333333333
10.7777777777778
11
14
19
12.3333333333333
24
13.3333333333333
17.7142857142857
21
13.3333333333333
15
14.0044052863436
23
20.5
20
28
20
22.75
21
22
13
12.6
22.8
16
15
9.46666666666667
13
20.6666666666667
21.6666666666667
15
18.3333333333333
22
9
21
17.2307692307692
5.75
15.5
20
7
20
20.6666666666667
6
15
11
11.5714285714286
19
27.5555555555556
23
20
13.6666666666667
19.7586206896552
6
15
10
25
19.6666666666667
18
17
22
15
14
23
10
19
23
15.7142857142857
19
26
15.5
22
26.25
21
22
24.25
12
16
21
22
23.5
14.6
14
12
7.96166134185304
13
21.3333333333333
17
24
13.3333333333333
18.9
24
25
17
20.6666666666667
15.5
25
15
17
15
11.25
14
23
21
19.9090909090909
14
24.3333333333333
16
14.4117647058824
24
16
14
8
20
16.8333333333333
16.6119402985075
21
17.8
8
23.7727272727273
13
20
18
20
20
23
24
21
14.2083333333333
10.8
23
14
23.1666666666667
18
15
20
12
12
23.5
18
24
20
21
16
9
23.3333333333333
8
21
23
15
15
8.5
26.3333333333333
19
8
16
24
19.2
16.0846774193548
13
13
20
15
18
22
15.6
17.5
17
26
20
17.2105263157895
22
25
11.3663366336634
23.25
14.6
22.4166666666667
12
21.75
10.6
15
18
11
13
19.3333333333333
20
22
19.25
12
20
24
23
12
25
27
11
24
14.012084592145
15
12
16
21.75
10
25
19
21
12
18.3333333333333
24
8
20
22.7777777777778
22
11.0096852300242
14
21.7777777777778
20
16.7142857142857
11.75
19.4545454545455
13
13.0208333333333
20
10
11.5
11
12.3333333333333
12
24
10.2631578947368
19.3333333333333
24.875
6
11
18
17
25
13
16.5405405405405
20
11
21
19
14.3333333333333
25
19
22.25
20
24
21
10
18
7
14
12.006993006993
20.3333333333333
22
16.8571428571429
15
18.5
20
21.5
19.8
20.3333333333333
18.4615384615385
18.2709359605911
21.3333333333333
12
19
9
17.3333333333333
20
23.5
14
25.6666666666667
19
18
19.25
20.8
20
14
20
21
10
16
17.1146384479718
19.9285714285714
8.5625
22
25
15
22.75
17
21
10
13
13
10
23
14
19
13.4
15
15.2612612612613
30
12
26
11
23
22
14
8
20
17
15.8
21
25.5
16.5
22
24
18
19
22.8
19.0909090909091
16.5
11
12
22
11.5514285714286
21
19
14.9074074074074
15.6666666666667
16.5
13
19
15
19.9565217391304
20
19
7
12
20.2
20.1862244897959
11
22
23.6666666666667
24
9
16
13
10
20
11
16
21
20
10
12
10
17
19
16.5
9
11
24
23
18.9465065502183
11.1
9
8
18
20
26.6
24
13.5
20.75
21
21
28
17.4
29.3333333333333
12
13
17
6.66666666666667
21
18
21.5
18.5
20.7142857142857
12.6666666666667
14
16
20
22
9
19.5
19
13
12.3333333333333
22
16.5
17.3333333333333
19
22
25
12
21
17.3333333333333
15
20
10
15
17
25
11
17
27
19
16.3636363636364
13
16
19
15.0309278350515
17
25
12.9
23
22
10.3333333333333
23
19.5
26
25
10
14
16
17.3333333333333
9
12
17
13.6
19
8
27
13.3333333333333
21.8
18
12
17
20
23
15
19
8
16.6
11
23.8
11
11
25.5
13
17
13.6666666666667
20
17
23
14
17
17
23
22
15
24
15
23.3333333333333
10
20.5
21
15
24
19
25
13.4074074074074
18
16.9777777777778
16
23
12
21
15.4117647058824
20.25
15
23.3333333333333
18.5
15.5
13.3333333333333
12
26.3333333333333
14.5
25
9.1530612244898
13
8.05714285714286
25.8
19
12
19
19
13
21
19
22.25
27
22
6.33333333333333
14
23
23
8.71428571428571
10
12
4
13
19
14
13.0416666666667
21
12
21
20.5833333333333
19
16
10.75
23
21
10
14
18.2857142857143
21.6
20
14.3571428571429
9
18
21.8
21
11
16
26
11
12
15
19
17
15
22
19.6666666666667
14
16.3333333333333
12
23
16.3333333333333
9
20
24.6666666666667
19.6666666666667
19
15
18
12.75
27
10
13
16
21.7777777777778
20
20
21.5
22
16
19.5
12
21
12
16
17
7
21
12
15.5
27
21
21.3333333333333
24
13
11
14
23
14.5555555555556
24
13
16
25
25
14
23
18
13
27
19
12
20
18
13
20
18
22.1688311688312
18
12
20
19
15
18
10
12
22
10
13
28
11
14
25
18
21
14
9
21
22
15.4117647058824
22
22.8333333333333
14
24
22
18
23.2
17.7878787878788
15.1428571428571
17
18.6666666666667
17
22
22.5
18.6666666666667
11.3333333333333
22
18
10
24
17
18.4285714285714
20.4285714285714
12.3333333333333
17
14
17
14
29
16
10
20
23
17.3333333333333
12
6.66666666666667
20.8333333333333
12
11
10
14.2258064516129
20
28
16.9090909090909
18.1325301204819
15.3333333333333
11
19.6
21
24
14
29
6
21
15
18
21
19
22
16
22
15
13.5
18
26
25
21
18.25
25
14
17
23
17
18.3333333333333
17.125
15.3333333333333
20
21
10.5714285714286
12
14
18.5564516129032
15.0967741935484
16.3333333333333
20
22
9
17
24
10.3333333333333
16
12
17
16
19.875
19
14
26
19
18
12
13
19.6666666666667
7.5
19
10.3333333333333
10
8
16
17
15
22
15
5
19.25
20
19
15.3333333333333
22
22
25
18
18.5
23
28
23.1428571428571
23
16
14.6666666666667
8
7
17
16.6666666666667
22
29
13.1428571428571
22
17
18
15.6666666666667
25
13
8
22
23
20.5
23
18
14
19.125
17
17.875
8.5
15
20
15.9295499021526
26
14
13
11.3333333333333
16.9313725490196
20
22.7142857142857
19.6666666666667
22
16.0869565217391
15.3333333333333
15
21
18.5
12.5
20
21
16.015625
11.5
21
18
26.8666666666667
11.5
19
21
20
12
16.3846153846154
21.5
17.2
19
10
28
18
14.5
19
17
22
14.4
24.5
26
22
17
14.3620689655172
11.2105263157895
14
17.6666666666667
20
21
16
18
12.9459459459459
12.0228057289754
8
17
23
16.5
17
19
9
17.5
8.98360655737705
7
12
15
23
9.5
20.7142857142857
9.75
25
14
23
15
21
14
11.1304347826087
17
19
18
17
20.8461538461538
19
19.5
30
21.5
17
18
12
17
18.0123456790123
22
24
16
15
24
24
13
21
19
19
22
19
20
21
8
16
13
22
20
14
23
20
21
9
16
12
16
22
11
10
26
20.8333333333333
14
22
29
16.1818181818182
16
18
24.5
18
25.5
10.75
21
20
23.6
18.5951374207188
15.5
15
12
21.5
12.85
23.5
28
21
24
16
22
19.285
18
18
17
21
17.75
20.5
10
20
23
17
23
19.5
10.5126050420168
22
12
15
21
16
24
12
22
18
18
20
24
10
16
23
25
20
18
21
22
17.4375
17
16
17
13.7142857142857
18
23
17
17.3333333333333
20.5
10
17
23.25
20.5
20
21
18
20
12
20
20
20.5
26
16.5
17
22.2857142857143
26.6666666666667
22
25
21
17
16
15.5
14
17
17.3333333333333
16
22
10
23
19.5
16
12.4736842105263
13
25
19
20
16
14.5
16.3333333333333
19
15
11
12.7027027027027
21
16
20
13.3333333333333
18
17
20.8571428571429
24.3333333333333
25
21
23
17
9
18
23
24
17
11.5
19
15
19.5
19
14
11.7568493150685
19
19
21
17
20
21
22
11
13
18.6666666666667
23
11
19.5
9
18
18
15
26
20
25.5
13
18
7.14814814814815
19.6666666666667
15
15
16
15
15.952380952381
28
21.5
13
18
18.6666666666667
19
21
19
20.3333333333333
21
11
27
9
17
19.3333333333333
21
17
22
13
19
27
23
12
19
14
15.8125
21
12
21
21.3333333333333
19
14.3333333333333
19.7142857142857
19
18
21
15.3333333333333
14
12
20.3333333333333
23
14
21
19
17
14
11
19
12
22
15
20
20
15.5
11.3333333333333
23.3333333333333
10
15.8405797101449
19
23
28
26
18
10
17.5
18
27
22
15
14
21.4
22
21.8
18
15
20
16
22.5
16
7
24
15
17.1428571428571
13
27.75
24
19
18.75
21.3333333333333
13.8709677419355
14.3333333333333
23
22.5
13.2142857142857
17.9862068965517
11.6666666666667
19
20.5
21
9
19
26.6666666666667
8
17.5
24
21
23
24
12
11
19
25.6666666666667
15.6666666666667
19
18
15
17.4189189189189
17
16.8
21
18
16
23
21
9.75
17
21
24
10
25
22
24
21.1666666666667
29
14
16
18
15
22
18
7
9
11
17
15
23
22
17.9230769230769
25.5
16
23
26
11
14.5
21
21
11.25
17
17
13.8736842105263
12
22
17
11
19
17
15
18
8
12
23
25
8.66666666666667
14.75
14
14.5
17
18
14
13.4
21
10
17
11
19
12
14
21.3333333333333
8
16
11.5
25
25
7
18
23
20
17.3333333333333
17
8
9
16
18
14
18
27
23
26
17
15
12.5
18
22
19
6
23
18
21
20
23
9
12.3333333333333
17
16
18
23.7142857142857
13
12
19
16
25
10.25
18.8
25
11
12
22
26
20.3832335329341
12
14.7857142857143
12
14
14
18.5
12
17.0909090909091
24
25
12
17
17
19
23.3333333333333
19
15
19
7
8.02702702702703
20
15
9
8
21.2
11
11
22
21
24
19
14.3333333333333
16
9
20
18.1416400425985
12
14
11.5
19.6666666666667
11
16
21
24
20
15
13
24
27
14
20
12.5
15
20
17
13
17.3333333333333
15
16
11.9581395348837
21
17.3333333333333
25
14.75
21
23.5
12.8333333333333
13
16.3333333333333
15
23
10
20
12
23
9
20
16
9.70833333333333
25
16
17.3333333333333
24
21
24.8333333333333
19
12
13.3333333333333
14.3333333333333
17.7176470588235
15
16
21.6666666666667
20.5
19
18
23
23
17
9
21.5
24
21
12
11
9
21.3333333333333
15
24
19.3333333333333
21
9
21.5
17.25
13
14
24
20.3333333333333
23
18
13
13.3333333333333
22
23.5
13
10
23
8
10
20
18
18.6
11
12.4
24.75
12.6666666666667
11
21
20
19
23
8.6
11
23
16
18
20
16
25
26
11
21.5
17.3333333333333
23
26
27
12
21
19.5
18
23
14
24.5
10
20
17
15
16
19.3333333333333
18
10
13
22.5
21
15.3333333333333
15
24
23
19
7.33333333333333
24
17
24
6
20.5
6
19.8811881188119
23.5
14
15.6666666666667
6
26
25
14
17
13.7058823529412
24.5
21.8571428571429
10.25
18
18
13
10
24
18
18
9
25
17
15
10
17
26
19
25.5
14.5
18
8
18
18
13.1264367816092
17
21
13
16.5
19.1111111111111
17
17
13.3333333333333
16
17.3333333333333
18.1083333333333
22
11.0776699029126
25
11.5
25
10.1818181818182
16.8333333333333
18
19
17.6666666666667
20.8787878787879
18
17
11
11
21
18
23
20
16
22
22
12
24
23
14.3333333333333
19
17.1107871720117
8
10
9.5
13
17.5
21
16
15.4444444444444
8
24
10.6
18.6153846153846
16
24
21
23
19
10
18
15.3897058823529
14
11
10
18
11.5
14
15.0828729281768
22
20
22
14
23.8333333333333
17
23
16.6944444444444
23.8913043478261
21
19.1111111111111
10.64
16.3333333333333
22
18
20
20.6666666666667
9.90990990990991
18.5
22
18
18
24.4285714285714
18
14
22
12
11
20
7
14
9.57142857142857
18.5
19
26
11.5
9
10
10
23
20
17
10
17.4615384615385
17
20
21
25
16
18
10.7142857142857
11
23.25
24
15.5
12
25
17
20
14.0014450867052
27
19
20.3333333333333
19
18
3.33333333333333
12.5
19
17.5932350390286
20
23
19
10
22
17.2842105263158
18
21
12
25
16
18.3333333333333
23
18
17
29
22.9
22
10
17
27
16
16
27.5
14
14.1428571428571
24
21
23
28
14
19.75
27.3333333333333
9
16.2533333333333
22.8957264957265
21
20.3333333333333
17
27
12.3404255319149
7
16
16.6666666666667
19.5
16.3333333333333
23
14
15
22
21
29
19
8
17
19
20
14.2133333333333
9
22.8
22.875
21
22
20
25
25
24
19
22
28
13
12
7
21
17
21
18
20.6363636363636
18
21.3333333333333
23
20
20
23
24.5
8.25714285714286
20
5
18.2
20
17.8520408163265
11
12
8
17.2102564102564
7
21
21
23
20.5
19
9
22
23
22.2857142857143
14
7
5
29.5
13
14
13
13.3333333333333
8
10
8
18
20
20
15
22
22
16
23.6
18.68
16.6666666666667
21
16.3333333333333
22
23
25
12
18.5
28
18
6.66666666666667
20
18
24
11.5
16.8571428571429
9.04081632653061
22
21
15.4285714285714
18.3333333333333
24
25
22.9230769230769
22.6
16
15
21
15.2990654205607
14
18
9.5
18
19
16
13
6
24
19
17
11
16
28.5
20
27
26
18
16
25
26
13
11.3221476510067
25
21
22
23
19
15
24
22
20
21
15.9117647058824
27
22
16
11
9
19
18
19
20
10
24
22.9803921568627
14
20
20.2
18
11
21
17
16.6666666666667
22
11
11
20.3333333333333
21
12
20
23
19
24
16
26
26
18
14
17.3333333333333
28
20.5
24
24
26
22.5
12
20
21
11.5
25
14
25
20
16
19
13
23
19
15.5
10.3214285714286
11
24
21
14
15
10
17
22
13
19
21
20
26
21
21
16
23
15
23
17.3333333333333
18.45
19.7835051546392
20.5
16.9777777777778
18
18
14.8
22.3333333333333
14
11.2
17
17
25
8
17
10
17
18
13
10
16.9489051094891
6
15
17
8
26
22
9
26
15
10
17
19
12
16.0245979186377
7
10.3333333333333
16
8
18
8
23
15
25
12
24.5
12.1666666666667
20
22
12
12
20
18
15
14.3333333333333
26
18.5
19
17
10.5
22
19
18
24
17
11
22
13
27
14
20
20
27
13
22
15.875
16.7142857142857
13.5
25.75
20
18.3333333333333
14
19
15
20
13.7142857142857
19
19.8
20
10
15
7
13
16
15
24
21
23
15
16
17.2359154929577
21.9160493827161
23
6.97966101694915
17
16.5
10
26
15.6
6.5
20
27
21.5789473684211
20
23.5
18
21
16.3333333333333
16
21.5
28
7
15
22
12
15
19
23
15
13
17
5.5
23
17
10
19
20
13
11.1803114013059
20
16
16.4307282415631
22
13.5
19
24
15
21
19.9583333333333
20
25.1666666666667
14
21
21
20
18
20.25
7.66666666666667
22
14
15
13
13
19
24
23
18
10.5
9
21
12
11
23
10
19
19.984126984127
23
18
14.7972972972973
18
21
25
8
20
15
17
9
12.032967032967
8.5
26
18
20
21
12
17
11
12
14.6666666666667
17
10
16
15
23
18
13
12
10
15
8.0327868852459
11
24.1428571428571
9
15
22.8
22
18
18
12.3333333333333
24
27
21.5
9
10
15
12
10
14
18
14
17
9
17
23
16
23
22
16
9
21
8
23
19
10
11
25
21.9310344827586
13.2222222222222
21
21
12
10
25
21
11.2
15.5
21
14
12
16
13
19
6
15.1714285714286
20
27
17
21
15.25
19
19
14
14
22
22
21
12
27
22
15
18
17
20.9795321637427
22
20
21
13
21.9090909090909
13.25
20
7.86363636363636
19
15
14
18
10.3333333333333
10.3333333333333
18
17
20
19.3333333333333
12
15
23.75
16
21
20
13
11
22
23
17.5
8
24
24
23.6
18
19
13
18
16
11
30
17
12
26
11
21
24
16
18
26
11.9736842105263
18
13
12.3333333333333
21
9
23
12
9
14
23
15
26
19
26
27
19
4
22
18
21.4
17
21
16.2564102564103
13
11.0363636363636
17
22
21
20.6
22
9
25
12
20
13.94
19
12
22
24
17
12
17.0200400801603
10.8888888888889
15
24
16.5036496350365
12
24
14
22
18
26.5
18
14
15
19
21.5
18.6
13.8148148148148
21
23
23
24
14
20
12
17.3333333333333
23
24
7
21
23
25
25
8
17
18
19
21
14
15
7
21
9
20.5
21
11.0275229357798
16
21
24
25
14
13
14.0666666666667
10
19
26
17
21
13
18
23
20.6666666666667
21
27
21
18
19
13
23.5
12
18
20
13
8
24.5
17
16.6666666666667
24
19
18
8
22
18
8
16
7.5
17.3333333333333
22
15.3333333333333
7.5
23
14.4
16
13
22
11
11.5
12
32
23
13
24
25
14
16.5
16
14
18
16.0265486725664
15
13
10
24.6666666666667
12
19
20
16
11
18
19.3333333333333
15
23
16.125
18
26
23.5
22
23
16.25
12.8
16
14
16.4
15
12
23
8.33333333333333
16
9
14.9867768595041
24
18
22
21
20
17
20
12
17
19
12
17
14
19
21
27
12
21
26
18
14.1480232914496
12
28
10
9
9.90510948905109
12
10
23
31
14.4333333333333
15
17
12.4444444444444
19
17.92
5
15.5
18
15.3333333333333
25
19
21
23
10
17
12
15
17
25
24
15.8571428571429
19
10
13
17
16
23
17
22
13
20
15
20.6
20
25
26
22
15
24
12
20
16.25
21.5
13
11
11
11
10
12
26
17
13.6666666666667
18.5
13.0175438596491
10
16.75
18.5
13
24
23
20
9
17
13
22.3333333333333
17.3333333333333
7.33333333333333
26
26
19
21
9
23
24
14.5
19
17
15
12
22
17.5
21
11.3333333333333
22
16
19
13.8863636363636
21
18
20
18
26.3333333333333
23
16
16
22
21
15
9
12.5
16.3333333333333
20
15
6
9
21
16
22
12
12.3333333333333
22
9
10
13.3333333333333
14
27
15
18
22
28
11
19
19
23
16.75
14
28
9
8
7
18.75
16
8
19.5
9
19
20
26
18
20
12.8202247191011
14
19
20
11
8
24.3333333333333
24.3333333333333
14.5
9
11
22
26
15.7560975609756
13
16
4
10
18.8333333333333
23.75
23
17
15
14
24.4
12
22
23
19
15
17
21.8571428571429
16
14
23
15.1666666666667
6
29
13
20.5
18
24.3333333333333
13.5
18
23
15
12
21
19
11
17.5
25
24.5
14
8
12
20
24.5
16
14
20
25
21
21
21.6666666666667
12
23
9.38461538461539
18
21
23
19
27
20
14.21875
26
13
15
11
14
20
12
26
23
9
11
24
5.2
14
11.6
19
15
19
17
21
21
19
27
24.5
12
26
18.5
22
18
15
17
23
12
10
15
22
6.33333333333333
20
18.8666666666667
17.3613861386139
15
17
18
15.7142857142857
10
13.4
24.5
12
7
26
18
20
19
12
18.5
22
16
14
22
16.40625
21
24
9
24
25
17
10
10.9285714285714
16
16.5
20
18.5
24
13.093023255814
15.5
24
13.9882352941176
6
14
17
23
13
21
13
18
13.5
12
19
17
29
21
18
21
22
14
16
26
17
18
14
22.9090909090909
23
18
13
13
12
21
24
13.5
14
17.1666666666667
18
7
12.5
19.6666666666667
19
22
16
19
16.4324324324324
14.9090909090909
20
12
10
15
30
15
18
8
14
17
23
23
21
26.3333333333333
13.5
24
13
25.5
15.07
18
11
13
20.5
22
13
22.39
14
13
15
25
8
11
31
8
15
9
24
21
24
16
15.485049833887
12.75
9
20
12
14.9826086956522
19
24
23
11
6
10
11
22.6363636363636
12.2686567164179
10
24
16
16
16
10
10
20.5
19
18.0133333333333
9.98225806451613
22
19
18
15
12
17
22.5
18
20.2
9
16.2727272727273
17
25.0833333333333
18.0877192982456
21
9
12
27
14
16
16.5
19
24
12
19
19
25
13
18
15
16
18
10
14
14.875
18
14
24
12
21
8
15.547288776797
26
19
23
14
17
23
13
22
17.3333333333333
28
21
18.5
14
15
14
20.5
27
13
13
21
16.3333333333333
24
14
18
25
11
13.4861878453039
25
18.5
7
10
21
18
19
18
24
11
22
16
20
16
11.5
7
17
10
16
8
28
19
27
10
16.0655737704918
15
22
20
19.5
21
19
16
15.3076923076923
17.3333333333333
11.6740220661986
20
13
20
18
10.5
6
22.6
14
15
13.1666666666667
12.4454545454545
10
19.6666666666667
25
16
12
15
25
15
12.3363636363636
25
17
21
17
22
25
21
18
25
13.6417322834646
21
24
13
8
12
28
9
19
19
14
17
14
21
13
17
11
14
15
22
18
12
19
21
14
20.1428571428571
5.66666666666667
16
23
12
16
23
11
19
14
25
13
16
13.8181818181818
16
21
17.5
21
16
20
9
18
18.5
20.9789259007478
22
23
12
13.6
21.5
17.1739130434783
13.8050541516246
23
17
22
15.5
12
25
14
24
22
17
26
13
18.5714285714286
17
10
10
22
29
15
23
28
18
20
12
16
7
10
12
14
19
6
19
18
23
10
20
22
21
24
24
28
15
22
8
25.3333333333333
14
18
16
23
16
17
19.2068965517241
16
19
22
16.0029112081514
15
10
21
22
15
22.7642276422764
12
23
10
8
21.6666666666667
11.5
17.7536231884058
18
8
12
14
25
19
24
16
23
14
12
18
16
16
14
17
22
17
21
13.75
13
12
18
9
11
24
23
23
12.8
25
18
22.5714285714286
21
18
22
11
25
17
14
18
14.5
14
9.16666666666667
24
14.8068181818182
21
22
20
19
17.5
26
16.5
15.5
22
11.6
24
26
22
21
19
16
7
12.8333333333333
14
12
18
20.3333333333333
19.5
16.5
9
27
17
11
8
10
16
20
13
16
11.0379746835443
10.8817005545287
11
22
24.5
19
21
24
24.3333333333333
14.9943661971831
8
13
14
10
23
13
18
12
13
18
22.089552238806
19
10
24.1666666666667
19
19
4
9
28
15.4626865671642
22.3333333333333
18.625
8
16.9807692307692
6
13
22
13
13
17
19
15
21
21.0673575129534
16
19
17
20.5
14
18
24
10
17
19
24
15
22
22
10
20.75
26
19
12
24.5
23.3333333333333
22
14
17
18
8
17
15
8
16.9285714285714
24
21
14
13
20
17.5555555555556
21
22
9
22
28
15
24
20.3333333333333
13.0775862068966
21.6666666666667
21
11
25
22
27
16
24
16
23
19
24
22
18
18
17
12
24
29
9
19.5
20
22
21
21.3333333333333
14.3333333333333
18
14
19.5
17.9090909090909
20
15
9
7
20
14
18.9454545454545
12
13
21
18
20
9
14
14.75
18.2
14.3333333333333
27
18.5
12
17
21
11
25
23
15.0336134453782
9
22
21
19
18
14.5
15
8
17
19
23
19
15
24
18.5
20
7
21.9259259259259
24
20
16
16
16
16
22
14
21
22
17
15
23
10
9
12
17
6
10
17
10.0196078431373
16
18
22
24
19
21
12
18.875
13.9411764705882
24
17
14
24
25
14
20
19
24
14
16
8
14.3333333333333
19
18
12
17
11.5
13
14
18
8
11
22
10.5
26
24
18
21
18
12
13
26.75
7
17
15
11
18
22.3333333333333
22
20
21
8
15.6666666666667
15
12
27
21
21.3333333333333
23
21
12
22
24
17
19.2857142857143
14
15.9367588932806
26
13
12
7
19
16
14
23
17
16
21
24.6
26
11
24
19
12
24
15
10
20
28
20
22
9
6
21
25
19
10
19
25
14
16
23
24
25
22
16.5
19.0091743119266
18
23
14
21.5
17
18
15
21
15
12.5
19.3333333333333
21
12
19.1
15
16.5165562913907
16.6666666666667
14
25
10
26
12
16.4375
11
13.8571428571429
16
18
17.5
11
21
10
20
18
13.5555555555556
15
8
6
6.33333333333333
25
18
16
14.6666666666667
15.3333333333333
20
27.9906922629436
16
21
19
15
10
16.6
16
20
17
12
22
23
17
17.9947368421053
20
23
26
19
27
24
22
23.5
17
16
22
9
13
21
11
12
19
20
14
15
18.5
18
19
11
18
10
20
18
6
22
14.1525423728814
18
21
16
21
15
17
16
8
15
22
16.1666666666667
13.7407407407407
15
17
18
20.9545454545455
17
17
17
26
15
23
8
26
19
14
25
21
6
20
28
19
12
24
9
18
23
18
20.6666666666667
15
26
11
18
7
24
16
17
26.5
17
20
20
18
11
13.21875
20.5
24
21
11
22
17
24
24.5
20
21
11.5
24
23
8
11
13.6
21
4
12
12.5
13
23
22
13
26
16
25
17
11
14
27
22
9
23
13
24
12
19
13.3333333333333
14
23
22
22
9
22
22
24
16
21
20
15
22
15
17
22
18
18
15.3333333333333
16
19
29
11
18
13
17
15
25
17
24
20
17
16
21
15
24
20
21
27
21
16
11
15
15
24.625
8
21.7142857142857
23
12
14
19
11
23
18
17.3333333333333
13
14
14
20
13
14.3333333333333
15.7105865522175
18
21.5
18
11
20
18
7
22.3333333333333
19
22
13
19
17
11
14
19
11
16
11
12.9148936170213
21
9.25
13
27
15.089552238806
16
18
18
16
7
22
21
19
19
13.2375
22
28
23
23
23.6666666666667
16.3333333333333
15
19
22
18
15.3333333333333
34
19
8
26
14
13
16.7884615384615
18.8536585365854
24
22
17.5
23
16
17
12
22
25
10
12
18
15
16.0774193548387
19
22
26
16
17
9
28
22
21.0175763182239
16
14
25
9
20
15.2592592592593
16.0740740740741
14.5
16
22
13.16
20
16.5594713656388
8
26
16
15.6666666666667
19
23.5789473684211
15
13
23
15
14
25.6969696969697
22
14
14
14
19
11.5
14
12
17.0434782608696
17
20
27
24
19
16
13.1
15
19
8
17
23
12
17
20
15
21
8
14
22
11
21
23
22
25
24
23
22
23
21
24.5
12
21
14
23
14.1428571428571
19
18
23
29
10
15
18
6
13.1666666666667
18
16
20
19
24
14
7
25
14
13
22
23
14
21
13
17
17
12
20
13
18
24
11
14.7142857142857
23
17
20
13
19
11
21.8813056379822
11
14
18.3333333333333
17
19
9
19
21
9
21
16
10.0588235294118
10.7259615384615
10
11.5
9.5
21
16
17
23
20
12
18
14
17
22
16.1958456973294
18
9
17.5
23
26
16.75
14
19
22
14.4285714285714
19
10.3333333333333
16
20
25.6
11
7
15
16
23
13
22.5
9
22
17.5
16
12
19
19
13
22
16
29
9
23
15
21
15
12
19.5
21
15
18.76
12
9
26
17
22
13
5
28
10
8
26
16
11.3333333333333
9
17
14
10
19
11
14
22
22
22
20
13.16
8.33333333333333
15
21
13
18.3399810066477
24
21
15
11
21.3333333333333
18
14.5
21
14
15.5
24
12
25
18.6666666666667
21
14
26
21
24
17
23
20
10
17
16.2733333333333
18.3333333333333
10
13
18.0181818181818
15
16
19
10
16.5
16.6
20
16
17
18
6
25
9.87558685446009
13
10
21
9
17
20
17
20
25
18
19
12
20.6
7
7.5
19
13.1666666666667
11
25
18
12
9
24
14
17.6666666666667
25
19
21
18
22
15.3333333333333
18.6
27
22
26
18
14
20
23
20
19
18
18
13.4
21
12
14.3333333333333
23
8
15.2222222222222
19
15
16.0217391304348
20.3333333333333
28
15
16
9
21
24
26
16
20.2435897435897
17
8
20
15
17
21
22
15
11
18
25
25
15.8979591836735
15
14
21
11
13
18
16
11
13.25
15
18
20
10
16.5
18
20
13.3589743589744
19
18.0833333333333
26
16
19
4
24
19
16
18
10
13
18
8
22
17.25
24
10
23
13
10.6666666666667
16
24
18
16
12.3636363636364
25
14
17.8076923076923
33.7647058823529
17.9861111111111
21.6666666666667
9
16
13
19
19
14.5
24
16
24
15
18
26
17
20
19
25
11
11
14
8
14
20.3333333333333
18
14
15
26
24
17
26
10
25
15
11
22
14
18
14
17
16
12
12
26
15
26
20
12
22
14
25
10
17.5
14.9090909090909
4
19.5
20
15
21
20
15
22
23
15
8
24
18.3333333333333
9
17.1428571428571
15.0025
19
15
17
12
12
17
25
19
17
19
19
22
9
16
19
10
22
24.7821782178218
23
24
6
20
20
22
23
20
21
23
8
10
19
10
12
24
17
14
21.9459459459459
26
28
22.7674418604651
17
17
10
14.7068965517241
16
29
21
21
13
29
16
24
12
19
20
22.5
19
22.3333333333333
18
19
14.3333333333333
15
11
18
20
13
20
11
17
17.7546296296296
23
11
19
15
17
11
16
12.1538461538462
18.5
19.6666666666667
17
22
12
16.3076923076923
21
16
8
17.3333333333333
23
14.0625
8
23
7
14
9
15
11
20
25
14
11
17
11
11
15
19
13
21
8
11
21
25
16
11.5121951219512
18
9
11
23
17
13
18.5
27
11
14
17
10
20
27
15
5
16
8.33333333333333
11
6.33333333333333
25
21
19.3392857142857
15
24
18
18.3333333333333
20.5
24.75
12
21
12
10
14
16
14
23
9
25
15
11
19
15
25
24
10
13
18
14.2777777777778
28
18
10
18
23
15
14
14
19.5
10
17
14
16
13.1270131771596
20
22
11
26
23
13
21
21.1578947368421
14
26
22.5
20
14
28
12
10.8461538461538
7
23.6666666666667
18
16.6666666666667
21.3333333333333
12.6666666666667
20
28
24
27
10
10
17
11
25
14
8
20
22
20
16
9
22
20
26
20
15
16
18
21
14
16
20
9.06896551724138
25
19
11.3333333333333
23
10
25
16
18
20
22
22
16
22
29
19
14
12
10
25
17
13
14
16
10
10
24
19.9595141700405
15
21
21
23.5
18
15
23
11
13
22.5
26
10
16
8
17
21
17
10
8
18
13
16
5
22
15
22
8
10
21
14
14.1290322580645
22
19
24
18
14
16
21
16
21
19
20
23
23
22.1363636363636
20
10
11
20
21
19
14
9
22
13.5247524752475
19
7
15
19
18
24
12
12
22
23
12
19
14.0434782608696
14.4
18
15.25
15
16
20
15
26
14.0084033613445
23
17
14
20
23
22
24
26
15
17.3333333333333
20
9
18
24
24
7
11
17.8095238095238
9
17
24
24
22
21
21
13.9666666666667
28
17
11.5
18
19
10
22
25
14
15
20
21
12
23
18
20
10.921568627451
22
23
15
16
20
15
15
23.3333333333333
8
27
22
22
13
17
8.03333333333333
14
15.6666666666667
21.9090909090909
17.5
16
10
14
8
28
6
19
18
13
20
16
14
16
6.97122302158273
13
8.66666666666667
17
22
12
17
14
22.6
21
17
18
25
16
19
18
9
19.5
24
24
19
14
20
18.5
16
27
23
17
15
11.1454545454545
10
15.0540540540541
19
20
22
11
25
10.9622641509434
18
21
18
18
22
14
12.9785202863962
22.3333333333333
19
18
10
19
18
15.6666666666667
16
21
23
9
14
24
24
17
14
21
11
25
10
18
16
13
18
14
21.5
17
28
21
21
17
23
16
8
23
10
26
21
11.6
11
20
16
22
6
14
18
8
17
9
10
14
21
10
13
19
17
24
24
16
17.968085106383
26
12
19
11
20
14
15
17
19
21
12.0434782608696
12
21
8
19
22
18
18
16
22
15
20
16
23
16.2530120481928
11
19
23
21
21
19
23
11.4166666666667
16
13.8684210526316
9
22
18
19
4.5
11.7203389830508
9
19
21
23
12
22
13
22
14
14
9
12.9641076769691
11.5102040816327
25.1
12
13
25
19
18
24
14.1081081081081
16
20
13
19
17
26
21.5
13
7
21
21.3333333333333
12
11
17
15
28
25
15
18
23
21
17
22
23
22
27.0185185185185
11
15
11.4666666666667
6
15
19
25.5
16
26
19.3333333333333
23
21
15
18
12.0067415730337
14
19
17
14
21.5
21
13.5454545454545
8
23
15.9285714285714
19
9
17
22
19
15
20.5
16
14
24.5
20.0072289156627
16
17
25
16
27
21
17
20
15
16
19
15.6506024096386
21
10
23
9
10
18.0033112582781
20
15.7327044025157
22
23
10
21
10
16
19.4580152671756
22
28
11
10
7
23
26
15
20
17
12
9
20
25.6666666666667
19.3333333333333
18
23
17
19
27
23
9
5
19
23
17.262118491921
25
14
23
12
9.54545454545455
11
8.5
25
21
13.0540540540541
10
7
15
21
9
7
26
27
9
25
12
27
21
12.0481927710843
14
9
24
27
13
16
22.3333333333333
12
10
23
22
16
11
20
6
17.5092592592593
25
12
12
16.7619047619048
12.1470588235294
17
11
9
21
13
25.8333333333333
25
10
19
9.5
13
19
25
15
25
20
17
25
15
19
7.18181818181818
10
15
18.0945558739255
15
12
15
25
20
20
26
15
10
25
20
17
18
14
25
10
14.9878854625551
22
11
18
19
19
16
16.8666666666667
23
15
18
8
14
21
10
16
14.0582573454914
20
10
13
17
21
15
21
20
14
13
8
17.044776119403
17
24
27
10
17
9
23
10.6923076923077
22
19
17.3377001455604
23
8
23
10
15.9027777777778
18
11.5
13.75
18
16
14
12
16
26
10
25
16
21
19
21
19
8
19
15
11
18
11
10
22
18.9512195121951
24
16
11
20.75
15
19
26
18
13
8
25
15.3238095238095
15.3333333333333
18
17
21
17
20
18
21
21
19
20
14.4
15
23
18
10
18
23
15
14
18
25
22
18
14
15
12
18
16
8
23
8
19
19
21
12
22
22
21
20
20
19
9.5
18
8
18
16
16
16
17
18
19
18
12
22
26
12
12.5
6
16
9
20
17
15
24
21.5
12
10
19
23
15
13
21
16
15
10
13
20
11
16
13
17
18.5
16
19
16
13.03125
15
19
12
11
20
25
11
24
20
19
21
24
24
26
27.5
10
15.125
16
20
10
10
21
20.5
14.858064516129
24
22
20
23.5
18
11
19
19
15
24
10
12
16
14.5
23
24
18
13.7843137254902
13
25
17
19
9.00119189511323
15
15
24.5
21
16
12
23.5
15
16
18
16
16
16
11
15
15
13
19
14
13
20
21
23
16
20
17
8
13
15
11
17
19
16
24
22
18.5
17
22
14
17
23
14
20
11
20
19
10.6666666666667
23
23
23
12.5
7.5
23
27
20
19
8
13
9.25
9.75
11.3333333333333
23
11
26
19
22
9
27
17.9924242424242
24
11
18
6
17
13
20
23
11
17
19
17
26
7
15
6
19
26
12
8
21
13
14.6923076923077
17
18
19
17
19
18
17.6666666666667
14
21
7
15.5
17
10
23
19
14
7.75
20
17.1017699115044
21
13
13
18
17
25
17.9902912621359
19
20
27.3333333333333
8
23
27
10
24
13
23
28
17
21
8
21
16
16
11
16
20.1428571428571
17
18
16
12
20.0758620689655
19
25
21
21.4
14.0182555780933
12.5
18
23
22.5
26
16
10
16
23
14
12
10
22
19
15
20
15
19
18
15
14
25
20
16
22
21
11
18
17
15
18
22
13
16
21
7.5
13
23
24
9.90909090909091
18
8
14.9878048780488
37.5
16
10
29
18
25
15
21
28
20
23
7
18
22
12
20
25
19.0145348837209
25
13
15
20
23
14
13
7
12
18
14.4444444444444
22
25
20
21
12
13
16
14
26
18
10
23
26
12
14
17
14
18
8
12
10
9
25
24
19.7142857142857
12.5853658536585
10
17
18
24.3333333333333
20
18
22
10
20
27
22
28
16
17
16
21
18
22
14
20
24
13.8115942028986
14
12
18
22
10
14
18
26
13
19
23
17.5
25
6
24
24
20.8434782608696
24
20
22
23
11
16
20
24
22
13
19
15
21
14
16
17
7.35714285714286
14
19
19
21
20
13
17
23
12
20
16
20
21
25
16
17
24
17
20
21
12
26
18.0714285714286
25
26
26
20
12
14
26
11
13.1176470588235
14
13
23
17
23
26
13
20
23
21
24
18
15
15
16
19.1
14
21
18
18
22
14
23
10
21
25
14
8
18
23
24
16.5
24.5
13
12
15.403125
11
12
20
25
17
30
11
14
16
12
11
16.4262295081967
15
20
25
27
24
19
10
22
22
14.75
19
19
16
15
8
8
20.5
27
18
26
14.25
7
18
13
11
18
9
23
12
20
21.3333333333333
16
7.5
6
14
19
15
12.5
22
12
16
17
21
23
12
12
18
9
18.7751196172249
22
15
13
20.75
19
16
17
12.7963190184049
19
19
16.3636363636364
11.5
28
18
26
25
20
11
10
25
20
13
11
17
20
22
19
23
11
23
24
10
17
20
17
10
9
27
15
9
20
11
22
13
10
6
24
17
26
15.8771929824561
22
22
21
12
20
20.7151162790698
13
15
24.3333333333333
16
15
14
19
17
8
19
19
18
21
17.5
17
13
10
18
25
17
23
17.5
21
18
24
21.6666666666667
23.5
14
9
12
22
23
24
21
8
15
16
6
18
9
22
19
24
7
19
25
12
18
10
22
14
22
15
24
22
16.6666666666667
16
13
18
9
21
20
20
16
6
20
22
14
25
25
26
12
16
11
9
16
24
22
11
22
13
15
19
19
22
16
16
19
16
21.8682170542636
19
12
20.9327102803738
22
19
17
18
10
22.8181818181818
19
13
23
11
18.1739130434783
26
11.5
18
20
17.6949152542373
17
24
19
16
12
10
10.8367346938776
18
22
20
22
10
22
13
25
11
10
23
24
17
16
23
15
19
14
26
20
6
16
20
25
20
20.2814814814815
15
21
15.0724637681159
14
21
11.71875
10
18
11
9
22
23
25
25
17
27
21
22
11.6
18
9
9.5
17
21
17
15.8815789473684
25
21
15
13
27
15
11
25
16.0329113924051
8
13
10
11
14
9
7
24.5
25
25
22
8
22
23.5
17
14
15
15
20
7
15
18.5070422535211
16
14
16
19
24.5
24
18
9
13
21
26
7
14
23
9.29090909090909
19
9
22
8.5
10
12
12
20
19
21.2471264367816
23
21
9
27
13
5.5
22
16
25
16
8
19
15
13
20
14
14.5
11
14.1986754966887
21
22
9
23
20
17
5
13
11
6
18
23
15
14
22
21
22
16
21
14
22
8
16
13
16
18
16.2737430167598
22
21
16.2222222222222
17
15
11
16
20
16
10
13
14
17
13
19
18.8721136767318
20
16.1481481481481
27
15
24
23
24
21
15
18
13
26
14
27
22
21
12
20
19
13
18
17
19
25
27
21
21
22
14
15
15
18.8367346938776
17
14
23
15
9
9
19
17
20
27
13
21
21
15
22
12
20
20
24
18
18
12.5
14
9
25
23
6
16
18
18
22
20
24
11
8
14
22
18
14
24
21
23
10
22
20
27
19
8
18
15
22
20
22
10
19
17
15.5
18
18
25
16
23
23
21
14
27
7
24
13
9
16
13.5
18.5
9
20
25
18
24
17
12
23.5
24.0598320200883
4
15
25
11
21
11
13
24
10
19
23
18
21
16
22
20
13
12
23
13
11.6666666666667
17
23
25
16
24
26
19.5057471264368
23
23
32
19.4
14
24
18
25
22
25
17
17
10
17.5
21
11
11.0187338501292
13.25
14
16
13.9078947368421
9
24
7
14.4285714285714
17
14
11
12.6854460093897
12
12
20
16.5
23
21.5
24
22
21
22
21
14
23
22
18
27
9
9
25
23
13.21875
14
11
14
23
18.5
20
26
21
19.5
25
15
17.5012658227848
26
21
18
18
18
18
21
19
19
21
22
14
21
15
21
8.5
24
21
24
16
13
26
23
17
11
23
23
23
15
23
20
15
19
24
21
17.0521739130435
13.4074074074074
17
20
16
9
29
11
14.6153846153846
25
23
22
9
17
23
9
22
12
11
15
19
19.0108108108108
17
12
20
8
11
13
12
17
12
21
10
19
11.748031496063
22
11
15.2857142857143
13
18
15.1428571428571
13
12
21
19
13
24
14
12.3
23
11.0555555555556
22
10
16
24
29
11
21
15
20
17
24
23
29
18
14
23.3333333333333
22
23
24
15
16
28
22
6
14
19
11
16.9368421052632
13.1408450704225
12
22
20
11
12
19
17
28
17
12
12.5
21
10
11.5
15.8888888888889
16
23
17
19
22
9
21
14
25
19
21
23
9
24
24
8
18
22
15
20
19
21
17
25
21.9393939393939
11
23
15
14
12
14.9739130434783
27
16
14
5
17
20
8
17
9
23
23
12
25
13
22
20.75
14
15
23
24
18
7
26
10
17
21
12
6
18
21
10
13
25
29
26
23
16.5
25
24
16
15
19
11
17
13
21
20
19
18
15
13
23
8
14
20
21
25
15.5
17
11.5714285714286
18
18
23
21
18
24
23
26
23
22
14
19
13
21
18
10
16
19
22
19
18
25
23
16
13
11
13
19
15
18
23
17
16
14
18
24
11
16
17
19
19
18
20
25
21
6
26
15
21
13.8888888888889
19
22
19
16
12
22
13
14
17
21
25
20
10
11
24
22
22
7
16
9
19
17
19.5
12
10
14
15
21
27
21
20
26
16
15
17
17
16
12
18
16
12
18
27
20
19
18
14
19
25
6
15
19
14.0566037735849
17
11
21
23
17
16
15
23
17
9
12
15
20
12
23
8
10
17
26
22
27
15
14
15
21
13
23
23
19
18
22
25
15.2857142857143
17
18
19
12.5
16.5591397849462
17
22
20
10
22
19
10
23
22
22
13
13
22
17.0714285714286
20
12
15
19
22
17
16
14
25
23
11.2685185185185
11
15
15
15
4
15
13
21
21
21
24
25
25
19
23
22
15
12
14
19
9
19
20
16
15
23
23
23
23
21
28
22
23
22.3333333333333
11
13
24
12.2
23
18
20
18.0092592592593
16
21
20
15
22
20
20
24
19
21
19
20
9
24
19
8
20
17
15
21
16
8.85714285714286
14
12
9
22
11.6666666666667
18
10
18
23
12
22
23
18
11
20
20
19
24
17
23
22
18
21
13
14
23
18
9
27
8
17
24
11
22
13
15
8
16
26
18.051724137931
10
25
16
14
19.0909090909091
14
17
24
11
19
11
8
14.8
20
24
10
18
14
22
11
22
13
22
21
25
22
18
15
26
22
17
21
28
10
21
20
11
25
21.5
27
26
19
27
25
25
19
8
26
10
17
8
16
16
20
19
23
15
17
13
18
14
19
25
17
11
22
13
18
11
27
10
27
14.5
20
18
21
19.9787234042553
23
22
19
17
10
27
22
20
18
15
19
21
18
23
22
19
17
14
18
19
11.9886363636364
8
22.6666666666667
18
13
22
11
20
17.6666666666667
12
26
19
6
21
20
24
27
19
20
11
19
18
20
18
17
13
11
11
19
28
8
19
16
19
21.5
11
16
19
14
15
18
19
26
16
23
21
25
8
23
20
20
21
12
20
21
18
13
20
12
12
18
10
17
11
23.3333333333333
14
20
23
12
13
19.5
19
22
22
21
17
17
13
28
19
10
20
13
26
9
17
16.5625
19
14.5
20
22
25
22
11
21
25
14.7154471544715
13.3099203475742
21
17
21
16
25
10
20
9
23
14
21
14
25
22
14
24
10
14
14.5
21.3333333333333
19
21
22
12
23
24
18.3333333333333
16
11
17
8
9
15.4666666666667
18
16
25
15
19
11
22
16
22
22
16
19
19
15
23
14
20
16
20
19
10
19
12
11
19
23
21
21
21
8
23
27
11
19
22
22
11
15
19
19
15
17.5
24
20.925
11.0888888888889
5
14.5
14
23
15.5945945945946
22
16
15
24
20
14
16
14.970509383378
15.5
7
8
17
18
13
18
24
8.5
15
26
12
20
9
9
18
17
18.15
21
11
23
16
17
20
18
16.2
23
10
22
24
19
22
27
16
24
20
27
12
17
17
21
10.0172413793103
27
22
9
10
10
16
23
23
11.4782608695652
13
26
20
25
18
22
18
11
25
12
21
22
21.5
23
15
26
22
20
19
12
22
15
19
19
15
24
24
11.5
27
15
20
10.6666666666667
22
18
19
16.1176470588235
23
20
20
11
17
11
14
16
9
20
15
7.1
22
18
19
19
11
24
13.3571428571429
14
26
21
20
22
13
20
13
28
8
9
17
25
27
20
15
25
16
22
20
18
10.5
24
21
14
19
26
10
15
11
16
15
23
23
24
12
15
14
23
12
20
21
27
28
26
8
20
16
19
17
24
9
17
17
22
8
13
12
24
16
19
22
20
27
24
9
23
24
11.8571428571429
21
23
13
11
13
17
24
20
16
24
10
20.2631578947368
13
23
18
21
9
22
25
12
14
14
8
16
12.752427184466
18
15
15
15
9
14
14
16
11.1609281437126
15
21
11
14
20
15
22
17
25
24
26
8
20
23
21
17
17
14.5
13
15
22
19
26.9293865905849
25
15
13
16
15
24
16
14
21
14
17
7
11
18.5
9
14
24
22
18
8
21
24
15
14
19
17
11
17
19.9931506849315
14
14
22
17
23.0227272727273
18
13
13
10.2
15
5
17
7
23
23
27
17
18
23
12
21
21.1666666666667
11
11
15
19
9
22.5
21
20
17
10
20
22
26
23
24
22
15
19.9375
19
14
18
26
11
19
20
11.9
25
14
20
27
18
17
18.7647058823529
18
14
22
16.5
14
8
12
20
10
16
18
18
13
24
14
25
24
14
14
14
20
17
11
19
12
22.5
17
21
10
22
19
9
15.5714285714286
26
22
9
15
23
14
15
17
16
18
17
19
18
13
16
18
19
10
12
15.0243902439024
16
25
9
14
16.25
21
26
20
12.8
20
15.1506024096386
23
13
27
8
23
11.9
17
22
23
10
13
13
20
23
12
11
13.2
23
22
8
20
9
24
25
17
21.8739130434783
20
27
14.9718309859155
6
11
18
25
22
17
15
22
19
10
10
29
15.5
22
19
22
19
5
11
9
22
13
11
23
11.2916666666667
14
16.7032967032967
11
9
24
14
19
13
17.9238095238095
20
25
22
15
9
24
18
23
10.2
18
23
27
21
17
23
25
10
21
21
15
10
28
13
19.2127659574468
15
14
14
18
19
25
23
10
21
9
11
15
17
14
17
13.5
11
23
23
17
24
13.2765957446809
17
22
23
24
11
23
15
25
20
26
18
8
15.3333333333333
20
20
10
8.14285714285714
10
24
17
26
7
13
22
24
14
16.6993865030675
22
20
9
11
19
17
18
15.962962962963
11
24
27
14.9833333333333
21.4375
19
15
13
22
16
20
8
15
19
10
24
22
16
13.0555555555556
20.8095238095238
16
22
20
22
20
18
18
21.5
21
21
13
22
8.5
11
16
16
20
11
26
13
20
24
15
21
23
20
22
16
18
6
20
14
13
12
14
12
29
10.5
14
20
14
26
18.6666666666667
10
21
10
12
19
22
10
22
17
20
21
19
19.8048252397154
14.2
11
19
13
19.4852941176471
22
14
22
9
14.2
24
22
16
22
19
22
21.5555555555556
13
12
10.25
16
21
11
27
22
25
15
16
24
22
23
22
20.6666666666667
10.7931034482759
20
17
11.3333333333333
8
26
22
16
21
15
21
20
12
12
9
13
19
22
24
23
24
20
22
16
11
18
12
15
20
13
10
20
13.4545454545455
22
22
13
22
15
13.5714285714286
14
25
11
23
20
16
16
10
13
13
15
17
24
20
22
16.5
17
14.2162162162162
24
20
9.52173913043478
11
11
18
15
23
19
20
15.6280991735537
20
18
25
25
20
8
11
29
19.9248120300752
20
14
22
13.2307692307692
22
20
14
19
20.5
16
18
5
13
20
15.9166666666667
17
10
14.6666666666667
22
16.1363636363636
22
17
24
21
13
12.7142857142857
14
10
22
20
16
15
17
20
11
27
23
28
21
25
14.5
21
17.5625
9
15
25
13
14
20
24
11
18
22
12
8.57142857142857
8
17
16
20
16
16
22
16
24
11
18
14
19
21
18
13
15
15
15
11
5
16
23
16
21.5
27
12
19
18
11
18
24
21
8
21
8
11
23
20
21
20
24
17.1818181818182
15.958904109589
11
14
21
21
10
17
19
23
18.75
26
19
20
21
23
18.9760765550239
24
14
15
26
22
26
17
16.0327868852459
10
24
15.2741935483871
11
7
22
21
9
18
6
12.6666666666667
21
19
11.5
19
18
16
16
28
22
16.3488372093023
15
21
14
19
11
25
16
19
18
14
21
15
14
18
10
21
25
12
18
12
24
24
13
21
10
17
23
8
12
21
20
19
15
12
20
7
22
19
22
16
13
11
16
10
15
20
19
23
15
11
17
20
14
14
9
24
10
15
25
16
15
17
21
24
10
20
20
11
10
10
9
17
24
29
23
22
17
17
22
21
20
17
22
15
19
21
13.9399585921325
18
9
25
12
15
13
19
21
14
19
18.75
12
18
11
24
22
23
17
15
20.6875
15
10
25
23
27
17
11
19
12
20
21
23
13
14.2692307692308
15
13
5
11.6521739130435
9
13.3157894736842
28
24
7
17
16
7
19
15
17.5
14
20
23
13.1621621621622
15
7
24
9
25
18
16
18.3345070422535
18
24
9
8.5
21
10
17
11.5337837837838
25
27
16.4959349593496
9
10
14
9
24
16
24
13
20
14
7.5
16
15
12.6052631578947
21.5
23
14.8571428571429
20
14
8
12
14
12
19
9.33333333333333
26
12
19
18
11
14
11
11
13
18
12
18
22
19
8
16
17
19.9659574468085
19
23
18
17
11
21
16
28
20
16
15.5
7
13.0892857142857
22
17
26
10.2173913043478
19
21
22
23
17
20
9
15
26
14
10
20
11.5714285714286
25
22
14
28
21
10
15
10
13
15
10
18
7
14
17
18
12
16
30
15
19
11
20
23
23
13.9
24
23
11
16
18
21
18
14
25.6666666666667
16.1675675675676
13
21
13.0490196078431
32
25
17
17
22
11.8666666666667
16
11
18
10
17
19
10
24
13.2857142857143
12
20
19.5
10
23
18
17
19
24
19
10
19
26
13
12
19
23
20
20
12
9
20
19
19
9
21
26
20
18
20
18
21
6
18
21
14
9
13.0362930837708
19
12
19
20
23
10
15
10
18
19
17
19
18
18
17
7
28
20
16.2
28
19
24
21
23
27
20
9.28571428571429
25
21
16.5
21
17.0282485875706
20
26
26
18
15
15
20
24
13
26
17
15
24
19
20
20
17
11.3333333333333
20
8
11
23
17
13
17
14
24
18
16
18
17
14.8333333333333
18
18
14
17
19
18
17
17.2
8
15
20
13
19
15
23
22
18
9
19
26
19.3863636363636
15
20
8
16
8
13
25
21
18.6347826086957
21
19
18
26
19
20
15
21
11
18.0049594229035
12.3
22
21
18
13
7
9
20
19
22
26
23
21
27
19
13
6.33333333333333
17
23
19
22
20
25
13
15
17
18
21
8
9
10
16
14.953488372093
20
19
8
21
12
19
16
14
20
17
13
27
23
21
6
29
19
8
25
12
19
28
18
19
11
22
20
26
13
24
22
24
21
9
19
11
22
23
12
22
10
26
14
20
22
13
10
13
16
15.7272727272727
15
21.6666666666667
21
11
16
8
9
17.875
12
22
18
23
13
29
16
23
14
11.8180190930788
10
19.6780821917808
15.02
23
19
20
13
21
15
21
16
17.1875
16.6666666666667
9.93939393939394
15
6
15.5384615384615
24
17
16
11.5
13.9285714285714
24
20
11
14
21
16
20
10
16
16
22
23
7
10
12
19
16
24
17
17
6
18
23
20
22
14
20
18
17
11.3103448275862
12
10
11
26
17
20
7
21
15
14
16
14
20
16
11
26
12
23
13
20
26
11.5
25
24
23
15
11
15
24
19
19
17.2
16
9
15
14
15
9
26
17
18.9847457627119
25.9090909090909
20
27
13
20
21.0045454545455
11
9
25
20
13
17
25
16
17
22
22
20
19
14
13.0714285714286
18
23
20
23
16
18
16.8769230769231
17
7.33333333333333
15
23
23
20
25
13
13
16
11
26
21
14
18
18.8597122302158
14.8026315789474
14
12
24
11
15
7
16
17.140350877193
12
10
22
12.6363636363636
19
19.9230769230769
9
19
13
14
22
5
12
24
22
22
19
12
21
20
19
11
18
15
12
25
16
22
20
17
17
24
21
22
13
18
17
19
13.156862745098
16
10
24
23
17
15.3031026252983
13
10
15
14
20
16
22
16.8571428571429
17
22
18
10
18
13.9830508474576
24
18
12
15.5
15
23
27
24
22
18
15
11
21
14
18
23
24
10
22
13
23
17
28
21
20
13.8
29
11
18
23
16.0673076923077
13
11
8
21
16
18.1
16.05
21.25
12
24
15
12
15
24
12
21.8333333333333
8.3
12
21
23
19.8571428571429
21.5
12.8333333333333
8.6875
16
15.3333333333333
22
12
20
18
13
21.3333333333333
4
12
19.7222222222222
12
22
18
23
21
18.8666666666667
10
11
11.7142857142857
9
11.8348623853211
15
10
14
25.8
15.4715447154472
11.9354838709677
18.9166666666667
20
22
10
24.6666666666667
12
18
17
14
13
23
28
17
10
16.5
22
11
12.0769230769231
9
16.1666666666667
21
21
22
19.0909090909091
16
16
10
22
17
12
18
13.1818181818182
14.2222222222222
13.1
24
19
12.1818181818182
22
13.962962962963
20
20
18
12.2666666666667
15
14
15
19
12.5
20
15.4579439252336
22
17
13.4171122994652
23
18.5
19.75
11
24
11
11
23
11
18
16.6
11.9579831932773
13.2125
15
10.5
9
13.1428571428571
14
19
12
10.0769230769231
15.3333333333333
16
15.3333333333333
20
20
20
14
15
14.5
23
23
18
21.5
21
13
21
23
16
8
20
17
13.8
13.9363636363636
14.959706959707
10
27
9
13.2413793103448
18.25
19
17.5
18.5
11.9655172413793
13.5314285714286
15
18
9.25714285714286
14.695652173913
20
19
20
11.2
19.5
19
10
10
9
15
11
12
25
11
22
13.5590909090909
15.6847826086957
15
17
21
20
19
17
9
10
22
21
12.5
22.3333333333333
13
9
12
16
14.5
19.3333333333333
17.9705882352941
17
12
18
20.5
10
21
18
10.7078651685393
12.9432624113475
20
11
18
12
23
20.3333333333333
22
25
21
6.77777777777778
23
17
21
20
22
22
9.3
21.5
16.8942307692308
9.3125
14
17
22
26
21
13
14.5
9
16
9.56
19
22
24
11
17.5
17
16
24
21
12
9.24242424242424
10
11
9
21
23
12
7
17
9
8
19.3333333333333
23
23
20
18
20.7827160493827
23
17
13
19
19
16
10
14.0434782608696
7
12
16
18
25
15
20
20
20
10
24.5882352941176
13
24
12
12
17
19
19.6666666666667
12
18.5
20
13.3474576271186
10
20
17
13.1509433962264
15
15
24
18
20
12
13
10
18
12.375
15
7
9.25
16
18
15
16
18.1212121212121
19
10.6666666666667
24
10
19.6666666666667
20.8707224334601
7
23
10.5
22
23
12
14.5
5.5
23
9
17
17.5
22
17
10
18
11
16
10
16
9.23529411764706
13
26
10.8409090909091
19
22
12
25
10
14
17
11.1034482758621
9
11
18
15
10
20
25
12
17
11
21
16
15
9
12.6
17.1
23
19
18
22
14.3333333333333
11
16.0079333597779
16
18.1075949367089
20.5827338129496
12
17
20
14
14
23
13
15.3804347826087
14
13
9.54545454545455
23
12.5
17
10
18
17
25
14.3333333333333
22
10
18
12
16.7222222222222
19
7.94444444444444
27
11
18
20
19
22.2846534653465
9.38461538461539
22
17.75
18.2592592592593
23
13
14
18.5
21.75
4
8.28888888888889
18
12
18
20
23
4
19
9
23
10.5
2
12
15.1458333333333
25
10
13.5714285714286
20
18
10.5277777777778
20.2857142857143
24
15.8888888888889
18
6
20
13
21
16.030303030303
16
2
12
22.468085106383
10
18
18
2
26
15
12.7777777777778
5
21.2
16
19
9
14
5
19
4
8
24
20
24
9
22
15
15
26
18
23
15.8666666666667
16.3333333333333
10.75
27
18
16
17
24
8
11
18
17
15
20.3333333333333
19
12
14.44
12
21
9
13
13
18
8.5
19
5
20
14
12.8095238095238
12.15
10.3333333333333
15.25
15
19
6.33333333333333
24
15
20
19
4
22
12
22.4117647058824
19
22
19
16
19
21
9
23
24
17.5
19
13
20.5
7
19
26
20
14
7
14
19
10
15
32
7
17
16
11.4285714285714
15
11
4
14.5
15
21
11
4
8
8
14
14.5148514851485
17.2
17.5555555555556
23
16
13
19.5
15
21
15
9
8.5
8
22
16
13
16
18
11
25
12
13
17.1538461538462
20
18
9
12
7
22
4
21
7
13
16
18
17
24
9.5
8.57142857142857
16
9.28571428571429
16
10
7
10
8
16
17
17
19
19.390243902439
25
16
20
25
16.5
11
16
17
20
11.6363636363636
15.7021276595745
11
19.4545454545455
13
22
22
10
15
18
6
8
16
14.6666666666667
15
14
20.3333333333333
24
15
6
19.8
18
24
7
9
26
15
7
20
13
16.5
14
10
19
6
19
9
9
17
12
13
18
13
23
20
20
16
10
10
21
19
20
11.5
13.9207920792079
14
11
11
14
21
15
12
21
13
24
16
11
14
17.5
5
20
4
10
19
15
18
14
6
12
20.5
20
15
12
15
16
2
5.5
13.4285714285714
9.33333333333333
12
22
3
9
18.25
19
20.5
18
10
20
6
11
13
20
10
15
26
17
26
3
9
8
24
15
14.3333333333333
8
18
18
15
12.6666666666667
14
11
12
16
16
11.5
12
14.75
7
17
24
12
18
15
16
14
6
14
16.8529411764706
17
19
10
6
26
24
17
17
26
10
17
18
10
18
6
13
23
17
15
15
16.5
21
11.5
18.4
28.5
14
14
18.75
15
17.5
17
29
15
19
18
7
6
25
6
17
17.3333333333333
15
18
2
14
5
14
12
12
15
10
10
21
20
15.75
3.5
10
22
8
24
13
22
21
18
22
10
27
10
29
13
23
9.44444444444444
24
16
20
20
15
14.2519841269841
21
13.5
21
17
16
22.5
14
17
19
4
3
17
13
15
20
19.8897058823529
14
15
17
12
17
21
19.5
13
19
22
21
14
24
15
17
18
17
21
2
9
17
18
22
19
18
17
21
10
14
13
11
6
12
20
12
16
20
17
10
21
9
23
7
10
5
2
10
7
17
20
4
6
6
10
15
27
24
20
16
18
20
9
9
13
22
11
9
13
19
22
18
21
12
17
20
7
15
25
15
6
21
18
18
22
23
20.6
19
21
18.8333333333333
16
23
9
25
14
18
18
25
9.16666666666667
11
7
15
15
16
12
10
15.25
9
10
13
12
19
6
3
14
21
21
19
12
18
19
21
11
13
15
14
19
14
7
12
10
6
24
5
9
3.5
18
18
15
6
2
10.3333333333333
25
2
25
2
12
14
12
19
18
11
20
11
23
8
18
12
9
20
9
4
19
15
14
6
22
16
16
14.9090909090909
20
14.7
6
10
20
14
16
14
13
4
18
13
20
11
27
18
11
10
19
24.5
11
18
12
16
7
6
6
21
10
8
13
15
19
18
10
10
3
8.2
17
12.1428571428571
23.2
10
23
15
2
20
17
12
22
4
16
13
28
5
22
19
10
14
7
9
17
6
17
28
17
14
14
11
8
10
17
21
4
10
18
22
19
11
13
10.962962962963
12
8
14
18
13
10
10
10
24
16
18
10
17
13
23
11
16
24
10
13
7
16
2
24
12
19.6258992805755
20
26
9
16.5
12
5
18
17
4
19.4444444444444
17
10
22
21
24
21
23
14.1624203821656
10
24
18
3
18
23
20.5
21
8
18.5
5
8
12.9772727272727
20
6.5
6
16
7
12
23
15
21.5
6
8
5
12.65
3
12
17
18
12
5
12
13
5
13
7
3
23
16
16
13
17
20
27
12
22
16
10
11
17
19
27
16
15
23.5
7
6
18
2
3
9
13
13
12
16.5
9
9
15
21
10
25
8
24
13.1666666666667
23
22
20
17
20
8
19
26
20
11
18
10
18
18
9
16
25
14.3053435114504
7
18
22.5
16
17
14
6
18
11
14
12
9
16
13
15
21.75
16
2
21
17
26
11
7
16.5
24
12
19
17
7
13
13.25
14
14
8
12
11
18.25
28
21
14.5
13
18
21
26
11
21
12
9
4
11
25
7.33333333333333
7
20
19
21
9
5
4
18
20
26
9
17
6
24
17
8
19
27
27
17
18
13
6
17
16
13.5
20
17
14
25
16.5
15
9
21
24
21
21
9
21.5
7
21.3333333333333
22.5714285714286
9
7
11
23
28
13.5
8
10
12
9
16
15
15
18
23
19
17
20
11
8
25
3
18.5714285714286
20
14
11
25
15
16
24
3
14.5
16
18
19
21
13
11
18
5
23
19
23
20
8
11
22
24
13.5
28
18
25
26
20
5
24
21
20
14
26
23
6
20
17.6666666666667
23
27
9
17
18
4
11
21
16
18
25
22
9
8.4
15
11
4
19
18
24
18
12
13
21
28
25
15
17
8
18
6
9
16.375
16
21
9
27
24
13
20
20.5
22
25
10
17
12
11
6
20.3333333333333
10.6666666666667
12.6666666666667
6
6
13
14.4
17
12
23
8
21.6351791530945
15
14.3333333333333
6
13
13
20
15
3
15
18
11
14
25.5
4
22
5
8
14.5
7
5
4
14
18
6
14
25
26
7
15
26
20
14.75
8
18
20
6
10
12
3
19
22
7
16
18
12
11
9
12
18
11
23
5
19
20
14
16
23
6
17
19
12
13
21
12.5
7
16
20
12
21
16
16
6
15
20.5
3
19
12
6
8
22
14
14
13
5
12
2
13
23
22
21
19
8
19
11
5
10
22
16
19
4
23
5
16
13
8
16
3.5
7
5
15
10
7
7
10
18
15
20
13.6655791190865
19
6
16
18
16
16
5
12
20.1176470588235
13
8
22
3
15
22
15
8
16
10
11
6
24
14
5
12
6
20
12.75
16
15.8709677419355
11
19.0666666666667
23
20
22
10
10
7
21
22
11
11
23
4
18
8
18
5
13.6244131455399
6
25
22
11
26.1029411764706
26
6.5
8
25
28
10
6
23
20
21
12
24
22
16.5
24
14
6
13
15
9.5
20
13
18.6666666666667
3
14
23
13
24
18
17
2
14
9
12
20
9
6
17
22
4
7
7
9
16
14
11
23
21
13
15
22
12
9
18
14
8
12
19
17
10
14
20.7692307692308
9
14
17.5
16
14
14
14.9130434782609
6
15
6
18
8
4
25
15
21
18
17
3
18
17
12
4
21
3
19
6
17
16
24
9
18
23
18
12.3333333333333
14
23
18
20
15
12
8
10
17
20
13.3333333333333
9
19
8
23
18
19
12
14
24
14
16
23
22
12
19
18
12
21
21
4
14
17
10.1057692307692
11
16
25
10
18
3.5
6
16
20.6666666666667
20.5
22
19
20
21
12
9
10
18.5
26
14
21
11
12
8
16
17
24
19
15
15
7.5
17
13
16
25
20
25
14
17
7
11
9
14
5
14
17
7
18
7
23
18
12
18.5
12
21
15
20
19
27
20
14
16
18
12
7
20
20
19
16
14
20
15
18
20.6666666666667
24
17
14
16
9
18.5
21
19
13
8
9
28
24
25
6
15
18
23
24
5
22
10.5
20
1
18
14
19
21
21
25
23
26
15
7
11
10
16
11
18
18
15
2
12.5
5
14
13
21
25
16
13
23
18
7
21
15
17
8
24
13
3
17
22
13.7142857142857
5
6
21
19
10
16
17
15
4
15
13
22
19
10
20
6
15
9
19
25
20
13
27
16.5
14
16
12
15
14
18.8983050847458
19
16
6
5
10
23
20
19
20.6666666666667
6
17
20
13.8
19
12.3142857142857
7
16
21
11
15
15.1492537313433
16.2857142857143
3
26
18
18.75
19
17
13
2
10
16
13
13
24
16
19
19
17
11
19
18
24
12
9.4
18
8
5
13.5
10
19
18
9
10
21.5
23
18
21
16
11
14
27
18.6666666666667
15
7
16
23
6
6
10
13
22
15
18
6
21
24
2
8
22
9
21
17
21
27
19
14
12.8
11
6
11
20
23
15
15.6666666666667
23
3
22
12
25
14.6666666666667
24
13
18
12
23
22
22
10
12
9
9
26
16
18.6666666666667
17
20
6
22
10
17
9
2
10
20
23
23
5
20
21
18
10
4
16
18
17
6
22
17
17
19
22.5
26
6
19
20
24
28
18.5
17
7
9
19
14
17
18
11
15
12
15
7
19
23
6
9.5
21
19
12
16
4
6
19
14
27
7
13
11
27
17
5
26
19
26
17
18
10
24
6
16
8
21
11
6
24
18
3.5
6
20
22
14.5
12
21
2
12
24
5
24
4
8
14
15
17.3333333333333
11.25
6
11
18
18
25
20
15.6666666666667
16
6
10
7
14
12
18
16
18
15
8
15
17
26
22
21
18
17
15
19
10
8
23
6
6
19.5
21
19
20
13
17.3333333333333
13
24
7.5
8
12
20.5
21
21
13
3
21
16
17
3
22
18
11
10
18
18.38
7
20
6
5
30
19
10
11
15
12
18
15
22
26
11
3
18.0778388278388
9
16
11
12
13
15
10
6
11
19
16
19
14
16
22
7
6
22.6666666666667
23
11.75
23
19
23
11
5
18
15
8
24
6
17
21
17
8
13
4
21
16
12
17
15.5
18
19
18
24
5
5
18
20
6
18
5
5
17
8
20
20
16
18
15
27
25
8
9
4
23
6
16
13
6
18
7
7
14
12
10
23
11
9
15
21
11
7
28
24
19
21
7
10
7
17
21
22
12
6
9
7
4
24
16
17
14
2
22
15.5309734513274
15.5
17
13
14
23
7
7
12
2
7
8
19
6
6
23
17
20
15
22
15
20
7
11
14
15
6
25
10
30
22
15
18
10
16
3
24
13
26
16
17
6
19
17
4
19
2
19
13.7142857142857
18
16
23
2
15
12.7325581395349
20
17.5
17
21
3
23
14
15.5
6
14
10
24
11
11
24.3333333333333
21
17
16
11
12
12.6
16
16.8461538461538
6
21
20
9
10
11
17
29
15
9
10
22
12
15
4
12
19
3
19
11.5
3
8
15
15
25
19
10
14
27
17
21
5
19
8
10
6
7
27
16.3333333333333
24
19
13
12
22
3
26
16
5
19
25
20
15.6170212765957
12
5
22
19.8571428571429
24
24
11
6
24
10
14
24
9
12
9.63157894736842
15
10
16
16
7
18
10
19
27
24
22
12.32
13
5
7
9
9
21
8
19
17
6
14
10
19
18
10
12
8.33333333333333
11
8
19
13
19
10
11
24
24
19
26
21
8
7.23076923076923
19
19
16
11.6666666666667
10
14
14
3
17
7
17
20
20
17
16
18
9
20
10
19
10
3
13
12
14
17
27
3
20
3
9
16
10
4
19
16
20
22
11.6
18
7
2
21
22
16
23
9
11
17
14
11
27
22
25
13
5
26
18
18
16
25
16
19
16.4477611940299
19
2
19
15
4
8
6
21
6
17.5
12
14
15
15
14
14
22
19
22
9
10
12
3
20
24.6666666666667
25
21
24
24
12
15
5
7
17
11
24
11
9
22
18
17
10.5
19
16.5
11
24
12
2
26
18
14
12
11
22
19
10
14
20
16
18
10
12
25
15
12
15
18
19
25
18
11
15
13.6086956521739
6
5
7
3
15
13
19
8
20
10
17
17
22
14
13
8
5
8
16
19
2
10
6
12
25
2
16
15
21
5
25
7
6
20
10
25
19
15
10
19
25
20
9
15
8
8
4
18
20
5
21
20
16
21
28
21
13
14
4.33333333333333
27
15.25
11
23
16
25
26
18
4
15
8
28
23
19
6
19
16
17
3.5
4
17
14
20
20
7
6
24
13
16
15
30
17
6
12
15
7
12
28
13
7
20
6
16.7
26
19
6
20
25
12
25
23
6.8
28
6
21
20
16
23
9
17
22
19.5
8
13
23
20.0384615384615
20
17
19
12
21.2
15
13.9527559055118
20
14
16
8
18
6
22
19
7
6.97536231884058
9
22
22
25.5
5
18
12
20
17
20
13
13
20
10
20
27
12
14
11
4
20
9
14
4
18
25
25
20
7
18
6
22
18
16
16
9
8
15
22
25
18
17.5
21
12
6
11
23
14
18
25
23
6
23
16
16
22
25
7
27
10
22
18
13
12
23
14
9
14
20
18
15
24.5
21.1746478873239
19
14
4
8
24
14
4
21
5
16
4
8
23
15
15
16
19
11
11
13
7
11.6111111111111
13
20
24
18
25
7
24.5
11
15
20
7
13
6
19
14
16
19
16
16
9
3
7
3.5
22
19
16.3695652173913
9
21
21
23
27.5
17
7
7
20
12
22.0625
10
18
16
7
9
14
9
9
23
4
7
20
8
6
5
10
16
18.4765625
8
12
16.6666666666667
30.5
7
34
22
5
33
17.3333333333333
26
17
19
30
10
15
3.5
11
37
18
21
16
18
19
5
18
6
24
23
18
15
8
37
11.25
10
7
22
17
37
22
4
15
3
6
10
26
15
16
10
12
24
9
18
8
14
2
16
19
22
13
8
25
11
15
18
17
32
15
9
21
28
8
14
20
17
37
37
12
15
35
18
20
18
23
18
15
23
27
24
22
5
28
19
11.7890625
20
8
22.5
21
38
23
10
11
11
11
24.8823529411765
17
14
18
23
20
14
7
27
25
31
18
29.75
34
31
16
30
9
4
11
22
12.5
19
3
37
21
38
28
23
10
23
24
21.1666666666667
13
21
15
24
4
7
5
23
11
11
23
24
16
4
19
17
24
25.5
19
17
15
12.3888888888889
15.5585585585586
16.8
17.8461538461538
15
17
2
13.8125
18
36
10
15
19
20
23
12
20
26
11
14
8
10
20
6
17
23
13
7.33333333333333
15
30
19.2
11
17
29
29
14
13
37
29
8
4
13
31
7
13
17
27
4
6
21
21
14
10
14
7.66666666666667
15
13
11.5
21
11
5
8
11
7
13
9
12
25
5
17
7
9
22
15
8
11
5
14
12
11
10
16
21
24
35
23
21
12.1666666666667
18
27
4
19
35
24
22
14.5
17
16.2727272727273
6
14
9
27
19
16
25
13
39
21
26
9
19
13.5625
12
24
17.3333333333333
15
43
11.7
1589.5
46
39
26
36
44
35
33
31
13
3620
22
34
23
8
18
20
21
15
13
13
20
15
24
6
10
24
44
23
11
24
9
35
13
10
3
35.5
34
16
8
19
26
12
3
6
13
22
15
30
3
8
6
19
21
25
23.6804979253112
16
28
19
24
22
23
25
8
23
21
8
10
11
20
15
24
12.6666666666667
6
5.5
18
25
20
3
31
23
18
10
25.5
19
15
4
28.3333333333333
16
28
26
13.5
13
12
12
15
3918
8
38
10
25
9
25.3333333333333
15
16
33
13
29
32
16
17.7142857142857
37
20.9655172413793
8
6.8
10.7241379310345
17
17
27
7
6.66666666666667
24
35
32
15.014598540146
14
13.5
8
7
7
6
16
12
23.2777777777778
21
22
5
22
26
15
11
16
12.9584245076586
25
12
12
22.9166666666667
6
15
15
10
30
13.5909090909091
14
7.6
30.6666666666667
11
11.3333333333333
16
13
13
19
32
33
2
9
11.5555555555556
7
9.5
14
21
26
6
21
15
3
15
14
10
7
15
4.5
4
17
13
17
14
21
20
16
14
17
35
19
16
14.4545454545455
17
9
28
22
11
17
12
13
9
34
34
12
23
12
29
12
10
25
18
20
28.75
23
29
33
27
8
21
22
28
3
31
18
18
9
8
31.4
14
21
24
15
11
16.5
24
18
23
25.5
18
17
3
12
20
12.5
27
15
18
8
17
14
25
8
