1
1
1
1
1
1
1.000777000777
1.00449247498454
1
1
1.00460484043692
1
1
1
1.03293413173653
1
1
1
1
1
1.16427104722793
1
1
1
1
1
1
1
1
1.00522501264116
1
1
1.2
1
1.01656314699793
1
1
1
1
1
1.02014294996751
1.17647058823529
1
1
1
1
1
1
1
1
1
1.00491228070175
1
1
1
1
1
1.0397146135808
1
1.09216757411394
1
1
1.00041318519879
1
1
1
1.00181074374623
1
1
1
1
1
1
1
1
1
1
1
1
1
1
1
1
1
1
1
1
0.973176153469159
1
1
1
1
1
1
1
1
1
1
1
1
1
1
1
1
1
1.08949416342412
1.0990099009901
1
1
1
1
1.00097497562561
1
1
1
1
1
0.993243243243243
1
1
1
1
1
1
1
1.03076923076923
1
1
1
1
1
1
1
1
1
1
1
1
1.225
1
1
1
1.03125
1
1.00115874855156
0.997542997542998
1
1
1
1
1
1
1
1
1
1
1
1
1
1
1
1
1
1
1
1
1
1
1
1
1
1
1
1
1
1
1
1.1935739262387
1
1
1
1
1
1
1
1
1
1
1
1
1
1
1
1
1
1
1
1
1
1
1
1.05882352941176
1
1
1
1.22641509433962
1
1
1
1
1
1
1
1
1
1
1
1.05985401459854
1
1
1
1
1
1
1
1
1
1
1
1
1
1
1
1
1
1
1
1.14285714285714
1
1.06874607379892
1
1
1
1
1
1
1
1
1
1
1
1
1.16781035558328
1.05583756345178
1
1
1
1
1
0.983606557377049
1
1
1.05555555555556
1
1
1
1
1
1
1
1
1.03225806451613
1
1
1
1
1
1
1
1
1
1
1
1
1
1
1
1
1
1
1
1
1
1
1
1
1
1
1
1
1
1
1.00600600600601
1
1.00667761357417
1
1
1
1
1
1
1
1
1
1.00506756756757
1.0208673561967
1
1
1
1
1
1
1
1.07317073170732
1
1
1.09677419354839
1
1
1
1
1
1
1
1
1
1
1
1
1
1
1.08
1
1
1
1
1
1
1
1
1
1
1
1
1
1
1.45990783410138
1
1
1
1
1.04109589041096
1
1.0396
1
1
1
1
1
1
1.01333333333333
1
1
1
1.07202797202797
1
2.19654841802493
1
1.10177828225501
1
1.33314661812071
1
1.16666666666667
1
1
1
1
1
1
1
1
1
1
1
1
1
1.00173913043478
1
1
1
1
1
1
1
1.078125
1
0.97196261682243
1
1
1.11118293471235
1
1
1
1
1
1
1
1
1
1
1
1
1.06271777003484
1
1.20901169456547
1
1
1
1
1
1
1
1
1
1
0.943396226415094
1
1
1
1
1
1
1
1
1
1
1
1
1
1
1.05882352941176
1
1
1.18372703412073
1
1
1.125
1
1
1
1
1
1
1
1
1
1.27906976744186
1
1
1
1
1
1
1
1
1
1
1.00331530273949
1
1
1
1
1
1
1
1
1
1
1
1
1
1.00625782227785
1
1.07673267326733
1
1
1
1
1
1
1
1
1
1
1
1
1
1.00615865428808
1
1
1
1
1.28
1
1
1
1
1
1
1
1
1
1
1
1
1
1
1.20979861737301
1
1
1
1
1
1
1
1.03305785123967
1
1.11402850712678
1
0.971428571428571
1
1
1
1
0.980603448275862
1
1
1
1
1
1
1
1
1.01909039865244
1
1
1
1
1
1
1
1
1
1
1
1
1
1
1
1
1
1
1
1
1
1.23809523809524
1
1
1
1.02576489533011
1
1
1
1
1
1
0.972972972972973
1
1
1
1.47642487046632
1
0.953795379537954
1
1.07692307692308
1
1
1
1
1
1
1
1
1
1
1
1.16223067173638
1
1
1
1
1
1
1
1
1
1
1
1.18008406078241
1
1
1
1.02857142857143
1
1.03546980069062
1
1
1
1
1
1
1
1
1
1
0.947368421052632
1
1
1
1
0.979591836734694
1
1
1
0.995650072498792
1
1
1
1
1
1
1
1
1
1
1
1
1.01271249076127
1
1
1
1
1
0.909090909090909
1
1
1
1
1
1
1
1
1
1
1
1
1
1
1
1
1.10006346519992
1
1
1
1.04347826086957
1
1
1
1
1
1.01311728395062
1
1
1
1
1
1.0057343102899
1
1
1
1
1
1
1
1
1
1
1
1
1
1
1
1
1
1.06145251396648
1
1
1
1
1
1
1.36411149825784
1
1
1
1
1
1
1
1
1
1.02861815208504
1
0.96045197740113
1
1
1
1
1
0.967032967032967
1
1.11167512690355
1
1.17073170731707
1
1
1
1
1
1
1
1
1
1
1
1
1
1
1
1
1
1
1
1
1
1.37446808510638
1.33426573426573
1
1
1
1
1
1.10267857142857
1
0.941176470588235
1.21153846153846
1
1
1
1.49833463949843
1
1
1
1.08510638297872
1
0.969491525423729
1
1
1
1
1.00715950715951
1
1
1
1
1
1
1
1
1
1
1.20865533230294
1
1
1
1
1
1
1
1
1
1
1
1
1
1
1
1
1
1
1
1.25
1
1
1
1.00172074729597
1
1
1.05747126436782
1
1
1
1
1
0.99475753604194
1
1
1
1.20648648648649
1
1
1
1
1
1
1
1
1
1
1
1.2420188507145
1
1
1
1
1
1
1
1
1
1
1
1.28571428571429
1
1
1
1
1.07843137254902
1
1
1
1
1
1
1
1
1.27119978997112
1.05562422744129
1
1.08333333333333
1
1
1.2
1
1
1
1
1
1
1
1
1
1
1
1.26861788617886
1
1
1
1
1
1
1
1
1
1
1
1
1
1
1.03550295857988
1
1.08510638297872
1
1
1
1
1
1
1
1
1
1
1
1
1
1.12820512820513
1
1
1
1
1
1
1
1
1
1
1
1
1
1
1
1
1
1
1
1.00738007380074
1.08333333333333
1
1
1
1
1
1
1
1
1
1
1
1.06849315068493
1
1
1
1
1
1
1
1
1
1
1
1
1
1
1
1
1
1.14196078431373
1
1
1
1.26548672566372
1
1
1
1
1
1
1
1
1
1
1
1
1
1.02878787878788
1
1
1
1
1
1
1
1
1
1
1
0.952015355086372
1
1
1
1
0.983370478313046
1
1
1.15015974440895
1
1
1
1
1
1
1
1
1.28219178082192
1
1
1.22692307692308
1.14285714285714
1
0.963855421686747
0.996186844613918
1
1
1.02985074626866
1
1
1
1
1
1
1
1
1
1
1
1
1
1.375
1.11000293341156
1
1
1
1
1
1
1
1
1.23013048635824
1
1
1
1.05790645879733
1
1.00327868852459
1
1
1
1
0.923076923076923
1
1
1
1
1
1
1
1
1
1
1
1
1
1
1
1
1
1
1
1
1.01960784313725
1.10169491525424
1
1
1
1
1
1
1
1
1
1
0.902097902097902
1
1
1
1
1
1
1
1
1
1.20955882352941
1
1
1
1
1
1
1
1
1
1
1
1
1.11627906976744
1
1.065
1
1.00265739983647
1.06329113924051
1.13641727637479
1
1
1
1
1
1.04347826086957
1
1
1
1
1
1
1
1
1
1
1
1.00479330340441
1
1
1
1
1
1
1
1.09467889908257
1
1
1
1.08810572687225
1
1
1
1.32
1
1
1
1
1
1
0.906976744186046
1
1
1
1
1
1
1
1
1
1
1
1
1
1
1
1.05
1
1
1
1
1
1
1
1
1
1
1
1
1
1
1
1
0.996830188679245
1
1
1
1
1
1.05329153605016
1
1
1
1
1
1
1
1
1.09883720930233
1
1
1
1
1
1
1
1
1
1
1
1.1047619047619
1
1
1
1
1
1
1
1
1
1
1
1.125
1
1
1
1
1
1
1
1
1
1
1
1.0140306122449
1
1
1
1.34246575342466
1
1
1
1.19758064516129
1
1
1
1
1
1
1
1
1
1
1
0.959820384489452
1
1
1
1
1.06745049504951
1
1
1
1
1
1
1
1
1
1
1
1
1.38364779874214
1
1
1.1005291005291
1
1
1
1
1
1
1
1
1
1
1.16379310344828
1
1
1
1
1
1.1803329461866
1
1
1
1
1
1.14285714285714
1
1
1
1
1
0.948898137408747
1
1
1
1
1
1
1
1
1
1
1
1
1
1
1
1
1
1
1
1
1
1
1
1
1
1
1
1
1
0.966101694915254
1
1
1
1.02564102564103
1
0.953531598513011
1
1.06451612903226
1
1
1
1
1
1
1
1
1
1
1
1
1
1
1
1
1.26732673267327
1.10933660933661
1
1
0.977777777777778
1.19540229885057
0.961424332344214
1
1
1
1
0.952214452214452
1
1
1
1
1
1
1
1
1
1
0.958904109589041
1
1
1
1
1
1
1
1
1
1
1
1
1
1
1
1
1.12747175141243
1
1
1
0.938366718027735
1
1
1
1
1
1
1
1
1
1
1
1
1
1
1
1
1
1
1
1
1
0.963855421686747
1.45226130653266
1
1
1
1
1
1
1
1.13245033112583
1
1
1
1
1
1
1
1
1
1
0.956596375553518
1
1
1
1
1
1
1
1
1.00274348422497
1
1
1
1
1
1
1
1
1
1
0.942857142857143
1
1
1
1
1
1
1
1.28571428571429
1
1
1
1
1
1
1
1
1
1
1
1
1
1
1
1
1
1
1
1
1
1
1
1
1
1
1
1
1
1
1.16757156959526
1
1
0.972025586353945
1
1
1.17241379310345
1
1
1
1
1
1
1
1
1
1
1
1.00524475524476
1
1
1
1
1
1
0.919354838709677
1
1
1
1
1
1
1
1
1.06976744186047
1
1
1
1.28571428571429
1.13207547169811
1
1
1
1
1
1
1
1.07796610169492
1
1
1
1
1
1
1
1
1
1
1
1
1
1
1
1
1
1
1.07019704433498
1
1.03485838779956
1
1
1
1
1
1
1
1
1.06024096385542
1
1
1
1
1
1.17948717948718
1
1
1
1
1
1.03380782918149
1
1
1
1
0.975794251134644
1
1
1
1
1.2156862745098
1.22722620266121
1
1
0.927142857142857
1
1
1
1
1
1
1
1
1
1
1
1
0.998071359691418
1
1
1
1
1
1
1
1.05720823798627
1
1
1
1
0.967495219885277
1
1
1
1
0.960698689956332
1
1
1
1
1
1
1
1
1
1
1
1
1
1
1.30226480836237
1
1.0625
1.07594936708861
1
1
1
1.36363636363636
1
1
1
1
1
1
1
1
1
1.34336283185841
1
1
1.22950819672131
1
1
1
1
1
1
1
1
1
1
1
1
1
1
1
1
1
1
1.08333333333333
1.11111111111111
1
1
1
1
1
1
1.10526315789474
1
1
1
1
1.05109489051095
1
1
1
1
1
1
1
1
1
1
1
1
1
1
1
0.953795379537954
1
1
1
1
1
1.1038961038961
1
1
1
1
1
1
1
1
1
1.15183246073298
1
1
1
1
1.15254237288136
1
1
1
1
1
1
1
1
1
1
1
1
1
1
1.04803493449782
1
1
1
1
1
1
1
1
1
1
1
1
1
1
1
1
1
1
1
1
1.2992125984252
1
1
1
1
1
1
1
1
1
1.11481481481481
1.48984397998234
1
1
1
1
1
1
1.01694915254237
1
1
1
0.995652173913043
1.02966101694915
1
1
1
1
1
1
1
1
1.068673565381
1
1
1
1
1
1
1
1
1
1.01450957632037
1
1
1
1
1
1
1
1
1
1
1
1
1.04925373134328
0.941176470588235
1
1
1
1
1
1
1
1.09459459459459
1
1
1
1
1
1
1.02348746985425
1
1
1
1
1
1
1
1
1
1
1
1
1
1.26760563380282
1
1
1
1
1
1
1
1
1
1.39130434782609
1
1
1
1
1
1
1
1
1
1
1
1
1
1
1.13874345549738
1
1
1
1
1
1
1
1
1
1
1
1
1
1
1
1
1
1
1
1
1
1
1
1
1
1
1
1
1
1
1
1.00481540930979
1
1
1
1
1
1
1
1
1
1
1.01935483870968
1
1
1
1
1
1
1
1
1.05479452054795
1
1
1
1.11020408163265
1
1
1
1
1
0.950495049504951
1.38454627133872
1
0.955056179775281
1
0.995538559592097
1
1
1
1
1
1
1
1
1.29032258064516
1.66666666666667
1
1
1
1
1
1
1
1
1
1
1
1
1
1
1
1
1
1
1
1
1
1.05882352941176
1
1
1
1
1
1.015625
1.11907746302331
1
1
1
1
1
1
1
1
1
1
1
1.04587155963303
1
1
1.56602787456446
1
1
1
1
1
1.22641509433962
1
1
1
1
1
1
1
1
1
1
1
1
1
1
1
1
1
0.999137559292799
1
1
1
1
1
1
1
1
1
1
1
1
1
1
1
1.08994941719815
1
1
1
1
1.19148936170213
0.976635514018692
1
1.152
1
1
1.52173913043478
1
1
1
1
1.36410256410256
1
1
1
1
1
1
1
1
0.967320261437909
1
1
1
1
1
1
1
1
1
1
1
1
1
1
1
2.83168316831683
1
1
1
1
1
1
1
1
1
1
1.09463467241844
1
1
1
1
1
1
1
1
1
1
1
1.14285714285714
0.865384615384615
1
1
1
1
1
1
1.06146949711459
1.05376344086022
1
1
1
1
1
1
1
1.1
1
1
1
1
1
1
1
1
1.04840613931523
1
1
1
1
1
1
1
1
1
1
1.13924050632911
1
1
1
1
1
1
1
1
1.15238095238095
1
1
1
1
1.29854068760821
1
1
1.63229813664596
1
1
1
1
1
1
1
1
1
1
1
1.05682631955853
1
1
1
1
1
1
1
1
1
1
1
1
1
1
1
1
1
1.07017543859649
1.09090909090909
1
1
1
1
0.897263036588879
1.26126126126126
1
1
1
1
1
1
1
1
1
1
1
1.16858237547893
1
1
1
1
1.05
1
1
0.976744186046512
1
1
1.06578947368421
1
1
1
1
1
1
1
1
1
1
1
1.15384615384615
1
1
1
1
1
1.15384615384615
1
1
1
1.06666666666667
1
1
1
1
1
1
1
1
1
1
1.0977366255144
1
1
1.24031007751938
1
1
1
1
1
1
1
1
1
1
1
1
1
1
1
1
1
1
1
1
1
1
1
1
1
1
1
1
1
1
1
1
1
1
1
1
1
1
1
1
1
1
1
1
1
1
1
1
1
1
1
1
1
1
1
1
1.04419889502762
1
0.942408376963351
1
1
1
1
1.16793893129771
1
1
1
1
1.03225806451613
1
1
1.06329113924051
1
1
1.20178372352285
1
1.24113475177305
1
1
1
1
1
1
1
1
1
1
1
1
1
1
1
1
1
1
1
1
1
1
0.996805111821086
1
1
1
1
1
1
1
1
1
1
1
1.421875
1
1
1.44875621890547
1
1
1
1
1
1
1
1
1
1
1
1
1
1
0.915254237288135
1.17857142857143
1
1
1
1
1
1
1
1
1
1
1
1
1
1
1
1
1
1
1
1
1
1
1
1
1
1
1
1
1
1
1
1
1
1
1
1
1
1
1
1
1.13358778625954
1
1
1
1
1
1
1
1
1
1
1
1
1
1
1
1
1
1.05553602811951
1
1
1
1
1
1
1
1
1
1
1
1
1
1
1
1
1
1
1
1
1
1.16793893129771
1
1
1
1
1
1
1.03448275862069
0.955706984667802
1
1
1
1
1
1
1
1.05882352941176
1
1
1
1
1
1.13953488372093
1
1
1
1
1
1
1
1
1
1
1
1.03846153846154
1
1
1
1.08333333333333
1
1
1.14814814814815
1
1
1.06451612903226
1.14811235276352
1
1
1
1
1
1
1
1
1
1
1
1
1
1
1
1
1
1
1
1
1
1
1
1
1
1
1
1
1.03636363636364
1.05109489051095
1
1
1
1.22972972972973
1
1
1.0239026510213
1.19230769230769
1
1
1
1
1
1
1
1
1
1.17647058823529
1
1.15723270440252
1
1
1
1
1
1
1
1
1.33333333333333
1
1
1
1
1
1
1
1
1
1
1
1
1
1
1
1
1
1
0.972972972972973
1
1
1.03703703703704
1
1
1
1
1
1
1.2
1
1
1
1
1
1
1
1
1
1
1
1
1
1
1
1
1.0718954248366
1.05882352941176
1
1.17647058823529
1
1
1.05464373464373
1
1
1
1
1.06311522872032
1
1
1
1
1.00307125307125
1
1
1
1
1
1
1
1.06146341463415
1
0.952380952380952
1
1
1
1
1
1
1
1.31220657276995
1
1
1
1
1
1.11111111111111
1
1
1
1
1
1
1
1
1
1.1140456182473
1.24882629107981
1
1
1
1
1
1
1.107167710508
1.05355330130134
1
1
1
1.09090909090909
1
1
1
1
1.11313868613139
1
1
1
1
1.12280701754386
1
1
1
1
1
1
1
1
1.16796875
1
1
1
1
1
1
1
1
1
1
1
1
1
1.11034955448938
1
1
1
1
1
1
1
1
1
1
1
1
1
1
1
1
1
1
1
1
1
1
1
1
1
1
1
1
1
1
1
1
1
1
1
1.29775280898876
1
1
1
1.05555555555556
1
1.16279069767442
1
1
1
1.00384666401379
1.2258064516129
1
1
1
1.11543450064851
1
1
1
1
1
1
1.08892921960073
1
1
1
1
1
1
1
1
1
1
1
1
1.06750155431211
1
1
1
1
1
1
1
1
1
1
1
1
1
1
1
1
1
1
1
1
1.26164874551971
1
1
1
0.972222222222222
1
1
1
1
1
1
1
1
0.975609756097561
1
1
1
1
1
1
1
1
1
1
1
1.04700854700855
1
1
1
1
1
1
1
1
1
1
1
1
1
0.956521739130435
1
1
1.20253164556962
1
1
1
1
1
1
1
1
1
1
1.14148936170213
1
1
1
1
1
1
1
1
1
1
1
1
1
1
1
1
1
1.17391304347826
1
1
1.07692307692308
1
1
1.02068161957472
1
1
1
1
1.11
1
1
1
1.07692307692308
1.07142857142857
1
1
1
1
1
1
1
1
1
1
1
1
1
1
1
1
1
1
1.00298507462687
1
1
1
1
1.08928571428571
1
1
1
1
1
1
1
1
1
1
1
1
1
1
1
1
1
1
1
1
1.18050065876153
1
1
1
1
1
1
1
1
1
1
1
1
1
1
1
1
1
1
1
1
1
1
1
1
1
1
1
1.2258064516129
0.970588235294118
1
1
0.957456541628545
1
1
1
1
1
1
1
1
1
1
1
1
1
1
0.963302752293578
1
1
1
1
1
1
1
0.958333333333333
1
1
1.46153846153846
0.972972972972973
1
1
1
1
1.0093023255814
1
1
1
1.28648648648649
1.00076687116564
1.11428571428571
1
1
1
1
1
1
1
1.2
1
1
1
1
1
1.09090909090909
1
1.05194805194805
1.14893617021277
1
1
1.2
1.16731316265839
1
1.15079365079365
1
1
1
1
1.04761904761905
1
1
1
1
1
1
1
1
1.02755905511811
1
1
1
1
1
1
1
1
1
1
1.11764705882353
1
1
1
1.06008583690987
1
1
1
1
1
1
1
1
1.15555555555556
1
1
1.22534142640364
1
1
1
1
1
1.11764705882353
1
1
1
1
1
1
1.03846153846154
1.22033898305085
1
1
1
1
1
1.04477611940299
1
1
1
1
1
1
1
1
1
1
1
1
1
1
1
1
1
1
1
1
1
1.125
1
1
1.22222222222222
1
1
1
1
1
1
1
1
1
1.04761904761905
1
1
1
1
1
1
1.13513513513514
1
1
1
1
1
1
1
1
1
1
1
1
1
1
1
1
1.03025851938895
1
1.01449275362319
1
1
1
1.08108108108108
1
1.0531914893617
1
1
1
1
1
1
1
1
1
1
1
1.12121212121212
1
1
1
1.125
1
1
1
1
1
1
1
1.34883720930233
1
1
1
1.05833871441151
1
1
1
1.06779661016949
1
1
1
1
1
1
1
1
1
1
1
0.96
1
1
1
1
1
1
1
1.08712563204979
1
1
1
1
1
1
1.03030303030303
1
1
1
1
1
1
1
1
1
1
1
1.03004291845494
1
1
1
1
1
1
1
1
1
1.11627906976744
1.09119079238601
1
1
1
1
1.10526315789474
1
1
1
1
1
1
1
1
1
1
1
1
1
1
1
1
1
1
1
1.03846153846154
1
1
1
1
1
1
1
1
1
1
1
1
1.125
1
1
1
1
1
0.967741935483871
1
1
1
1
1
1
1
1
1
1
1
1
1
1
1
1
1
1.02325581395349
1
1
1
1
1
1
1
1
1
1
1
1
1
1
1
1
1
1
1
1
1
1
1
1
1
1
1
1.09090909090909
1
1.11764705882353
1
1
1
1
1.02274236387782
0.978723404255319
1
1
1
1
1
1
1
1.3862660944206
1
1
1
1
1
1
1
1
1.07407407407407
1
1
0.92
1
1
1
1
1
1
1
1.24137931034483
1
1
1
1
1.16812609457093
1
1
1
1
1.04651162790698
1.11764705882353
1
1
1
1
1.23331799355729
1
1.47443762781186
1
1
1
1.17857142857143
1
1
1
1
1.05370101596517
1
1
1
1
1
1
1
1
1
1
1
1
1
1
1
1
1.09092974385188
1
1
1
1
1
1
1
1.10071942446043
1
1
1.0377358490566
1.07438016528926
1
1
1
1
1
1
1
1.10463449593884
1
1
1
1
1
1
1.22655677655678
1
1
1
1
0.965034965034965
1
1
1.01830282861897
1.00454959053685
1
1
1.12781954887218
1
1
1
1
1.01612903225806
1.00909090909091
1
1
1
1
1
1
1
1
1
1
1
1
1
1.42089552238806
1
1
1
1
1
1
1
1
1
1
1
1
1
1
1
1
1
1
1
1
1
1
1.16129032258065
1
1
1
1
1.14273918877077
1
1
1
1
1
1.2
1.04
1
1.16522060635938
1
1.1304347826087
1
1
1
1.18605359317905
1
1
1
1
1
1
1
1
1
1
0.91703056768559
1
1
1
1
1
1
1
1
1.41414141414141
1
1
1
1
1
1
1.02439024390244
1
1.12797374897457
0.97543676272958
1
1
1
1
1.41810344827586
1
1
1.08
1
1
1
1
1
1
1
1
1
1
1
1
1
1.05534709193246
1
1
0.961748633879781
1
1
1
1
1
1
1
1
1
1
1
1
1
1.05882352941176
1
1
1
1
1
1
1
1
1
0.979591836734694
1.33217993079585
1
1
1.07142857142857
1
1.06430408688197
1
1
1
1.1330452920143
1
1
1
1
1
1
1
1
1
1
1
1
1
1
1
0.928571428571429
1
1
1
1
1
1
1
1
1
1
1
1
0.932203389830508
1.01713062098501
1
1
1.16326530612245
1
1
1
1
1
1
1
0.9
1
1
1
1
1.02824858757062
1.10609480812641
1
1
1.23148148148148
1
1
1
1
1
1
1
1
1.37263286499695
1
1
1
1
1
1
1
1
1
1
1
1
1
1
1
1
1
1
1
1
1
1
1.530922742541
1
1
1
1
1
1
1
1
1
1
1.00554528650647
1
1
1
1
1
1
1
1
1
1
1
0.957337883959044
1
1
1.13861386138614
1
1
1
1
1
1
1
1
1
1
1
1
1
1
1
1
1
1
1
1
1
1
1
1
1
1
1
1
1
1
1.1304347826087
1
1
1
1
1.25
1
1
1
1
1
1.55017301038062
1
1
1
1
1
1
1
1
1
1
1
1
1
1
1
1
1
1
1
1
1.11111111111111
1.21313183949974
1
1.11910994764398
1
1
1.08108108108108
1
1
1.07142857142857
1
1
1
1
1
1
1
1
1
1
1.12101636520241
1
1
1
1
1
1
1
1
1
1
1
1
1
0.956862282048255
1
1.16129032258065
1
1
1
1
1
1
1
1
1
0.945205479452055
1
1
1
1
1
1
1
1.18604651162791
1
0.972972972972973
1
1
1.23809523809524
1
1
1
1
1
1.09090909090909
1
1
1
1
1
1
1
1
1
1
1
1
0.970873786407767
1
1.03636363636364
1
1
1
1
1
1
0.95959595959596
1
1
1
1
1
1
1
1
1
1
1
1
1.01532175689479
1.049459215863
1
1.28946090335114
1
1.03030303030303
1
1
1
1
1
1
1.11219512195122
1
1
1.11111111111111
1
1
1
1
1
1
1
1
1
1
1
1
1
1
1
1
1
1
1
1
1
1
0.983872416891285
1
1
1.03464677584995
1
1.03703703703704
1
1
1
1
1.05219206680585
1
1
1
1
1
1
1
1.10288065843621
1.17391304347826
1
1
1
1
1
1
1
1
1
1.04761904761905
1
1
1
1
1
1
1
1.15091342335187
1
1
0.878538812785388
1
1
1
1
1
1
1
1
1.28812785388128
1.17647058823529
1
1
1
1
1
1
1
1
1
1
1
1
1
1
1
1
1
1
1
1.24489795918367
1
1.03550295857988
1
1
1.03070175438596
1
1
1
1
1
1
1
1
1
1
1
1
1
1
1
1
1
1
1
1
1
1
1
1
1
1
1
1.05263157894737
1
1
1
1.00314465408805
1.28571428571429
1
1
1
1
1
1
1.16071428571429
1
1
1
1
1
1
1
1
1.14249843063402
1
1
1
1
0.918032786885246
1
1
1
1
1
1
1
1
1
1
1
1
1
1.14397212543554
1
1
1
1
1
1
1
1.14450867052023
1
1
1
1
1
1
1
1
1
1
1
1
1
1
1
1
1
1
1
1
1
1
1
1
1
1
1
1
1
1
1
1
1
1
1
1
1
1
1
1
1
1.16923076923077
1
1
1
1
1
1
1
1
1
1
1
1
1
1
1
1
1.0625
1
1
1
1
1
1.32255520504732
1
1.17792421746293
1
1
1
1
1
1
1
1
1
1.21951219512195
1
1
1
1
1
1
1.12808194984105
1.46938775510204
1
1
0.969482529854047
1
1
1
1
1
1
1
1
1
1
1
1
1.0857908847185
1
1
1
1
1.14285714285714
1
1
1
1
1
1
1
1
1
1
1
1
1
1
1
1
1
1
1
1
1.07317073170732
1
1.26955074875208
1
1
1
1
1
1
1.13744075829384
1
1
1
1
1
1
1
1
1
1
1
1
1
1
1
1
1
1
1
1
1
1
1
1
1
1
1.07407407407407
1
1
1
1
1
1.2
1
1
1
1.2
1
1
1
1
1
1
1
1
1
1
1
1
1
1.14285714285714
1
1
1
1
0.998343456653783
1
1
1
1
1
1
1
1
1
1.05555555555556
1
1
1
1.11627906976744
1
1
1
1.09090909090909
1
1
1.25
1
1
1.05691056910569
1
1
1
1.08
1
1
1.13433329656998
1
1
1
1
1
1
1
1
1
1
1
1
1
1
1
1
1
1
1
1
1.10733961514856
1
1
1.1
1
0.908621960206338
1
1
1
1
1.17782909930716
1
1
0.964285714285714
1
0.892857142857143
1
1
1
1
1
1
1
1
1
1
1
1
1
1
1
1.07207207207207
1
1
1
1
1
1
1
1
1
1
1
1
1
1
1
1
1
1
1
1
1.04615384615385
1.06976744186047
1
1
1
1
1
1
1
1
1.17073170731707
1.08108108108108
1.07547169811321
1
1
1
1
1
1
1
1
1
1
1.02985074626866
1
1.09090909090909
1
1
1
1
1
1
1
1
1
1
1
1
1
1.02857142857143
1
1.20588235294118
1.13636363636364
1
1
1.17621385706492
1
1
1
1
1.0253164556962
1
1
1.0625
1
1
1
1
1.04
0.979591836734694
1
1
1
1
1
1
1
1
1
1
1
1
1
1
1
1
1
1
1
1
1
1
1
1.19402985074627
1
1
1.11111111111111
1
1
0.96
1
1
1
1
1
1.1
1
1
1
1.01402278702892
1
1
1
1
1
0.945205479452055
1
1.10344827586207
1
1
1
1
1.26934984520124
1
1
1
1
1.06194690265487
1
1
1
1
1
1.0655737704918
1
1
1
1
1
1
1
1
1
1
1
1
1
1
0.975609756097561
1
1
1.11111111111111
1
1
1
1
1
1
1
1
1
1
1
1
1
1
1
1
1
1
1
1
1
1
1
1
1.17213114754098
1
1
1
1
1
1
1.26593406593407
1
1
1
1
1
1
1
1
1
1
1
1
1.10576923076923
1
1.20689655172414
1
1
1.26315789473684
1
1
1
1
1
1
1
1
1
1
1
1
1
1
1
1
1
1
1
1
1
1.07518296739854
1
1
1
1
1
1.11940298507463
1
1
1
1.03846153846154
1
1
1
1
1
1
1
1
1
1.00571428571429
1
1
1
1
1
1
1
1.18954248366013
1
1.09090909090909
1
1
1
1.22202486678508
1
1
1.07232968881413
1.16666666666667
1
1
1
1
1
1
1
1
1
1
1
1
1
1
1
1
1
1
1
1
1
1
0.96031746031746
1
1
1
1
1
1
1
1.11111111111111
1.42857142857143
1.04854368932039
1
1
1
1
1
1
1
1
1.09539473684211
1.34146341463415
1
1
1
1
1
1
1
1
1
1
1
1
1
1.0253164556962
1
1
1
1.01960784313725
1.15018801150188
1
1
1
1
1
1
1.07190710138455
1
1
1
1
1
1
1
1
1
1
1
1
1
1
1.09783308302939
1
1
1
1
1.20139291932676
1
1
1
1
1
1
1
1.01606425702811
0.978102189781022
1
1
1
1
1
1
1
1
1
0.999259807549963
1.13534765982657
1.09090909090909
1
1
1
1
1
1
1
0.99009900990099
1
1
1
0.996677740863787
0.884578079534433
1
1
1
1
1
1
1
1
1
1
1
1
1
1
1
1
1
1
1
1
1.00840336134454
1
1
1
1
1
1
1.06127828696569
1
1
1
1
1
1
1
1
1
1
1
1
1.14285714285714
1
1
1
1
1
1
1
1
1
1
1
1
1
1.03809913969685
1
1
1
1
1
1
1
1
1
1
1
1
1
1
1.1304347826087
1
1
1
1
1
1
1
1
1
1.24489795918367
1
1
1
0.871794871794872
1
1
1
1.24120603015075
1.09615384615385
1.0279233611135
1
1
1
1
1.04761904761905
1
1
1
1
1.13924050632911
0.883856829802776
1
1
1
1
1
1
1
1
1.5671825104397
1
1
1
1
1
1
1
1
1
1.1973063973064
1
1
1
1
1
1
1
1
1.10526315789474
1
1
1
1
1
1
1
1.07142857142857
1
1
1
1
1
1
1
0.99290780141844
1.41176470588235
1
1
1
1
1
1
1
1
1
1
1
1.30263157894737
1
1.14285714285714
1
1
1
1
1
1
1
1.16783862605314
1
1
1
1.02941176470588
1
1.16455696202532
1.15899581589958
1
1
1
1.09677419354839
1
1
1
1
1
1
1
1
1.07692307692308
1
1
1
1
1
1
1
1
1
1
1
1
1
1
1
1
1
1
1
1
1
1
1
1
1
1
1
1
1
1
1
1
1
1
1
1
1
1
0.989228007181329
1
1
1
1.12479534291432
1
1
1
1
1
0.9225
1
1
1
1
1
1.04347826086957
1.20163265306122
1
1
1
1
1
1
1
1
1
1
1
1
1
1
1
1
1
1
1
1.11515151515152
1
1
1
1
1
1
1
1
1
1
1
1.0337552742616
1
1
1
1
1
1
1
1
1.17241379310345
1
1
1
1.05807111793298
1
1
1
1
1
1
1
1.16129032258065
1
1
1
1
1
1
1
1
1
1
1
1
1
1
1
1
1
1
1
1
1
1
1
1
1
1
1.04185779816514
1.01087141158485
1
1
1
1
1
1
1.00684931506849
1.20045087356754
1
1
1
1
1
1
1
1
1
1
1.04121621621622
1
1
1
1
1
1
1
1
1.09942084942085
1
1.12751677852349
1
1.11891279728199
1
1
1
1
1
1
1
1
1
0.996802754549926
1
1
1
1
1.07142857142857
1
1
1
1
1
1
1
1
1
1
0.91566265060241
1
1
1
1
1
1
1
1
1
1
1
1
1
1.32911392405063
1
1
1
1
1
1.25316455696203
1
1
1
1
1
1
1
1
1.07053394858273
1
1.0952380952381
1
1
1
1
1
1
1
1
1
1
1
1
1
1
1
1
1
1
1
1
1
1
1
1
1
1
1
1.17258883248731
1
1
1
1
1
1
1.00287907869482
1
1
1
1
1
1
1
1.01694915254237
0.934065934065934
1
1
1
1
1
1
1
1
1
1.13079932923421
1
1
1
1
1
1.10344827586207
1
1
1
1
1
1
1
1
1
1
1
1
1
1
1
1
1
1
1
1
1
1
1
1
1
1
1
1
1
1
1
1
1.09784735812133
1
1
1
1
1
1
1
1
1.07594936708861
1
1
1
0.958333333333333
1
1
1
1
1
1
1
1
1
1
1
1
1
0.956521739130435
1
1
1
1
1
1
1.23809523809524
1
1
1
1
1
1
1
1
1
1
1
1
1
1
1
1
1
1
1
1
1
1
1
1
1
1
1
1
1
1
1.19259259259259
1
1.12946428571429
1
1
1
1
1
1
1
1
1
1
1
1
1
1
1
1
1
1
1
1
1
1
1
1
1
1
1
1
1
1
1
1
1
1
1
1
1
1
1
1.05212355212355
1
1
1
0.976744186046512
1
1
1
1
1
0.96
1
1
1
1.15183246073298
1
0.968724939855654
1.08
1
1
1
1
1
1.39923954372624
1
1.01030927835052
1
1
1.2
1
1
1
1
1
1.32786885245902
1
1
1
1
1
1
1
1.02272727272727
1
1
1.02414997090365
1
1
1.10526315789474
1
1
1
1
1
1
1
1
1
1
0.889148873939749
1
1
1
1
1
1
1
1
1
1
1
1
1
1
1
1
1
1
1
1
1.02702702702703
1
1
1
1
1
1
1
1
1
1.20119760479042
1
1
1
1
1
1
1
1
1
1
1.05154639175258
1.38274932614555
1
1
1
1.04989154013015
1
1
1
1
1
1
1
1
1
1
1
1
1
1
1
1
1
1
1
1
1
1
1.06451612903226
1
1
1
1
1
1
1
1
1
1
1
1
1
1
0.983451536643026
1
1
1
1
1
1
1
1
1
1
1.1304347826087
1
1
1
1
1.17647058823529
1
1
1
1
1
1
1
1
1
1
1
1
1
1
1
1
1
1
1
1
1
1
1.05
1
1
1
1
1
1
1
1
1
1
1
1
1
1.33333333333333
1
1
1
1
1
1
1
1
1
1
1
1
1
1
1
1
1
1
1.125
1
1
1
1
1
1
1
1
1
1
1
0.934010152284264
1
1.05921052631579
1
1
1
1
1
1
1
1
1
1
1
1
1
0.906976744186046
1.05024722948177
1
1
1
1
1
1
1
1
1
1
1
1
1
1
1
1
1
1
1
1.3163097199341
1
1
1
1
1.06033630069238
1
1
1
1
1
1
1
1
1
1.0576015108593
1
1
1
1
1
1
1
1
1
1
1
1
1
1
1
1
1
1.19129438717068
1.00776196636481
1
1
1.02857142857143
1
1
1
1
1
1
1
1
1
1
1.11958266452648
1
1
1
1
1
1
1
1
1.02295334507042
1
1
1
1
1
1.04854368932039
1.18202764976959
1
1
1
1.13981762917933
1
1.14737962223996
1
1
1
1.08510638297872
1
0.975446428571429
1
1
1
1
1
0.972877358490566
1
1
1
1
1
1
1
1
1.1734693877551
1
1
1
1
1
1
1.22137404580153
1
1
1
1
1
1
1
1
1
1
1
1
1
1
1
1
1
1
1
1
1
1
1
1
1
1
1
1
1.27272727272727
1
1
1
1
1
1.13333333333333
1
1
1.13924050632911
1
1
1
1
1
1
1
1
1
1
1
1
1
1.04761904761905
1
1
1
1
1
1
1
1
1
1.15533980582524
1
1
1
1
1
1
1.09682668836452
1
1
1
1
1
1
1
1
1
1
1
1.29239766081871
1.11878081577768
1
1.1304347826087
1
1
1
1
1
1
1
1
1
1
1
1.0908147062416
1
1
1
1
1
1.13432835820896
1
1
1
1.10891089108911
1
1
1
1
0.9375
1
1
1
1
1
1
1
1
1
1.2
1
1
1
1
1
1
1
1
1
1
1
1
1
1
1
1
1
1.14605543710021
1
1
1
1
1
1
1
1
1
1
1
1
1
1
1
1
1
1
1
1
1
1
1
1
1.29179331306991
1.08
1
1
1
0.981462303231152
1
1
1
1
1
1
1.17241379310345
1
1
1.16129032258065
1
1
1
1
1
1
1
1
1
1
1
1
1
1.11764705882353
0.983203605079885
1
1
1
0.943491422805247
1
1
1
1
1.09090909090909
1
1
1
1
1
1
1
1.21511766104112
1
1
1
1
1
1
1
1
1
1
1
1
0.922330097087379
1
0.933333333333333
1
1.13924050632911
1
1
1
1
1
1
1
1
1
1
1
1
1
1
1
1
1
1
1
1
1
1
1
1
1
1
1.19402985074627
1
1
1
1
1
1.05109489051095
1
1
0.957033016734509
1.18032786885246
1
1
1
1
1
1
1
1
1.08676377454085
1
1
1
1
1
1
1
1
1
1
1
1
1.19512195121951
1
1
1
1
1
1
1
1
0.981132075471698
1
1
1
1
1.15151515151515
1
1
1.27255278310941
1
1.05069124423963
1
1
1
1
1
1
1
1
1
1
1
1
1
1.08212560386473
1
1
1
1
1.03125
1
1
1
1
1.05147058823529
1
1
1.01079913606911
0.444250871080139
1.22316602316602
0.969230769230769
1
1
1
1
1
1.10344827586207
1
1
1
1
1
1
1
1
1
1
1
1
1
1
1
1
1
1.07142857142857
1
1
1
1
1
1
1
1
1
1
1
1
1
1
1
1
1
1
1
1
1
1
1
1
1
1
1
1.27439024390244
1
0.974358974358974
1
1
1
1
1
1
1
1
1
1
1
1
1.02083333333333
1.13314447592068
1
1
1
1
1
1
1
1
1
1
1
1
1
1
1
1
1
0.995338926621388
1
1
1
1
1
1
1
1
1
1
1
1
1
1
1
1
1
1
1.00246305418719
1
1
1.01021450459653
1
1
1
1.01992966002345
1
1
1
1
1
1
1
1
1
1
1
1
1
1
1
1
1.04651162790698
1
1
1
1
1
1
1
1
0.901173402868318
1
1
1
1
1
1
1
0.987341772151899
1.13513513513514
0.864406779661017
1
1
1
1.22641509433962
1
1
1
1
1
1.06666666666667
1
1
1
1
1
1
1
0.95
0.96
1
1
1
1
1
1
1
1
1
1
1
1
1
1
1.21610169491525
1
1
1
1
1
1
1
1
1
1
1
1
1
1
1
1
1
1.08
1
1
1
1
1.03416435826408
1
1
1
1
1
1
1
1
1
1
1
1
1
1
1
1
1
1
1
1
1
1
1
1
1
1.33073929961089
1
1
1
1
1
1
1
1
1
1
1
1
1
1.18077126843822
1
1
1
1
1
1
1
0.945273631840796
1
1
0.977777777777778
1
1
1
1
1.19858156028369
1
1
1
1.14
1
1.10526315789474
1
1
1
1
1
1
1
1
1
1
1
1
1
1
1
1
1
1
1
1
1
1
1
1
1
1
1
1.21292775665399
1
1
1
1
1
1
1
1
1
1
1
1
1
1
1
1
1
1
1
1
1
1
1
1
1
1
1.05212981744422
1
1
1
1
1
1
1
1
1
1
1
1
1
1
1
1
1
1
1
1
1
1.0625
1
1
1
1
1
1
1
1
0.920091324200913
1
1
1
1
1
1
1
1
1
1
1
1
1
1.17453798767967
1
1
1
1
1
1
1
1
1
1.18301610541728
1
1
1
1
1
1
1
1
1
1
1
1
1.28173374613003
1.18055555555556
1
1.11475409836066
1
1
1
1
1
1.07078584283143
1
1
1
1
1
1
1
1
1
1.38461538461538
1
1
1
1
1
1
1
1.01069518716578
1
1
1
1
1
1
1
1.00238663484487
1
1
1.04347826086957
1
1
1
1
1
1
1
1
1
1
1
1
1
1.09874326750449
1
1
1
1
1
1
1
0.942857142857143
1
1
1
1
1
1
1.12033195020747
1
0.957446808510638
0.95850622406639
1.2
1
1
1
1
1
1
1
1.11111111111111
1
1.05
1
1
1
1.29102167182663
1
1.15384615384615
1
1
1
1
1
1
1
1
1
1
1
1
1
1
1
1
1
1
1
1
1.08108108108108
1
1
1
1
1
0.98694942903752
1
1.12926391382406
1
1
1
1
1
1.18588640275387
1
1
1
1
1
1
1.1557557925708
1
1
1
1
1
1
1
1
1
1
1
1.28571428571429
1
1
1
1.14285714285714
1
1
1
1.1
1
1
1
1
1
0.976744186046512
1
1
1
1
1
1
1
1
1
1
1
1
1.12068965517241
1
1
1
1
1
1
1
1
1
1
1
1
1
1
1
1
1
1
1
1
1.02960331557134
1
1
1
1
1
1
1
1
1
1
1.16245487364621
1
1
1
1
1
1
1
1
1
1
1
1
1
1.10748702742772
1
1
1
1
1
1
1
1.44525547445255
1
1.00948766603416
1
1
1
1
1.11111111111111
1.32248734634852
1
1
1
1
1
1
1
1
1
1
1
1.15704068291933
3.12765957446809
1.03585657370518
1
1
1
1
1
1
1.20498084291188
1
1
1
1
1
1
1
1
1
1
1
1
1
1
1
1
1
1
1
1
1
1
1
1
1
1.03632625085675
1
1
1.04651162790698
1
1
1
0.980392156862745
1
1
1.24137931034483
1
1
1
1
0.97167633663984
1
1
1
1
1
1
1.27964205816555
1
1
1.19282511210762
1
1
1
1
1
1
0.926829268292683
1
1
1
0.899674816331446
1
1
1
1
1
1
1
1
1
1
1
1.08622016936105
1
1
1
1
1
1.13867941879713
1
1.01698980611633
1
1
1
1
1
1
0.976461357395057
1
1
1
1
1
1
1
1
1
1
1
1
1
0.974025974025974
1
1
1
1
1
1
1
1
1
1
1
1.04274570982839
1
1
1
1
1.46666666666667
1
1
1
1
1.22567287784679
1
1
1
1
1
1
1
1
1
1
1
1
1
1.328
1
1
1
1
1
1
1
1
1
1
1
1
1
1
1
1.00898995240613
1
1
1
0.954545454545454
1.31719128329298
1
1.09090909090909
1
1
1
1
1
1
1
1.15789473684211
1
1
1
1
1
1
1
1
1
1
1
1
1
0.994774346793349
1
1
1
1
1
1
1
1
1.2
1
1
1
1
1
1
1
1.13424939378353
1
1
1
1
1
1
1.06719367588933
1
1
1
1.125
1
1
1
1
1.06698857698822
1
1
1
1
1
1
1
1
1
1
1
1.11471103327496
1
1
1
1
1
1
1
1.30935251798561
1
1
1.09587776005373
1
1
1
1
1.0061135371179
1
1.04347826086957
1
1
1
1
1
1
1
1
1
1
1
1
1
1
1
1
1
1
1
1
1
1
0.94980694980695
1
1
1
1.06024096385542
1
1
1
1
1
1
1
0.978868862647607
1.17391304347826
1
1
1
1
1
1
1
1
1
1
1.11111111111111
1
1
1
1
1
1
1
1
1
1
1
1
1
1
1
1
1
1
1
1
1
1
1
1
1
1
1
1
1
1
1.15789473684211
1
1
1
1
1
1
1
1
1
1
1
1
1
1
1
1.16666666666667
1
1
1
1
1
1
1
0.75
1
1
1
1
1
1
1
1
1
1
1
1
1
1
1
0.972972972972973
1
1
1
1.07434052757794
1
1
1
1
1
1
1
1
1
1
1
1
1
1
1
1
1.05785123966942
1
1
1
1
1
0.975609756097561
1.14415979157621
1
1
1
1
1
1
1
1
1
1
1
1
1
0.827586206896552
1
1
1
1.23328591749644
1
1
1
1
1.11096398305085
1
1
0.979591836734694
1
1
1
0.978723404255319
1
1
1
1
1
1
1
1
1.13333333333333
1
1
1
1
1
1
1
1
1
1
1
1
1
1
1
1
1
1
1
1
1
1
1
1
1
1
1
1
1
1
1.3125
1
1
1
1.12
1.2
1
1
1
1
1
1
1.2972972972973
1.23076923076923
1.05882352941176
1
1
1
1
1
1
1
0.944842105263158
1
1
1
1
1
1
1
1
1
1
1
1
1
1
1
1
1
1
1
1
1
1
1.02094240837696
1
1
1
1
1
1
1.07547169811321
1
1
1
1
1
1
1
1
1.21428571428571
1
1
0.964812419146184
1
1
1
1
1
1
1.00053966540745
1
1
0.951219512195122
1
1
1
1
1
1
1
1
1
1
1
1
1
1
1.09090909090909
1
0.943262411347518
1
1
1
1
0.996221229817932
1
1
1
0.981308411214953
1.14136883229634
1
1
1
1
1
1
1
1
1
1
1
1
1
1
1
1
1
1
1
1
1
1
1
1
1
1
1
1
1
1
1
1
1
1
1
1.06666666666667
1
1
1
1.11009174311927
1.11111111111111
1
1.20097640358015
1
1
1
1
1
1
1
1
1
1
1
1
1
1
1
1
1
1.0518269377771
1
1
1
1
1
1
1
1
1
1
1.03846153846154
1
1
1
1
1
1
1
1
1
1
1
1
1
1
1
1
1
1
1
1
1
1
1
1
1.06521739130435
1.11240310077519
1
1
1
1
1
1
1
1
1
1
1
1
1
1
1
1
1
1
1
1
1
1.37565582371459
1
1
1
1
1
1
1
1
1
1
1
1
1
1
1
1
1.00750938673342
1
1
1
1
1
1
1
1
1
1
1
1
1
1
1
1
1.0873786407767
1
1
1
1
1
1
1
1
1
1
1
1
1.04761904761905
1
1
1
1
1
1
1
1
1
1.27272727272727
1
1
1
1
1
1
1
1
1.06726457399103
1
1
1
1
1
1
1
1
1
1
1
1
1
1
1
0.942408376963351
1
1
1
1
1
1
1
1
1
1
1
1
1
1
1
1.21212121212121
1
1
1
1.16859403530128
1
1
1
1
1
1
1
1
1
1
1
1.00449101796407
1
1
1
1
1
1
1
1
1
1.01694915254237
1
1
1
1
1
1
1
1
1
1
1.40350877192982
1
1
1
1.04545454545455
1
1
1
1
1
1
1
1.06666666666667
1
1
1
1
1
1
1
1
1
1
1
1
1
1
1
1.06523955147808
1
1
1
1.09236947791165
1
1
1
1.01591715408956
1
1
1.03888888888889
1.04347826086957
1
1
1
1
1
1
1
1
1
1
1
1
1
1
1
1
1
1
1
1
1
1
1
1
1
1
1
1
1
1
1
1
1
1
1
1
1
1.00773480662983
1
1
1
1
1
0.965478529329217
1
1
1
1
1
1
1
1
1
1
1
1
1
0.971428571428571
1
1
1
1
1
1
1
1
1
1
1
1.01538461538462
0.978723404255319
1
1
1
1
1
1
1
1
1
1
1
1
1
1
1
1
1
1
1
1
1
1
1
1
1
1
1
1
1.08
1
1
1
1
1
1
1
1
1
1
1
1
1
1
1
1
1
1
1
1
1
1
1
1
1
1
1
1
1
1
1
1
1
0.868840836582772
1
1
1.00321457272971
1.04545454545455
1
1
1
1
1.05179282868526
1
1
1
1
1.04545454545455
1
1.1304347826087
1
1
1.07375478927203
1
1
1
1
1
1
1.015065913371
1
1
1
1
1
1
1
1
1
1
1
1
1
1
1
1
1
1
1
1
1
1
1
1
1
0.986121256391527
1
1
1.32692307692308
1.14285714285714
1
1.28
1
1
1
1
1
1
1
1
1
1.03703703703704
1
1
1.20689655172414
1
1
1.05263157894737
1
1
1
1.1963545981773
1
1
1
1
1
1
1
1
0.997947260382125
1
1
1
1
1
1
1
0.979591836734694
1
1
1
1
1
1
1
1
1
1
1
1
1
1.18873668188737
1
1
1
1
1
1
1
1
1
1
1
1
1
1
1.29158512720157
1
1
1
1
1
1
1
1
1
0.941303759805248
1
1
1
1
1
0.909090909090909
1
1
1
1
1
1
1
1
1.05
1.35714285714286
1.03448275862069
1
1.12686567164179
1
1
1
1
1
1
1
1
1
1
1
1
1
1
1
1
1
1
1
1
1
1
1
1
1
1
0.983178853415723
1
1
1.07876712328767
1
1
1
1
1
1
1
1
1
1.08823529411765
1
1
0.953788235294118
1
1.11467889908257
1
1
1
1
1
1
1
1
1
1
1
1
1
1
1
1
1
1
1
1
1
1
1
1
1
1
1
1
1
0.90249187432286
1
1
1
1
1
1
1
1
1
1
1
1
1
1
1
1
1
1
1
1
0.944444444444444
1.04
1
1
1
1
1
1
1
1
1
1
1
1
1
1
1
1
1
1
1
1
1
1
1
1
1
1
1
1
1
1
1
1
1
1
1.09677419354839
1
1
1
1
1
1
1
1
1
1
1
1.15384615384615
1
1
1.11111111111111
1.08108108108108
1
1
1
1
1
1
1
1.1063829787234
1.03907624870891
1
1
1
1
1
1
1
1
1
1
1
1
1
1
0.954545454545455
1
1
1
1
1
1.11428571428571
1
1
1
1
1
1
1.07660577489688
1
1
1
0.979381443298969
1
1
1
1
1
1
1
1
1
1
1
1
0.998299818256434
1.05660377358491
1
1
1.07852412488174
1
1
1
1.24752475247525
1
1
1
1.02479644707624
1
1
1
1.15151515151515
1
1
1
1
1
1
1
1
1
1
1
1
1
1
1
1
1.05910165484634
1
1
1
1
1
1
1
1
1.17948717948718
1
1
1.08563575871546
1
1
1
1
1
1
1
1
1
1
1
1
1
1
1
1.17647058823529
1
1
1
1
1
1
1
1
1
1
1
1
1
1
1
1
1
1
1
1.11422743498215
1.34254143646409
1
1
1
1
1
1
1.23157894736842
1
1
1
1
1
1
1
1
1
1
1
1
1.10463463178846
1
1
1
1
1
1
1
1
1
1
1
1
1.1916890080429
1
1
1.24299065420561
1
1
1.15566037735849
1
1
1
1
1
1
1
1.13821138211382
1
1.08542713567839
1
1
1
1
1
1
1
1
1
1
1
1
1
1
1
1.11428571428571
1
1
1
1
1
1
1
1
1
1
1
1.0627719080174
1.36977491961415
1
1
1
1
1
1
1
1
1
1
1
1
1
1.21739130434783
1.1958041958042
1
1
1
1
1
1
1
1
1
1
1
1
1
1
1
1
1
1
1
1
1
1
1
1
0.820441988950276
1
1
1
1
1
1.20209059233449
1
1
1
1
1
1
1
1.05882352941176
1
1
1
1
1
1.30769230769231
1
1.06024096385542
1
1
1
1
1
1
1
1
1
1
1
1
1
1
1
1
1
1
1
1
1.21212121212121
1
1
1
1
1
1
1
1
1
1
1
1
1
1
1
1
1
1
1
1
1.16129032258065
1
1.12345679012346
1
1
1
1
1
1
1
1
1
1
1
1
1
1
1
1
1
1
1
1
1
1
1
1
1
1
1
1
1
1
1
1
1
1
1.05555555555556
1
1
1
1
1
1
1
1
1
1
1
1
1
1
1.224
1
1
1
1
1
1
1
1
1
1
1
1
1
1
1
1
1
1
1
1
1
1
0.974358974358974
1
1
1
1
1
1
1
1
1
1
1
1
1
1
1
1
1
1
1
1
1
1
1
1
1
1
1
1
1
0.924832214765101
1
1
1
1
1
1
1
1
1
1
1
1
1
1
1
1
1.1
1
1
1
1
1
1
1
1
1
1
1
1
1
1
1
0.981308411214953
1
1
1
1.12
1.1474025974026
1
1
1
1
1
1
1
1
1
1
1
1
1
1.05439330543933
1
1
1
1
1
1
1
1
1
1
0.976170912078882
1
1.13333333333333
1
1
1
1
1
1
1
1
1
1
1
1
1
1
1
1
1
1
1
1
1
1
1
0.956521739130435
1
1
1
1
1
1
1
1.02985074626866
1.18181818181818
1
1
1.0655737704918
1.08695652173913
1
1
1.05501285347044
1
1
1
1
1
1
1
1
1
1
1
1
1
1
1
1
1
1
1
1
1
1.35483870967742
1
1
1
1
1.37142857142857
1
1
1
1
1
1
1
1
1
1
1
1
1
1.17647058823529
1
1
1
1
1
1
1
1
1
1
1
1
1
1
1
1
1
1
1
1
1.05253104106972
1
1
1
1
0.995238095238095
1
1
1
1
1
1
1
1.08108108108108
1
1
1
1
1
1
1
1
1
1
1
1
1
1
1.33333333333333
1
1
1
1
1
1
1
1
1
1
1
1
1
1
1
1
1
1
1.125
1
1
1
1
1
1
1
1
1
1
1.17647058823529
1
1
1
1
1
1
1
1
1
1
1
1
1
1
1.10344827586207
1
1
1
1.0010649627263
1
1
1
1
1
1
1
1
1
1
1
1
1.11111111111111
1
1
1
1
1
1
1
1.16777251184834
1
0.926470588235294
1
1
1
1
1
1.0188679245283
1
1
1
1
1
1
1
1
1
1
1
1
1
1
1
1
1
1
1
1
1
1
1
1
1
1.11627906976744
1
1
1
1
1
1
1
1
1
1
1
1
1
1
1
1
1
1
1
1
1
1
1
1
1
1
1
1
1
0.985714285714286
1
1
1
1
1
1
1
1
1
1
1
1
1
1
1
1
1
1
1
1
1
0.845283018867925
1
1.17241379310345
1
1
1
1
1
1
1
1.08729281767956
1.20211087536043
1
1
1
1.1875
1
1
1
1
1
1
1
1
1
1
1
1
1
1
0.96551724137931
1.0546875
1
1
1
1
1
1
1.03636363636364
1
1
1
1
1
1.16379310344828
1
1
1
1
1
1
1
1
1
1
1
1
1
1
1
1
1
1
1
1
1
1
1
1
1
1
1
1
1
1
1
1
1
1
1
1
1
1
1
1
1
1.02857142857143
1.08333333333333
0.955794504181601
1.17234468937876
1
1
1
1
1.09012131715771
1
1
1
1
1
1
1
1.06876790830946
1.03225806451613
1
1
1
1
1
1
1
0.823529411764706
1
1
1
1
1.11111111111111
1
1
1
1.10192837465565
1
1.18181818181818
1
1
1
1
1
1.11111111111111
1
1
1
1
1
1
1
1
1
1
1
1
1
1
1
1.29776247848537
1
1
1
1
1
1
1
1
1.21969696969697
1
1
1
1
1
1
1
1
1
1
1
1
0.976744186046512
1
1
1
1
1
1
1
1
1
1
1
1
1
1
0.956521739130435
1
1
1
1.3125
1
1
1
1.24087591240876
1
1
1
1
1
1
1
1
1
1
0.933333333333333
0.985915492957747
1
1
1
1
1
1
1.04812834224599
1
1
1
1
1
1
1
1
1
1
1
1
1
1
1
1
1
1
1
1
1
1
1
1
1
1
1
1
1
1
1
1
1
1
1
1
1
1
1
1
1
1
1
1
1
1
1
1
1
1
1
1
1
1
1
1
1
1
1
1
1
1
1
1
1
1
1
1
1.09638554216867
1
1
1
1
1
1
1
1
1
1
1
1.08571428571429
1
1
1
1
1
1
1
1
1
1
1
1
1.17624666920442
1
1
1
1
1
1
1
1
0.895982831466702
1
1
1
1
1
1.33333333333333
1
1
1
1
1
1
1
1
1
1
1
1.03448275862069
1
1
1
1
0.891219705999205
1
1
1
1
1
1
1
1
1
1
1
1
1
1
1
1
1
1
1
1
1
1
1
1
1
1
1
1
1.10037684138404
1
1
1
1
0.999012833168806
1
1
1
0.980392156862745
1
1
1.05882352941176
1.14285714285714
1
1
1
1
1
1
1
1
1.03937007874016
1
1
1.06666666666667
1
1
1.11111111111111
1
1
1
1
1
1
1
1
1
1
1
1.05329153605016
1
1
1
1
1
1
1
1.00840336134454
1
1
1
1
1
1
1.17241379310345
1
1
1
1.03030303030303
1
1
1
1
1
1
1
1
1
1
1
1
1
1
1
1
1
1
1
1
1
1.02222222222222
1
1
1
1
1
1
0.963302752293578
1
1
1
1
1
1
1
1
1
1
1
1
1
1
1
1
1
1
1
1.06493506493507
1
1
1
1
1.04615384615385
1
1
1
1.015625
1
1.08906560636183
1
1
1
1
1
1.09243697478992
1
1
1
1
1
1
1
1
1
1
1.06060606060606
1
1
1
1
1
1
1
1
0.914331146889286
1
1
1.00188146754469
1
1
1
1
1
1
1
1
1
1
1
1
1
1
1
1
1
1
1
1
1
1
1
1
1.23985239852399
1
0.898026315789474
1
1
1
1
1
1
0.892667375132837
1
1
1
1
1
1
1
1
1.37254901960784
1
1
1
1
1
1
1
1
1
1
1
1
1
1
0.93687707641196
1
1
1
1
1
1
1
1
1
1
1
1
1
1
1
1.11111111111111
1
1
1
1.11764705882353
1
1.12980769230769
1
1
1
1
1
1
1
1
1
1
1
1
1.23913043478261
1
1
1
1.10526315789474
1
1
1
1
1
1
0.954545454545455
1
1
0.958119030124908
1
1
1
1
1
1
1
1.31554524361949
1
1
1
1.13459399332592
1.02623906705539
1
1
1
1
1
1
1
1
1
1
1
1
1
1.12340425531915
1.0091533180778
1
1
1
1
1
1
1
0.976744186046512
1
1
1
1
1.17647058823529
1
1
1
1
1
1
1
1
1
1
1
1
1
1
1
1
1
1
1
1
1
1
1
1
1.04761904761905
1
1
1
1
1.01785714285714
1
1
1
1
1
1
1
1
1
1
1
1
1.11084040044355
1.19718309859155
1
1
1
1.0777358490566
1
1
1
1
1.05633802816901
1
1
1
1
1
1
0.974226804123711
1
1
1.26829268292683
1
1
1
1
1
1
1
1
1
1
1
1
1.01612903225806
1.11182108626198
1
1
1.05882352941176
1
1
1
1
1
1
1
1
1
1
1
1.07692307692308
1
1
1
1
1
1
1
1
1
1
1
1
1
1
1
1
1
1
1
1
1
1
1.10526315789474
1
1
1
1
1
1
1
1
1
1
1
1
1
1
1
1
1.05882352941176
1.1958174904943
1
1
1.15525114155251
1
1
1
1
1
1
1
1.02379693283977
1
1
1
1
1
1
1
1
1.05396226415094
1
1
1
0.982558139534884
1
1
1
1
1
1
1
1
1
1
1.13089005235602
1
1
1.22727272727273
1
1.33239436619718
1
1
1
1
1
1.36329588014981
1
1
1
1
1
1
1
1
1
1
1
1
1
1
1.03448275862069
1
1.08185053380783
1
1
1
1
1
1
1
1
1.16666666666667
1
1
1.4
1
1.11764705882353
1
1.05
1
1
1
1
1
1
1
1
1
1
1
1
1
1
1
1
1
1
1
1
1.06976744186047
1
1
1
1
1
1
1
1
1
1
1
1
1
1
1
1
1
1.04761904761905
1.00257510729614
1
1
1
1
1
1
1
1
1.06666666666667
1
1
1
1
1
1.05395864851236
1
1
1
1
1
1
1
1.18507157464213
1
1
1.1129883843717
1
1
1
1
1.22222222222222
1
1
1.18421052631579
1
1
0.956521739130435
1
1
1
1
1
1
1.16216216216216
1
1
1
1
1
1
1
1
1
1
1
1
1
1
1
1
1
1
1
1
1
1
1
1
1
1
1
1
1
1
1
1
1
1
1
1
1
1
1
1
1
1
1
1
1
1
1
1
1
1
1
1
1
1
1
1
1
1
1
1
1
1
1
1
1
1
1
1
1
1
1
1
1
1
1
1
1
1
1
1
1
1
1
1
1
1
1.00430714391802
1.05555555555556
1
1
1
1
1
1
1
1
1.05263157894737
1.06666666666667
1.08333333333333
1
1
1
1
1
1
1
1.06344410876133
1
1
1
1
1
1
1
1
1
1
1
1
1
1.19137466307278
1
1
1
1.20149253731343
1
1.20158102766798
1
1
1
1
1
1
1
1
1
1
1
1
1.21560574948665
1
1
1
1
1
1
1
1.1453812175917
1
1
1
0.941176470588235
1
1
1
0.867018160515524
1
1
0.969935929029078
1
1
1
1
1
1
1
1
1
1
0.933333333333333
1
1
1.11064718162839
0.976744186046512
1
1.07692307692308
1
1
1
1
1
1
1
1.28571428571429
1
1
1
1
1.09090909090909
1
1
1
1
1
1
1
1
1
1
1
1
1.05179028132992
1
1
1
1
1
1
1.0625
1
1
1
1.16129032258065
1
1.37517053206003
1
1
1
1.27234042553191
1
1
1
1
1
1
1
1
1
1
1
1
1.2962962962963
1
1
1
1
1
1
1
1
1
1
1
1
1
1
1
1
1
1
1
1
1
1
1
1
1
1.29496402877698
1
1
1
1
1
1
1
1
1.01298701298701
1.0514877967235
1
1
1.07287753568745
1
1
1
1
1
1.01123595505618
1.125
1
1
1
1
1
1
1
1.20430107526882
1
1
1.02564102564103
1
1
1
1
1
1
1
1.1
1
1
1
1
1
1
1
1
1
1.11111111111111
1
1
1
1
1
1
1
1
1
1
1
1
1
1
1.28571428571429
1
1.07392491945651
1
1
1
1
1
1
1
1
1
1
1
1
1
1
1
1
1
1
1.17283950617284
1
1
1
1
1
1
1
1.07692307692308
1
1
1.03030303030303
1
1.35069674850697
1
1
1
1
1
1
1
1
0.923076923076923
1
1
1
1
1
1
1
1
1.05882352941176
1
1
1
1
1
1
1.05882352941176
1
1
1
1
1
1
1.07865168539326
1
1
1
1
1
1
1
0.930232558139535
1
1
1
1
1
1
1
1
1
1
1
1
1.031652989449
1
1
1
1
1
1
1
1
1.01959869342044
1
1
1
1
1
1
1
1
1
1.16634531113059
1.21951219512195
1
1
1
1
1
1
1
1
1
1
1
1
1
1
1
1.10526315789474
1
1
1
1
1
1
1.07692307692308
1
1
1
1
1
1
1
1
1.06998444790047
1
1
1
1
1
1
1
1
1
1
1
1
1
1
1
1
1
1
1
1
1
1
1
1
1
1
1
1
1
1
1
1
1
1
1
1
1
1
1
1
1
1
1
1
1
1
1
1
1
1.01734104046243
1
1.06153846153846
1
1
1
1
1
1.00699300699301
1
1
1
1
1
1
1
1
1
1.17052893758099
1
1.06717716672468
0.99866844207723
1
1
1
1
1
1
1
1
1.10545454545455
0.96
1.10670731707317
1
1
0.965346534653465
1
1
1
1.04347826086957
1.14871794871795
1
1
1
1
1
1
1
1
1
1
1
1
1
1
1
1
1
1
1
1
1
1
1
1
1
1
1
1
1
1.0609756097561
1
1
1
1
1
1
1
1
1
1
1
1
1
1
1.18181818181818
1
1
1
1
1
1
1.21739130434783
1
1
1
1
1
1
1
1
1
0.930232558139535
1
1
1
1
1
1
1
1
0.948129631282921
1.00350877192982
1
1
1
1
1.09500108201688
1
1
1
1
1
1
1
1
1
1
1
1
1
1
1.14754098360656
1
1
1
1
1
1
0.948040109389243
1
1.36363636363636
1
1
1
1
1
1
1
1
1
1
1
1
1
1.11348464619493
1.28355555555556
1
1
1
1
1
1
1
0.875127942681679
1
1
1
0.949640287769784
1
0.853281853281853
1
1
1
1
1
1
1
1
1
1
1
1
1
1
1
1
1
1
1
1
1
1
1
1
1
1
1
1
1
1
1
1
1.21609538002981
1
1
1
1
1
0.980193387398628
1
1
1
1
1
1
1
1.30508474576271
1
1
1
1
1
1.14424242424242
1
1
1
1.16129032258065
1
1
1
1
1
1
1
1
1
1
1
1
1
1
1
1
1
1
1
1
1
1.08695652173913
1
1
1
1
0.995810891681628
1
1
1
1
1
1
1
1
1
1
1
1
1
1
1
1
1
1
1
1
1
1
1
1
1
1
1
1
1
1
1
1
1
1
1.01408450704225
1
1
1
1
1
1
1
1
1
1
1.16182170542636
1
1
1
0.968992248062015
1.03415659485024
1.08918918918919
1
1
1
1
1
1
1
1
1
1
1
1
1
1
1.12121212121212
1
1
1
1
1
1
1
1
1
1
1
1
1
1
1
1
1.06206896551724
0.94921875
1.18320610687023
1
1
1.14925373134328
1
1.14588859416446
1.05
1
1
1.14130434782609
1
1
1
1
0.96
1
1.03506650544135
1
1
1.0434436030291
1
1
1
1
1
1
1.18181818181818
1
1
1.05555555555556
1
1.14289060669946
1.62724692526017
1
1.14285714285714
1
1
1
1
1
1
1
1
1
1
1
1
1
1
1.03448275862069
1
1
1
1
1
1
1
1
1
1
1
1
1.08695652173913
1.07632093933464
1.00269343780607
1
1
1
1.1328125
1
1
1.14285714285714
1
1.14217098943324
1.07157939189189
1
1
1.18827160493827
1.30650887573965
1
1
1
1.16071428571429
1
1
1
1
1
1
1
1
1
1
1
1.03251759973181
1.02009702009702
1
1
1
1
1
1
1
1
1
1
1
1
1
1
1
1.125
1
1.08620689655172
0.945990180032733
1
1
1
1
1
1
1
1.12067156348374
1.15890410958904
1
1
1
1
1
1
1
1
1
1.18032786885246
1
1
1
1
1
1
1.18279569892473
1
1.06545247581104
1.18120805369128
1
1
1
1
1
1
1
1
1
1.28138075313808
1
1
1
1
1
1
1
1
1
1
1.24426229508197
1
1
1
1
1
1
1
1
1
1
1
1
1
1
1
0.962338125222763
1
1
1
1
1
1
1
1.13931888544892
1
1
1
1
1
1
1
1
1
1
1.09808612440191
1
1
1
1
1
1
1
1
1.13513513513514
1
1.04888888888889
1
1
1
1.14060258249641
1
1
1
1
1
1
1
1
1
1.13131313131313
1
1
1.18918918918919
1
1
1
1
1.26923076923077
1
1.3125
1
1
1.16949152542373
1.10202222627072
1
1
1
1
1
1
1.03448275862069
1.27272727272727
1
1
1
1
1
1
1
1
1
1
1
1
1.24522292993631
1
1
1.19916142557652
1
1
1
1
1
1
1
1.17080745341615
1
1
1
1
1.2
1
1
1
1
1
1
1
1
1
1.11111111111111
1.11111111111111
1
1
1
1
0.976744186046512
1
1.0619734364159
1
0.994058021670745
0.971688220901783
1
1
1
1
1
1
1
1.04028268551237
1
1
1.15238095238095
1
1.2
1
1
1
1
1
0.906976744186046
1
1
1
1
1.07641196013289
1
1
1
1
1
1
1
1.00091302899034
1
1
1
1
1
1
1
1
1
1
1
1
1
1
1
1
1
1
1
1
0.952380952380952
1
1
1
1
1
1
1
1
1
1
1
1
1.16666666666667
1
1
1
1
1.06049149338374
1
1
1
1
1
1
1
1
1
1
1
1
1
1
1
1
1
1
1
1
1
1
1
1
1
1
1.03333333333333
1
1
1
1
1
1.01020408163265
1
1
1
1
1
1
1
1
1
1
1
1
1
1
1
1
1
1
1
1
1
1
1
1
1
1
1
1
1
1.04918032786885
1
1
1
1
1
1
1
1
1
1
1.02624671916011
1
1
1
1
1
1
1
1.04347826086957
1
1
1
1
1
1
1
1
1
1
1
1
1
1.1
1
1
1
1
1
1
1
1
1
1
1
1
1
1
1
1
1
1.37789904502046
1
1
1
1
1
1
1
1
1
1
1
1
1
1
1
1
1
1
1
1.08333333333333
1
1
1
1
1
1
1
1
1
1
1
1
1
1
1
1
1
1
1
0.969230769230769
1
1
1
1.2
1
1
1
1
1
1
1
1
1
1
1
1
1
1
1
1.546875
1.0189701897019
1
1.00519210799585
1
1
1
1
1
1
1
1
1
1
1
1
1
1
1
1
1.01010101010101
1
1
1
1
1
1
1
1
1
0.98989898989899
1
1
1
1
1
1
1
1
1
1
1
1
1
1
1
1
1
1
1
1
1
1
1.29302987197724
1
1
1
1
1
1
1
1
1
1
1
1
1
1
1
1
1
1
1
1
1
1
1
1
1
1
1
1
1
1
1
1.27272727272727
1
1
1
1
1
1
1
1
1
1
1
1
1
1
1
1
1
1
1
1
1
1
1
1
1
1
1.11627906976744
1
1
1
1
1
1
1
1
1
1
1.04347826086957
1
1
1
1
1
1
1
1
1
1
1
1
1
1
1
1
1
1
1
1
1
1
1
1
1
1
1.11111111111111
1
1
1
1
1
1
1
1
1
1
1
1
1
1
1
1
1
1
1
1
1
1
1
1
1
1
1
1
1
1
1
1
1
1
1
1
1
1
1
1
1.01587301587302
0.857142857142857
1
1
1
1
1
1
1
1
1
1
1
1
1
1
1
1
1
1
1
1
1.13333333333333
1
1
1
1
1
1
1.11111111111111
1
1
1
1
1
1
1
1
1
1.00554528650647
1
1
1
1
1
1
1
1.07692307692308
1
1
1
1
1
1
1
1
1
1
1
1
1
1
1
1
1
1
1
1
1
1
1
1
1
1
1
1
1
1
1
1
1
1
1
1
1
1
1
1
1
1
1
1
1
1
1
1
1
1
1
1
1
1
1
1
1
1
1
1
1
1
1
1
1.16666666666667
1
1
1
1
1
1
1
1
1
1
1
1
1.01941747572816
1
1
1
1
1
1
1
1
1
1
1
1.30909090909091
1.18181818181818
1
1
1
1
1
1
1
1
1
1
1
1
1
1
1
1
1
1
1
1.05555555555556
1
1
1
1
1
1
1
1
1
1
1
1
1
1
1
1.14285714285714
1
1
1
1
1
1
1
1
1
1
1
1
1
1
1
1
1
1
1
1
1
1
1
1
1
1
1
1
1
1
1
1
1
1.34146341463415
1
1
1
1
1
1
1
1
1
1
1
1
1
1
1
1
1
1
1
1.02040816326531
1
1
1
1
1
1
1
1
1
1
1
1
1
1
1
1
1
1.09756097560976
1
1
1
1
1
1
1
1
1
1
1
1
1
1
1
1
1
1
1
1
1
1
1
1
1
1
1
1
1
1
1
1
1
1
1
1
1
1
1
1
1
1.04898648648649
1
1
1
1
1
1
1
1
1
1
1
1
1
1
1
1
1
1
1
1
1
1
1
1
1
1.01906158357771
1
1
1
0.939393939393939
1
1
1
1
1
0.977142857142857
1
1
1
1
1
1
1
1.05914099392849
1
1
1
1
1
1
0.975609756097561
1
1
1
1
1
1.07880910683012
1
1
1
1
1
1
1
1
1
1
1
1
1.02766798418972
1
1
1
1
1
1
1
1
1
1
1
1
1
1
1
1
1
1
1
1
1
1
1
1
1
1
1
1
1
1
1
1
1
1
1
1
1
1
1
1
1
1
1
1
1
1
1
1
1.13924050632911
1
1
1
1
1
1
1
1
1
1
1
1
1
1
1
1
1
1.18836712913554
1
1
1
1
1
1
1
1
1
1
1
1
1
1
1
1
1
1
1
1
1
1
1
1.15151515151515
1
1
1
1
1
1
1
1
1
1
1
1.09090909090909
1
1
1
1.03448275862069
1
1
1
1
1
1
1
1
1
1
1
1
1
1
1
1
1
1
1
1
1
1
1
1
1
1
1
1
1
1
1
1
1
1
1
1
1
1
1
1
1
1
0.96969696969697
1
1
1
1
1
1.0952380952381
1
1
1
1.125
1.10759493670886
1
1
1
1
1
1.11111111111111
1
1
1
1
1
1
1
1
1
1
1
1
1
1
1
1
1
1
1
1
1
1
1
1
1
0.988505747126437
1
1
1
1
1
1
1
1
1
1
1
1
1
1
1
1
1
1
1
1
1
1
1
1
1
1
1
1
1
1
1
1.04716981132075
1
1
1
1
1
1
1
1
1
1
1
1
1
1.42857142857143
1
1
1
1
1
1
1
1
1
1
1
1
1
1
1
1
1
1
1.0381679389313
1
1
1
1
1
1
1
1
1
1
0.9
1
1
1
1
1
1
1.26315789473684
1
1
1
1
1
1
1
1
1.06308340861186
1
1
1
1
1
1
1
1
1
1
1
1
1
1
1
1
1
1
1
1
1
1
1
1
1.21428571428571
1
1
1
1
1
1
0.949152542372881
1
1
1
1
1
1
1
1
1
1
1
1
1
1
1
1
1
1
1
1
1
1
1
1
1
1
1
1
1
1
1
1.2
1
1
1
1
1
1
1
1
1
1.1219512195122
1
1
1
1
1
1
1
1
1
1
1
1
1
1
1
1
1
1
1
1
1
1
1
1
1
1
1
1
1
1
1
1
1
1
1
1
1
1
1
1
1
1
1
1.17082487764116
1
1
1
1
1
1
1
1
1.04385964912281
1
1
1
1
1
1
1
1
1
1
1
1
1
1
1
1
1
1
1.09803921568627
1
1.07113821138211
1
1.04895104895105
1
1
1
1
1
1
1
1
1
1
1
1
1
1
1
1
1.10096485182633
1
1
1
1
1.0343661971831
1
1
1
1
1
1
1
1
1
1
1
1
1
1.03030303030303
1
1
1
1
1
1
1
1
1
1
1
1
1
1
1
1
1
1
1
1
1
1
1
1
1
1
1
1
1
1
1
1
1
1
1
1
1
1
1
1
1
1
1
1
1
1
1
0.962962962962963
1
1
1
1
1
1
1.20699708454811
1
1
1
1
1
1
1
1
1
1
1
1
1
1
1
1
1
1
1
1
1
1
1
1
1
1
1
1
1
1
1
1
1
1
1
1
1
1
1
1
1
1
1
1
1
1
1
1
1
1
1
1
1
1
1
1
1
1
1
1
1
1.48430066603235
1
1
1
1
1
0.857142857142857
1
1
1.01612903225806
1
1
1
1
1
1
1
1.1
1.02702702702703
1
1
1
1
1
1
1
1
1
1
1
1
1
1
1
1
1
1
1
1
1
1
1
1
1
1
1
1
1
1
1
1
1
1
1
1
1
1
1
1
1
1
1
1
1
1
1
1
1
1
1
1
1
1
1
1
1
1
1
1
1
1.02702702702703
1
1
1
1
1
1
1
1
1
1
1
1
1
1
1
1.14285714285714
1
1
1
1
1
1
1
1
1
1
1
1
1
1
1
1
1
1
1
1
1
1
1
1
1
1
1
1
1
1
1
1
1
1
1
1
1
1
1
1
1.05729166666667
1
1
1
1
1
1
1
1
1
1
1
1
1
1
1
1
1
1
1
1
1
1
1
1
1
1
1
1
1
1.03183856502242
1
1
1
1
1
1
1
1
1.06451612903226
1
1.05882352941176
1
1.01449275362319
1
1.29930394431555
1
1
1
1
1
1.12216748768473
1.10526315789474
1
1
1
1
1
1
1
1
1
1
1
1
1
1
1
1
1
1
1
1
1
1
1.17021276595745
1
1
1
1.25925925925926
1
1
1
1
1
1
1
1
1
1
1
1
1
1.125
1
1.28571428571429
1
1
1
1
1
1
1
1
1
1
1
1
1
1
1
1
1
1
1
1
1
1
1.25
1
1
1
1
1
1
1.21276595744681
1
1
1
1
1
1.09090909090909
1
1
1
1
1
1
1
1
1
1
1
1
1
1
1
1
1
1
1
1
1
1
1
1
1
1
1
1.05
1
1.11111111111111
1
1
1
1
1
1
1
1
1
1
1
1
1
1
1
1
1
1.13513513513514
1
1
1
1
1
1
1
1
1
1
1
1
1
1
1
1
1
1
1
1
1
1
1
1
1
1
1.07692307692308
1
1
1.11764705882353
1
1
1
1
1
1
1
1
1
1
1
1
1
1
1
1
1.14285714285714
1
1
1
1
1
1
1
1
1
1
1
1
1
1
1
1
1
1
1
1
1
1
1
0.957446808510638
1
1
1
1
1
1
1
1
1
1
1
1
1
1
1
1
1
1
1.06666666666667
1
1
1
1
1
1
1
1
1
1
1
1
1
1
1.06666666666667
1
1
1
1
1
1
1
1
1
1
1
1
1.11111111111111
1
1
1
1.08813928182807
1
1
1
1
1
1
1
1
1
1
1
1
1
1
1
1
1.10632693379261
1
1
1
1
1
1
1
1
1
1
1
1
1
1
1
1
1
1
1
1.19148936170213
1
1
1
1
1
1
1
1
1
1
1
1
1
1
1
1
1
1
1
1
1.16129032258065
1
1
1
1
1
1
1
1
1
1
1
1
1
1
1
1
1
1
1
1
1
1
1
1
1
1
1
1
1
1
1
1
1
1
1
1
1
1
1
1
1
1
1
1
1
1
1
1
1
1
1
1
1
1
1
1
1
1
1
1.05882352941176
1
1
1
0.965811965811966
1.16129032258065
1
1
1
1
1
1
1
1
1
1
1
1
1
1
1
1
1
1
1
1
1
1
1
1
1
1
1
1
1
1
1
1
1
1
1
1
1
1
1
1
1
1
1
1
1
1
1.09375
1
1
1
1
1
1.41369863013699
1
0.914285714285714
1
1
1
1
1
1.09677419354839
1
1
1
1
1
1
1.06849315068493
1
1
1
1
1
1.11111111111111
1
1.18721461187215
1
1
1
1
1
1
1
1
1
1
1
1
1
1
1
1
1
1
1
1
1
1
1
1.06666666666667
1
1
1
1
1
1
1
1
1
1
1.1
1
1
1
1.22448979591837
1
1
1
1
1
1
1
1
1
1
1
1
1.28065395095368
1
1
1
1.00719424460432
1
1
1
1
1
1
1
1
1
1
1.14207650273224
1
1
1
1
1
1
1
1
1
1
1
1.37987012987013
1
1
1
1
1
1
1
1
1
1
1
1
1
1
1
1
1
1
1
1
1
1
1
1
1
1
1
1
1
1
1.38297872340426
1
1
1
1.11428571428571
1
1
1
1
1
1
1
1
1
1
1
1
1
1
1
1
1
1
1
1
1
1
1
1
1
1
1
1
1
1
1
1
1
1
1.46551724137931
1
1
1
1
1
1
1
1
1
1
1
1
1
1
1
1
1
1
1
1
1
1
1
1
1.21597096188748
1
1
1
1
1
1
1
1
1
1.14285714285714
1
1
1
1
1
1
1
1
1
1
1
1
1
1
1.01351351351351
1
1
1
1
1
1
1
1
1
1
1
1
1
1
1
1.23529411764706
1
1
1
1
1
1
1
1
1
1
1
1
1
1
1
1
1
1
1
1
1
1
1
1
1
1
1
1
1
1
1
0.955271565495208
1
1
1
1
1
1
1
1
1
1
1
1
1
1
1
1.25
1
1
1
1
1
1
1
1
1
1
1
1
1
1
1
1
1
1
1
1
1
1
1
1
1
1
1
1
1
1
1
1
1.05
1
1
1
1
1
1
1
1
1
0.923076923076923
1
1.18032786885246
1
1
1
1
1
1
1
1
1
1
1
1
1
1
1
1
0.857142857142857
1
1
1
1
1
1
1
1
1
1
1
1
1
1
1
1
1
1
1
1
1
1
1
1.1377245508982
1
1
1
1
1
1
1
1
1.17647058823529
1
1
1
1
1
1
1
1
1
0.974358974358974
1
1
1
1.04798464491363
1
1
1
1
1.08490566037736
1
1.3617381489842
1
1
1
1
1
1
1
1
1
1.14689382921255
1
1
1
0.901960784313726
1
1
1
1
1
1
1
1
1
1
1
1
1
1
1
1
1
1
1
1
1
1
1
1
1
1
1
1
1
1
1
1
1
1
1
1
1
1
1
1
1
1
1
1
1
1
1
1
1
1
1
1
1
1
1
1
1
1
1
1
1
1
1
1
1
1
1
1
1.32233603831316
1
1
1
1
1
1
1
1
1
1
1
1
1
1
1
1
1
1
1
1
1
1.29186602870813
1
1
1
1
1
1
1.02040816326531
1
1
1
1
1
1
1
1
1
1
1
1
1
1
1
1.14285714285714
1
1
1.22177954847278
1
1
1
1
1
1
1
1
1
1
0.951841359773371
1
1
1
1
1
1
1
1
1
1
1
1
1
1
1
1
1
1.13657505285412
1
1
1
1.11475409836066
1
1
1
1
1
0.865384615384615
1
1
1
1
1
1
1.14285714285714
1
1
1
1
1
1
1
1
1
1
1
1
1
1
1
1
1.24444444444444
1
1
1
1
1
1
1
1
1
1
1
1
1
1
1
1
1
1
1
1.125
1
1
1
1.15789473684211
1
1
1
1
1
1
1
1
1
1
1
1
1
1
1
1
1
1
1
1.16666666666667
1
1
1
1
1
1
1
1
1
1.11111111111111
1
1
1
0.964285714285714
1
1.01789264413519
1
1
1
1
1
1
1
1
1
1
1.06501182033097
1
1
1
1
1
1
1
1
1
1
1
1.00840336134454
1
1
1
1
1
1
1
1
1
1
1
1
1
1
1
1
1
1
1
1.08661417322835
1
1
1
1
1
1
1
1
1
1
1
1
1
1
1
1
1
0.941176470588235
1
1
1
1.37219730941704
1.02837290098437
1.25
1.00862068965517
1
1
1
1.30316742081448
1
1
1
1
1
1
1
1
1
1
1
1
1
1
1
1
1
1
1
1.09090909090909
1
1
1
1.09090909090909
1
1
1
1
1
1
1
1
1
1
1
1
1
1
1
1
1
1
1
1
1
1
1.17391304347826
1
1
1
1
1
1
1
1
1
1
1
1
1
1
1
1
1
1.18181818181818
1
1
1
1
1
1
1
1
1
1
1
1
1
1
1.3972602739726
1
1
1
1
1
1
1
1.10344827586207
1
1.16759776536313
1
1
1
1
1
1.0625
1
1
1
1
1
1.11111111111111
1
1.17972350230415
1
1
1.15384615384615
1
1
0.769230769230769
1
1
1
1
1
1
1
1
1
1
1
1.27272727272727
1
1
1
1
1
1
1
1
1
1
1
1
1
1
1
1
1
1
1
1
1
1
1
1
0.788732394366197
1
1
1
1
1
1
1
1
1
1
1
1
1
1
1
1
1.04761904761905
1
1.09794988610478
1
1
1
1
1
1
1
1
1
1
1
1
1
1
1.06666666666667
1
1.02631578947368
1
1.09090909090909
1
1
1
1
1
1
1
1
1.2156862745098
1
1
1
0.882352941176471
1
1
1
1
1
1
1
1
1
1
1
1
1
1
1.26315789473684
1
1.1875
1
1
1
1
1.125
0.903225806451613
1
0.953947368421053
1
1
1
1
1
1
1
1.2
1
1
1
1.13223140495868
1
1.03703703703704
1
1
1
1
1
1
1.05250596658711
1
1
1
1
1
1
1
1
1.08037825059102
1
1
1
0.916363636363636
1
1
1
1
1
1.03010033444816
1
0.986842105263158
1.20652173913043
1
0.970588235294118
1
1
1
1
1
1
1
1.11111111111111
1.24038461538462
1
1
1
1
1
1
1
1
1
1
1
1
1
1
1.11111111111111
1
1
1
1.05882352941176
1
1
1
1
1
1
1
1
1
1.31446540880503
1
1
1
1
1
1
1
1
1
1
0.911764705882353
1
1
1
1
1
1
1
1
1
1.00869565217391
1
1
1
1
1
1
1
1
1
1
1
1
1
1
1.05095541401274
1
1
1
1
1
1
1
1
1
1.09803921568627
1
1
1
1
1
1
1
1
1
1
1
1
1
1
