1
1
1
0
0.125
1
0.0357142857142857
0.0245098039215686
1
0
0.932203389830508
0
0
0
1
0
0
0
0
0
0
0
0
0.275862068965517
1
1
1
0.0909090909090909
0.166666666666667
0
0
1
0.166666666666667
0
1
0
1
0.01
0
0
0
0
0
0.608695652173913
1
0
0
1
1
0
1
1
1
0
0
0
0
0
1
0.00302571860816944
0
0
0.0176678445229682
0.3625
1
0.8125
0.038961038961039
1
1
1
0
0.985074626865672
0
0.125
1
0
0
0.980582524271845
0
0
0.333333333333333
1
1
1
0
0
0
0.500544069640914
0.0408163265306122
0
0
1
1
0
1
0
0
0
0
0.5
0.5
1
0
1
0
0.35
1
0
0
0
1
1
0
0.25
0
1
1
0
1
0
1
0
1
0
0
0.441176470588235
1
1
0
0
0.5
1
0
0
0
1
0
0
0
1
0
0
0
0
1
0
1
0
1
1
0
1
0.0602409638554217
0.0263157894736842
0
0.018348623853211
0.2
0
0
0
1
0
0
1
1
1
1
0
1
0
1
1
1
0
0
0
0
0
0
0
0
0
0
0
0.00757575757575758
1
0
1
0
0
1
1
0
0
1
0
0.0588235294117647
0
1
0
0
1
0
0
0.0558375634517767
0
0
0.5
1
1
0
0
1
0
1
1
0
0.818181818181818
0.953271028037383
0
0
1
1
1
1
0
0
0
0
0
0
0
1
1
1
0
0
0
0
0.0232558139534884
1
0
0
0
1
1
1
0
0.736111111111111
0.333333333333333
0
0
0.361111111111111
0.948717948717949
0.0833333333333333
0
0
1
1
1
1
0
0.5
0
0.666666666666667
0
0
1
1
0
1
1
0
0
1
0
1
1
0
1
1
0
0
1
0
0
1
0
0
0
0
0
1
0
1
1
0
1
0
1
1
0
0
1
1
1
1
0
0
0.333333333333333
1
1
0.888888888888889
1
1
0
0
0
0.333333333333333
1
0
0
0
1
1
1
0
0
1
0
0
0.75
1
0
0
0
1
0
0
0
0
0
0
0
1
1
1
0
1
0.111111111111111
0
0
0
0.0625
1
0
0.0227272727272727
0
1
0
0.1
0.0263157894736842
0
0
0.966666666666667
0
1
1
1
0
0.75
1
0
1
0.123287671232877
0
0.9957805907173
0
0.0865384615384615
0
0
0
1
1
0.8
1
0
0.333333333333333
0
0
0
0
0.25
1
1
0
0.666666666666667
0
1
1
1
0
0
0
0
0
0
0
0.333333333333333
0
0.5
0
1
1
1
0
0.0666666666666667
0
1
1
0
0.05
0
0
1
1
0.142857142857143
0.142857142857143
1
0
0
0.166666666666667
0
1
0
0
0
0
1
1
1
0
1
0
1
0
0
1
0
0.125
0.996960486322188
0
1
0
0
0
0
0
0
1
0
0
1
1
1
0
0
1
0
0
1
0
0
1
1
0
0
0
1
0.0666666666666667
0
0
0.25
1
1
1
1
0
1
1
0
0.025
0.0555555555555556
0
0
1
0
0
0
0
0
1
0.5
1
0
0
0
0.346153846153846
1
0
0
1
0
1
1
1
0
1
0
0
0
1
1
0
0
1
0
1
0
0
0
0
1
0
0
0
0
0.00277777777777778
0
0.5
1
0
0
0
1
0
1
0
0
0
0
0
0
0
0
1
0
0
1
1
1
1
0
0
0
1
0
0
0
0
0
1
1
0.4
1
0
1
0
1
0.461538461538462
1
1
1
1
1
0.2
1
1
0.5
1
0.98780487804878
1
0
0
0
0
0
0.0105263157894737
0
0
0.1
0
0
0
1
0
1
0
0
1
0
0.5
1
1
0
1
0
0.5
0
0
1
0
0
1
0.856976744186047
0
0.333333333333333
0.333333333333333
0
0
1
0
1
1
0
1
1
0
0
0
0.5
0
1
0
0.85
0
1
1
0
0
0
0.1
1
1
0
0
1
1
0
1
0
1
0.166666666666667
0
0
1
0
0
1
1
1
0.1
0
1
0
1
1
1
0
0.25
0.0153846153846154
0
0.285714285714286
1
1
1
0
1
0.111111111111111
0
0
0
0
1
0
0
0
0
1
1
0
1
1
0
0
0
1
0
0
1
0
1
0
0
0.6
0.0833333333333333
0
0
0
0
1
0
0
1
1
0
0
1
1
0
1
0.139705882352941
0
0
0
0
0
1
0
1
1
0
0.5
0
1
0.04
1
0
1
0.025
0
1
1
1
1
0
1
0
0
0
1
0
0
0
0
0
0
0
0
1
0
0
0.461538461538462
1
0
0
0
1
0
0.782608695652174
1
0.5
1
0
1
0
1
1
0.111111111111111
0
0.0434782608695652
0
0
0
1
1
1
1
1
1
0
0
1
1
0
0.25
0
0
1
1
0
0
1
0.5
0.0526315789473684
1
0
0
0
0.5
1
0
0.03125
0
0
0.0214723926380368
0.666666666666667
0
0
1
1
0
0.5
1
1
0
0
0.666666666666667
0.967741935483871
1
1
0
0
1
1
0
0.0833333333333333
0
0
1
0
0
0
0.388888888888889
1
1
1
0
1
0
1
0
0
1
0
1
1
0
1
1
1
0
1
1
0.666666666666667
1
0.940520446096654
0.166666666666667
0
0
1
0
0
0
0
0
0
1
1
0
1
1
0
0
1
0.846153846153846
1
1
0
0
0
1
0
0
1
1
0
0
1
1
0
0
1
0
1
0
0
1
1
0
0.25
1
0
0.0666666666666667
1
0
1
0
0
0.666666666666667
1
1
0
1
0
1
1
0
0
0
0
1
0
0
0.8
0
0
1
0
1
0
0
1
0
1
0.8
0
0
0.333333333333333
1
0
0
0
0
0
1
0
1
0
0
0
1
1
0
0
1
0
0
0
0
1
1
1
1
1
1
0
0
0
0.5
0
1
0
1
0.142857142857143
0
1
0
0
0
1
1
0
0
0
1
0
0
1
0
1
0.0460251046025105
1
0
0
0
0
0
0
0
0
1
0.333333333333333
0.972222222222222
1
1
0.0114942528735632
1
1
0
1
0
1
1
0.1
1
0
0.5
0
1
0
0
1
0
1
0
0
0
0.0625
0.904761904761905
0
0
0
1
0
0
1
0
0
0
1
0
0.5
0
1
0
0
0
0
0
1
0
1
0
0
1
0
0
1
1
1
1
1
0
1
1
0
0
1
0
0.0307692307692308
1
0.5
1
1
0
0
0
1
0
1
1
0
0.4
1
1
0
0
1
0
0
0
0
1
1
0
0
0
1
0
0
0
0
0
0
0
0
0
0.0581039755351682
0
0.00467289719626168
0
1
0
1
0
0
0.5
0
1
0
1
0
0
1
1
0
0
1
0
0
0
1
0
0
0
0
0
1
1
0.0263157894736842
0
1
1
0
0
1
0
0
0.75
0
0.333333333333333
0
0
0
0
1
1
1
0
1
0
0
1
1
0
1
0
1
1
0
0
0
0.666666666666667
1
0
0
1
1
0
1
1
1
0
0
0
0
1
1
0
0
1
1
0
0
1
1
0
1
0.905797101449275
1
1
1
0.5
1
0
0
0
1
0
1
0.25
0
0
0
1
0.333333333333333
1
1
0.125
0
1
1
0.666666666666667
0
0
0
0
1
0
1
1
1
1
1
0.3
0
1
1
0
0
1
1
0.111111111111111
0.0909090909090909
1
1
0
0
1
0.5
0.25
1
0
1
0.0149122807017544
0
0
1
0
0.0434782608695652
1
1
0.96
0
1
0
0
0
1
0.0833333333333333
0
1
1
0
1
0
0
1
0
0
0
1
1
0.125
1
0.333333333333333
0
0.0909090909090909
1
1
0
0
0.0194174757281553
0
0
0
1
0
0
0
0
1
0.333333333333333
1
0.00273224043715847
1
1
1
0
0
0
0
1
0.833333333333333
0
1
1
0
1
0.714285714285714
0
0
0
0
1
0
0
1
0
1
1
1
0
1
1
0
0
0
0
1
0
0
0
1
0.5
1
1
1
0
1
0.333333333333333
0
0
0
1
1
0.75
0
1
0
0.133720930232558
1
0
1
0.0128205128205128
0.037037037037037
0.333333333333333
0
1
0
0.526315789473684
0
1
1
1
0
1
0
0
0
1
1
1
0
0
0
0
0
1
1
1
1
0
1
1
0
0
0
0
1
0.333333333333333
0
0.758620689655172
0
1
1
0
0
1
1
0
0
1
1
1
1
0.333333333333333
1
0
1
0
0
1
0.666666666666667
0.75
0
0
0
0
0
1
0
1
0.210526315789474
1
1
1
0
0
1
0
0
0.333333333333333
0
1
1
0
0
0
1
1
0
0
0.0882352941176471
0
0
0
0
0.25
0
1
0
0
0
0.666666666666667
0
0
0
1
0
1
0
1
0
0.5
0
1
1
1
0
0
1
0
0
0
0
0
1
0
0
1
1
1
1
1
0
1
1
1
0
0
1
0
0.0175438596491228
1
1
0.00508905852417303
0
0
0.5
1
0
0
1
1
0
1
1
1
0
0
1
0
0
0.5
1
0
1
0
0
0
0
0
0
0
0
0
0
1
1
0
0
1
1
0
0
0
0
0
0.5
0
0
0
0
0.2
1
0.666666666666667
0
0
0
0
0
1
1
1
0
0
0
1
0.00421940928270042
1
1
1
0
0
1
0
0
0.111111111111111
1
1
0
1
0
1
1
0
1
0
0
1
1
0
0
0
1
1
0.162790697674419
0
0
1
0
0
0
0
0.2
0.0593220338983051
0
0
0
1
0
0
1
1
0
0
0
0
1
1
0
1
1
1
0
0
0
1
0
0
1
0.0757575757575758
0
0
1
1
0
0
0
0
0
0
0
0.5
0
1
0
1
1
1
1
0.00434782608695652
1
0.00699300699300699
0.3
1
0
0.333333333333333
0
1
0
1
1
0
0
0
0
0
0
0
0
0
0
0
0
0
0
1
0
1
0
0
1
1
0
0
0
0
1
1
0
0
0
0
0.3
0
0
1
0.0649350649350649
1
0
0
1
1
0
0
1
1
0.5
0
1
0.75
1
0
0
1
0.5
0.333333333333333
1
0
0
0
1
1
0
0.4
1
0
1
0
0
0
0
0
0
0
0
0.5
1
0
0.75
0
0
1
0
1
1
1
0
1
0
1
1
1
0
0
0
1
0
1
1
0
0
1
0
1
1
0
0
0
1
1
0
0
0.166666666666667
1
0
0
0
1
0.333333333333333
0
0
0
1
0
1
0.004149377593361
0
1
0
1
1
0
0
0
0
1
0.0476190476190476
0
1
0
0.5
1
1
1
0
0
0
0
1
0
0
0
0
0
1
1
0.927536231884058
0
1
1
1
1
0
1
0
1
0
0
0.333333333333333
0
1
0
1
0
1
1
0
1
0
1
0
0.142857142857143
0
0
1
0
1
0
0
1
0
0
1
0
0
0
0
0
0
0
1
0
0
1
0.333333333333333
1
1
1
0
0
0
1
1
1
0
1
1
0
0
1
1
1
1
1
0.0258620689655172
0
0
1
1
0
1
0
0
1
0
1
0
1
1
0
0
0
1
1
0
1
1
1
1
1
0
1
0
1
1
1
0.0383386581469649
1
1
1
1
1
1
1
1
1
0
1
1
1
1
1
0.25
1
1
0
1
0
0
1
0
0
1
0
0
0
0.166666666666667
0.134328358208955
1
0
1
0.681818181818182
0
0
1
0
1
0
0
1
0
0.05
0
1
1
1
0
0
1
0
0
1
1
0
0
1
0
0
0
0
1
1
1
0
0
1
0
0
1
0
1
0
1
0
1
0
1
1
1
0
0
1
0
0
1
1
1
0
0
1
0
0
1
0
1
0
0
0
0
1
1
1
0
1
0
0
1
1
1
0
0
1
0
0
1
1
1
1
0
1
1
0.666666666666667
1
0
1
0
1
1
0
1
0
0
1
0
0
1
0
1
0
1
0
0
1
1
0
0
0
0
1
0
0.0540540540540541
0
0
1
1
1
0
1
0
1
0
1
1
0
0
1
0
0
0
0.142857142857143
0
1
0
1
1
0.333333333333333
0
0.0147783251231527
0
0
1
0
0
1
0
1
1
1
1
0.0833333333333333
0
1
0
1
0
1
1
0.0264550264550265
0
0.125
0
0
1
0
1
0
0
0
1
1
1
0
0
1
0
1
1
0
1
1
1
1
0
0
1
0
0
1
1
1
1
1
1
0
1
1
0
0
0
0.5
0
0
1
0.435185185185185
0
0
0
0
0
0
0
0
0
1
1
0.0102040816326531
0
0
1
0
0
0
0
0
1
0
0
0
1
0
1
1
0
0.00757575757575758
1
0
0
0
1
0.00873362445414847
0
1
0
0
1
0.2
1
0.5
1
1
1
1
0
1
0
1
0.588235294117647
1
0
0
0
0.5
1
0.333333333333333
1
1
0
1
0
0
0
0
0.666666666666667
0
1
0.333333333333333
1
0
1
0
0
0.333333333333333
0
1
0
0
1
1
0
1
1
0
0.909090909090909
1
1
1
1
0
1
0.5
0
1
0
1
1
1
1
1
0
1
0
0
0
1
1
0
1
0
1
1
1
0
0
1
1
0
1
0
0
0
1
0
0
1
0
1
0
0
1
1
1
1
1
1
1
0
0
1
0
1
0
0
1
1
0.5
1
0
1
0.0444444444444444
1
0
0
0
0.990196078431373
0.75
0
1
0
0
0
1
0.166666666666667
0
0
0
1
0.914285714285714
0
1
0
1
0
0
0
0
0
0
1
0.333333333333333
1
1
1
0
1
0
0
1
1
0
0.0833333333333333
0
0
1
0
1
0
1
1
0
0
0
0.142857142857143
0
0
0.321428571428571
0
0
0
0
0
0
1
1
0
1
1
1
0
1
0.333333333333333
0
0
0
0
0
0
1
0
0
1
1
1
0
0
0
0
1
0.111111111111111
1
0
1
0
0
0
0
0.1
0
1
1
0
0
0
1
0
0
1
1
1
0
0
0
0
0
1
0
0.5
1
0
0
0.5
1
1
1
1
0
0
0
1
1
0
1
1
0
0
0.5
1
1
0
0
0
1
1
0
0
0
1
1
1
1
1
0
0
1
0
0
1
0
1
0.2
0.0909090909090909
0
1
0
1
1
0
1
0
0
0
1
0
1
0
0.285714285714286
0
1
0
1
1
1
0
1
1
0
0
1
1
0.166666666666667
1
0
0
0
0
0
0
0
0
0
1
1
1
0
1
0
0
0
0
1
1
1
1
0
1
0.25
0
0
1
0.5
0
0
0
1
1
0
0
0.0625
0
1
0
0
0
1
0.25
0.032258064516129
0
0
1
1
1
1
1
0
0
0.333333333333333
0
0.0208333333333333
0
0
1
1
1
0
0
0
0.166666666666667
0
1
0
0
0
0
0
1
1
0
0
0
0
0
0
0.5
1
1
0.5
0.5
1
1
0
1
0
1
1
0
0.333333333333333
0
0
0.285714285714286
1
0
1
0
1
0
0
1
0
0
1
0
1
0.5
1
1
1
1
0
0.0802348336594912
1
0.4
1
0
0.00980392156862745
0
0
1
0
1
1
1
0
1
1
0
0
1
1
0.333333333333333
1
1
0.5
1
0
1
0
0
0
0.4
1
1
0.333333333333333
0
0
0
0
1
0.5
1
1
1
1
0.974137931034483
0
1
1
0
1
1
1
0.00103950103950104
0.00025706940874036
0
1
1
0
1
1
0
1
0
1
0
1
0
0
0
0
1
1
1
0
1
1
0
1
0
0
1
0
0
0
0
0
1
1
1
0
0.0246913580246914
0
0
0
0
0
0
0
0
1
1
1
1
0
1
0
0
0
0
1
0
0
0
0
0
0
0
0
1
0.5
0
1
0.166666666666667
0
1
0
1
1
1
0
0.123359580052493
0
0.5
1
1
0.2
0.00422832980972516
0.5
1
0
0
0
0
0
1
1
0
1
0
0
0
1
1
0
1
0
0
0
0
1
1
0.092436974789916
1
0
0
1
1
1
1
1
1
0
0
0.5
0
0
0
1
0
0
1
0
0.0625
1
0
1
0.857142857142857
1
1
0
1
0.25
0
0
0
0
0
0
1
0.2
1
0
0
1
1
0
1
1
1
1
0
1
1
0
0
0
1
1
0
0
0
0
1
0
0
1
1
1
0
1
0
0
0
0
0
0
1
1
0
0
1
0
0
0
1
1
0
1
0
0
0
1
1
0
1
0
0
1
1
0
1
0
1
1
0
0
0
1
0
0
1
1
0.25
0
0
1
1
1
0
0.5
1
1
0
0
1
0
0
0
0
1
0.5
0.5
1
1
1
1
1
1
0
0
0
0
0
0
0
1
0
0
1
0
1
0
1
1
0
1
0
0
1
1
0
0.285714285714286
0
1
0
0.666666666666667
1
0
0
0
1
0
0
0
1
0
0
1
1
1
0
0
0
0
0
0
0
1
1
0
0
1
0
0.25
0
1
1
0
1
1
0.5
0
0
0
0
1
0.5
0
0
1
1
0
0.142857142857143
0
1
0
1
1
0
1
0
0
0
0
1
1
1
0
0
0
0
0
0
1
0
0
1
1
0
1
0.333333333333333
0.333333333333333
1
0
0.666666666666667
0.0675675675675676
1
0
0
0
0
0
0.5
1
1
0
0
0.5
0.5
0
1
0.583333333333333
1
0
1
0
1
0
0
0
0
0
0
1
0
1
0
1
1
1
0
1
0
1
1
0
0
1
0.0105263157894737
1
1
1
0
1
0.333333333333333
1
1
1
0
0
0
0
1
0
0
0
1
0.25
0
0
1
0
0
0
0.125
0
0
1
1
0.5
0
1
0
1
1
0
0
0.5
0
0
1
1
0
0
0
1
1
0
0
1
0.5
1
0
0.5
0
0
1
0.5
1
0
1
0
0
0
1
1
1
0
1
0
0
0
1
0
0
0
1
0.0029940119760479
0
0
1
1
0.5
0
1
0
1
1
0
1
0
1
1
0
1
0
0
0
1
0
0
0.5
0
1
0
0
1
0
1
0
0
1
1
0.995740149094782
0
0
1
1
1
0
0
1
1
0
0
1
1
0
1
1
0.5
0.5
0
1
1
0
1
0
1
1
1
0
1
1
0
1
1
0
0
1
0
1
0.25
0
1
1
0
0
1
0
1
1
0
0
1
0.333333333333333
0.305555555555556
0.0117647058823529
0
0
1
0
0
1
0
0
1
1
1
0
1
1
1
0
0
0
1
1
1
0
1
1
0
1
1
1
1
0
0
1
1
0
1
0
0
0
0
0
0
0
0
0
1
0.333333333333333
1
0
0
0
1
0.2
1
1
1
1
0
0
1
0
0
1
0.333333333333333
1
1
1
0.5
1
0.5
0
0
1
1
1
0
0
0
1
1
1
0
0
1
1
0
0
1
1
1
0
1
0.982758620689655
1
1
1
1
0
0
0
1
1
1
0
0
0
0.882352941176471
0
0
0
0
0.5
0
0
1
0
0.8
1
0.5
1
1
1
1
1
0
1
0
0
1
0.5
1
0.252873563218391
0
1
0
0.25
0
0
0
0
0
1
0.00166666666666667
1
0.029126213592233
0
0
1
0
0.166666666666667
1
0
1
0
0
1
1
0
0
1
1
1
0
0
0
0
1
1
1
1
0.0728862973760933
1
0
1
1
1
1
1
0
1
0
0
0
1
1
0
0
0
1
1
0
0
1
0
0
0.5
1
0.0220994475138122
1
1
0
0
1
1
0
0
0.0217391304347826
0
1
0.28
1
1
0
1
0
1
0.25
1
0
0
0
0
0
0
0
0
0
0
0.5
0.80952380952381
0
0
1
1
1
0
0
0
0
0
0
0
0
0
1
0
1
0
0
1
1
1
0
0
0
0
1
0.00144508670520231
1
0
1
1
1
0.333333333333333
0
1
0.0277536860364267
1
1
1
1
1
0
0
1
0
0
0
0
0
1
1
1
0
0
0
0
1
0
0
1
0
0
1
0
0
0
1
0
0
0
0.0266666666666667
0.00683760683760684
0
1
0
0
0.872340425531915
1
1
1
1
1
0
1
0
0
1
1
1
0
0
0
1
1
1
0
1
0
0.5
0
1
1
0
0
0
1
0
0
0
1
1
0
1
0
0
0.333333333333333
0
1
1
1
0
0
1
0
0.2
1
0
1
0
0
0.0769230769230769
0
0
0
1
1
0
1
0
1
0
1
0
1
1
0
0
0
0
1
0
0
1
0
0
0
1
1
0
0.2
0.024
0
1
1
1
1
1
0
1
0
0
0
0
0
1
0
0
0.979591836734694
1
0
0
0
1
1
0
1
0
1
1
0.00934579439252336
1
0
0
1
1
1
0
1
1
0
1
0
1
1
1
0
0
1
1
1
1
1
0.597315436241611
0
0
1
1
0
1
0
0
0
1
0.764705882352941
1
1
0
0
0
1
1
0.5
0
1
1
1
0
1
0
0
1
1
1
1
0
1
0
0
1
1
0
0
1
0
0
0
1
1
1
1
0
1
1
0
1
1
1
1
1
0
1
1
1
1
1
1
1
0
0
0.25
0
1
1
1
0
1
0
0
1
1
1
0
0
1
1
1
0
1
0
0
1
0
0.0721649484536082
0
0
1
1
0
1
0
0.2
0
0
1
0
0
0
1
1
0
0
0.0072992700729927
1
1
0
0
1
1
0
0
0
0
0
1
1
0.0416272469252602
0
0.333333333333333
1
1
0
0
1
1
0
1
0
0.166666666666667
1
0
0
0
1
1
0
0.333333333333333
0
0
1
0
0
1
1
0
1
0
0.037037037037037
1
1
1
1
1
0
1
1
0
0.125
0
1
1
0
0
0
1
1
1
0
1
0
1
0
0
1
0
0
1
1
1
1
0
0
0.98943661971831
0.00740740740740741
0
1
1
0
0
1
0
0
1
0
0
1
1
0.5
0
0
1
1
0
0
1
1
1
1
0
1
0
1
1
0.25
1
1
1
0
1
0
0.000334840113845639
0
1
0.0728241563055062
1
0.5
0
1
0
1
0
0
1
1
1
1
0
0
1
0
1
0
1
0
1
0
1
1
1
0
0
1
1
0
1
0
1
1
1
0
0
1
0
1
0
1
1
0
1
0.516483516483517
0
0
1
0
0
0
0
0
0
1
0
1
1
0.5
0
0
0
1
0
1
0.0327868852459016
1
0.142857142857143
0
0
1
1
1
0
0
0
1
0
0
0
0
0
0
0
0
0
0
1
0
1
1
1
0.5
0
0
1
1
0
0.5
1
0
1
0.96551724137931
0
1
1
0
1
0
1
0
0.25
0
1
0
1
1
1
0
0
1
1
1
0
0
1
0
0
0
0.5
0
0
0.5
1
0
0
1
1
0
1
0
1
0
1
0
0
0
0.5
0
1
1
1
1
1
1
1
1
0
1
0
0
1
0.5
1
0
1
1
1
1
1
0
0
1
0
0
1
0
0
1
1
0
0
1
0
1
0
0
1
0
1
0
1
1
0
1
1
0
0
1
0
0
1
1
1
0
0.8
0.5
0
1
0
1
0.0512820512820513
1
0
0
1
1
1
1
0
0
0
1
0
0
0
0.5
0
1
0
0
0.0277777777777778
0
0
0.0072992700729927
0
0
1
0
0
1
1
0
1
0
1
0.2
0
0
1
1
0
0
0
0
0
0
0
1
0
0
1
1
0
0
0
1
0
1
0
1
1
0
1
0
0
1
1
1
1
0
1
0.9
0
1
1
1
0
1
0
0
0
1
0
1
1
1
1
0
0
1
0.5
0
0
1
1
1
1
0
0
0
0
1
0
0
0
1
0
0
0
1
0
1
0
0
1
0.5
1
0
1
0
0
0
0
0
0
1
0
0.20353982300885
1
0
1
0
0
1
0
0
0
0
0
0
0
0.00833333333333333
1
1
1
0
1
0
0
1
1
1
0
1
0
0
0
0
0.00550964187327824
0.5
0
1
1
1
1
0
1
0
1
0
0
1
0
1
1
0
1
0
0
0.962304627643273
0
1
1
1
0.951338199513382
0
0
1
0
0.0333333333333333
0
1
0.0277777777777778
1
1
1
0
0
0
1
0
0
0
1
0
0
0
1
1
1
0
0
0
0
1
1
0
0
0
0
0
0
0.2
0
0
1
0
0
1
0
1
0.25
0
1
1
0
0
1
0
1
1
1
0.5
0
0
0.25
1
0
1
1
0
0
1
0
0
1
0
0
1
1
0
0
1
0
1
1
0
0
0
1
1
1
0
0.5
1
0
0
0
0.5
1
0
0
1
0
0.666666666666667
0
0
1
1
0
1
1
0
1
0.5
0
1
1
0
1
1
0
1
1
0
1
0
1
0.5
1
1
1
1
1
0.375
0
0
0
0
0
0
1
1
1
0
0
1
1
0
1
0
0
1
0
0
0
1
0.333333333333333
0
0
0
0
0
1
0
1
0
1
1
1
1
0
1
1
0.6
1
0
0
1
0
0
1
0
0
0
0
1
1
0
0
0
0
0
0
0
0
1
0
0
0
1
1
0.5
0
1
0
1
0
0
0
1
0
0
1
1
0
0
0
1
1
1
0
1
1
0
0
1
0
0
0
0
0
1
0
1
0
0
0
1
0
0
0
0
1
0
1
0
0
0.5
0
0
0
0
0
1
0
1
1
0
0
1
1
1
1
0
0
0
0
0.142857142857143
0
1
0
1
0
1
1
1
0
1
0
1
1
0
0
0
0
1
0
0
1
0
1
0.0142857142857143
1
0
1
0
1
0
1
0
0.0117647058823529
1
0
0
1
0
0
0
1
0
0
1
0.5
0
1
1
1
1
0
0
0
0
1
0
0
1
1
1
1
1
1
1
0.75
0
0
0
1
0
0
0
1
1
1
0.175675675675676
0.363636363636364
1
1
1
0
1
0
0
0
0
1
1
0
0
0
0
1
0
0
0.02
0
0
1
0
1
1
0.99
0
0
0.5
1
0
0
0.5
1
0
0
1
0
0
0
1
0.5
0
1
0
0.00124223602484472
0
0
0
0
0
1
0
0.909090909090909
0.776119402985075
0
0
0
0
0
0
1
0
1
0.02
0
0
0
0
0
0
0
0
1
0
0
0
1
0.0416666666666667
0
1
0
1
1
1
0
1
1
1
0
0
0
0
1
1
1
0
1
0
0
0
0
1
0
1
0
0
0
1
0
0
0
0
1
0
0
1
1
0
1
0.2
1
0.5
1
1
0
1
1
0
1
1
0
0
0
0
1
1
0
0
1
1
0
0
1
0
1
0
0
0
0
0
1
0
1
0
0
0
1
0
1
0.5
1
0
0
1
1
1
0.615384615384615
1
0.00401203610832497
1
0
1
0
0.0454545454545455
1
1
0
1
0
0
1
0.666666666666667
0.5
1
0
1
0
0
0.0272727272727273
1
1
0
1
1
1
1
0
1
0.12992125984252
1
0
1
0
0
1
1
1
0.666666666666667
1
0
1
0
1
1
1
0
0
1
0
0
0
0
0
1
0.111111111111111
0
1
0
1
0
1
1
0
1
1
0.5
0.0909090909090909
0
0
0
1
1
0
0
1
0
0.00135961930659415
0
0
0
0.0125
1
0.111801242236025
0.0036101083032491
1
1
0
0
0
1
0
0
1
0
0
0
0.571428571428571
0
0
1
0
1
0
0
1
1
0
1
1
0
1
0
0
1
1
1
1
0
1
0
0
1
0
1
0
0
1
0
1
0
0
0
0
0
1
0.0344827586206897
0
1
1
1
1
1
1
1
1
0.00813008130081301
0
1
0
0
0
0
0.0072463768115942
0
0
0
1
1
1
1
0
1
0
1
1
0
0
1
0
0
0
1
0
0
1
1
1
0
0
0
1
0
0
1
1
0.5
1
1
0
0
0
1
1
0
1
1
0.5
0.909090909090909
1
1
0
0
1
1
1
0
1
0.2
0
0
1
0
1
1
1
1
1
1
1
1
0
0.5
1
0
0
0
0
0
0
1
1
1
0.0632911392405063
0.99630314232902
1
0
0
1
0
1
0
1
1
0
0
0
0
0
0
0
0
1
0
0
0
0
1
0
1
0
0
1
0
1
1
0.990384615384615
0
0
1
0
0
1
0
1
1
0.0077720207253886
1
0
0
1
0.5
0
1
0
0
0
0
0
1
1
0
0
0
0
0
1
0.333333333333333
0
1
1
0
0
1
1
0
0.142857142857143
0
1
0
1
1
0
1
0
0
0
0
0
1
0
0.0538793103448276
0.333333333333333
0
1
1
0
1
0
0
0
1
0
0
0
0
1
1
1
1
0
1
1
1
1
1
0
0
0
0
0.5
0.0454545454545455
1
1
0
0
0
0
0
0
0
1
1
0
1
0
0
0.2
0
0
0.5
0
0
1
0
0
0
0.00280112044817927
1
1
1
1
0
0
1
0
0
0
1
0
0
0
1
0
0
0
1
0
0
1
0
0.5
1
1
1
1
1
0
1
1
0
0
0
0
0
0
0
1
1
0
1
1
1
1
0
0.176470588235294
1
0
0
1
1
1
0
0
1
0
0
0
0
0
1
1
1
1
1
0
1
0
1
0
0
1
1
1
0
0
0
0
1
0
1
0
1
0
0
0
0
1
0
0
1
1
1
0
1
0
0
0
0
1
1
0.714285714285714
0
1
0
0
0
0
0
1
0
0
1
0
1
1
1
1
1
1
0
0
1
0
0
1
1
0
0
0
0
0
1
0
1
1
0
0
1
1
0
0
0.5
0
1
0
1
0
0
0
1
1
0
0.142857142857143
0
1
1
0
0
0.0132450331125828
0
0
1
0
1
0.5
0.125
0
0
0
1
0
0
0
0
1
1
0.111111111111111
0
1
0
0
1
1
0
0
0
1
0.983960774536691
0
1
0.5
0
0
0
1
0
0
0
0
1
0
0.0305263157894737
0
1
1
1
1
0
0
0
0
0
0
0
0
1
0
0
0
0
0
1
0
1
1
0
1
0
0
1
0
0
0
1
1
0
1
1
1
1
0
1
1
0.333333333333333
0
1
1
1
1
0
0
0
1
0
0
0
0
1
1
0
1
0
0
1
1
0
1
0
1
1
0
0
1
0
1
1
1
1
0
1
1
1
1
0
0
0
0.01953125
0
1
1
0
1
1
1
0
1
0.428571428571429
0.5
1
1
0
1
0.4
0
0
0
0.5
1
1
0
0
1
0
1
0
0
0
1
1
0
1
1
1
0
0
0
1
0
1
1
1
1
1
1
0
0
0
1
1
1
1
1
1
0
0
0
0
0
0
1
1
1
0
1
0
0
1
1
0.5
1
0
1
0
0
0
1
1
1
0
0
0
0
0
0
0
0
0
0
0
1
0
1
1
1
1
0
0
0.0188841201716738
1
1
1
0
1
1
0
0
0
0.5
1
1
0
0
1
1
0
0
0
0
0
0
0
0
0
0
1
0
1
1
1
1
1
0
0.629166666666667
1
0
1
0
1
0
0
0
0
0
0
1
1
0
1
0
0
0
0.00609756097560976
1
1
0
0
0
1
0
0
1
0
0
0
1
0
0
0
1
1
1
0
1
0
0.139685476410731
0
1
1
0
1
0.962962962962963
0.907407407407407
1
0
1
0
1
0.762114537444934
1
0
1
0
0
0
0
0
1
0
0
0
1
0
0
0
1
0
1
0
0.956521739130435
1
0
1
1
0
0
0.1
0
1
0
1
1
1
1
0
0
0
0
0
1
0
1
0
0
0
1
0
0
0
1
1
1
0
0
1
0
1
0
0
1
1
0
1
0
0
0
1
1
0
1
1
0
1
0
0
1
1
0
0
0.333333333333333
0
1
1
0
1
1
0
0
0
0
1
1
0
1
1
0
0
0
0.333333333333333
0
0
1
1
0
0
1
0
0
0
0
0
0
1
1
0
1
0
0
0
1
0
0
0.100890207715134
0
0
0
1
0
0
0
0
0
0
1
1
0.5
0
0.2
0
0
1
1
1
0
1
1
1
0.5
0
0
0
0
0
1
0
0
0
1
1
1
1
0
0
0
1
0.493333333333333
0
0
0
0
0
1
0
1
0
1
1
1
0
0
1
0
0
0
0
1
0
0
1
0
0
0
1
1
1
0.0056980056980057
0
0
0
0
1
1
0.5
0
0
0.5
0
1
0
1
1
1
0
0
1
0
0
1
0.5
1
0.673333333333333
0
0
1
0.00909090909090909
0
1
0
0
1
0
0
0
0
1
0
1
0
1
1
0
0
0
0
1
1
1
1
0
1
0
0
0
0
1
0
0
0.5
0
1
1
1
1
1
0
1
0
1
0
0
1
0
0
1
0
0
1
1
0
0.5
0
1
0
1
0
0
0
0
0
1
0.369565217391304
1
0
0
1
0
0
0
1
1
0.0256410256410256
1
1
0
0
0
0.5
1
0
0
1
0
1
0.0816326530612245
1
1
1
0
0
0
1
1
0.125
0
0.5
1
0
1
1
0
0
1
0.0833333333333333
1
0
1
0
1
1
1
0
0
0
1
0
1
0.25
0
0
1
0
1
0
0
0
1
0.727272727272727
0
1
1
0
0
0
0
0
0
1
1
1
1
1
1
0
1
1
1
1
1
1
1
0
0
1
0
1
0
0
1
0
1
1
0
0
1
0
0
1
0
0
0
1
0
0
0
0
1
1
1
1
1
0
0
0
1
0.939393939393939
0
0
0
1
0
0
1
0
1
1
0
1
1
0
0
1
1
0
0
1
0
0
1
1
1
1
1
0
0
0
0
1
1
1
0
1
0
0
0.333333333333333
1
1
1
1
0
1
0
0
0
0
1
1
1
1
1
0
0.976744186046512
1
0
0
0.0689655172413793
0
1
0
1
1
1
1
0
1
0
0
1
1
0
1
0
0
1
1
1
1
1
1
0
0
0.0138888888888889
1
0
1
1
1
1
1
0
0
0
0
0
1
0.653846153846154
1
1
1
1
0
1
0
1
0
0
0.666666666666667
0
1
1
1
1
0
0
1
1
1
0
0
1
0
1
1
0
0
0
0
1
0
0
1
1
0
1
0
0
0
0
1
0
0
0
1
0
1
0
1
1
0.0178571428571429
0
0
0
0
1
1
0
1
0
1
0
1
1
1
0
0
0
1
0
0
1
1
1
0
0
0.0555555555555556
1
0
0
0
0
0
0
0
0
0
0
1
0
0
0
1
0
0
0
0
1
1
0
0
0.5
1
0
1
1
0.094017094017094
0
0
0
0
0
1
0
1
1
1
0
1
1
0.5
1
0
0
0
0
0
1
0
1
0
1
1
0
1
0
0
0
1
1
0
0
0
0.333333333333333
1
0
0
0
0
0
1
0
0
1
1
1
1
0
1
1
0
0
1
1
1
0
1
0.00134952766531714
0
1
0
0
1
0
0
0
0
0
0
1
0
1
1
1
1
0
0
1
0
0
1
1
0
1
0
0
1
1
0
1
0
0
1
0
0
0
1
1
1
1
1
0.5
0.0454545454545455
1
0
1
1
0
1
0
0
1
0.00495049504950495
1
0
1
1
0
0
1
0
1
1
1
1
0
0
0
0.625
0
1
0
1
1
0
1
1
1
1
1
0
1
0
0
0
0
0
1
1
1
0
0
0.0158730158730159
0
1
1
1
0
1
0
0
1
1
0
1
1
1
0
0
0
1
1
0
1
1
0
0
0
0
1
1
1
0
0
0
0.333333333333333
0
0
0
0
1
0
1
0
0.333333333333333
0
1
0
1
0
0
1
0
1
1
1
1
1
0
1
0
0
0.666666666666667
1
0
0
0
1
0
0
0
1
0
0
0
1
1
1
0
1
1
0
0
0
0
1
0
0
1
0.990909090909091
0
0
1
1
0
0
0
0
1
0
0
1
1
1
0
0
1
0
0
1
0
0
0
0
0
1
0
1
1
0
0
0
0
0
1
0
0
1
1
1
0
1
0
1
0
1
0
1
0
0
0
1
1
1
0
1
0
1
0
1
0
0
0
0
0
0
0
0
0
0
1
1
1
0
0.00425531914893617
1
0
0
0
0
0
0
1
0
1
0.106719367588933
1
0
1
1
0
1
1
0
1
1
1
0
0
0.120481927710843
0
1
0
1
1
0
0
0.0416666666666667
1
1
0
0
1
1
0
0.991525423728814
0
0.5
0
0
0
0
0
1
0
1
0
0.000997008973080758
1
1
1
0
0
1
0
1
0
1
1
1
0
1
0
0
0
0
1
0
0
0
0
1
0
0
1
0
0
1
1
1
1
0
0.0555555555555556
1
1
0.733333333333333
0
0
0
0
0
0
1
1
0
0
1
0.00224719101123596
0
1
0.5
1
0.25
1
0
0
1
0
0
0
1
1
1
0
1
0
1
0
0.992771084337349
0
0
0
1
0
0
0
0
0
0
1
0
1
0
1
1
1
0.0132450331125828
0
0
1
0
0
1
0
1
0
0
1
0
0
0
1
1
1
0
1
0
0
0
1
1
1
0
1
1
0
1
0
0
1
1
0.00359066427289048
0
0
1
0
0
0
0
1
1
0
0
1
0
0
1
0
1
1
0
1
1
1
0
0
1
1
1
1
0
0
0
1
1
0
1
1
1
0
0
0
1
0
0
0.777777777777778
0.264705882352941
0
0
1
0
0
1
0
0
0
0
0
0
0
0
1
1
0
0
1
0
0
0
1
1
1
0
0
0
1
0
1
0
1
1
1
1
1
1
1
1
0.00605726872246696
0
1
1
1
1
1
1
0
0
1
1
0
1
1
1
0.997973657548126
0
0
1
1
1
0
1
1
0
1
1
0
0
1
1
1
0
0
1
0.153846153846154
1
0
0.0414847161572052
1
0
0
1
0.0138888888888889
0
0.5
1
0
1
0
0
1
1
0
0
0
0
0
1
1
1
1
0
0
0
0
0
0
0
1
0
0
0
0
0
1
0
1
0
0
0.019047619047619
0
0
0
0
0
0
1
0
0
0
1
0
1
1
1
1
1
1
0
1
1
1
0
0.0851063829787234
1
0
0
1
1
1
0
0
1
0
0
1
1
0
0
1
0
0
0
0
0
0
1
0
1
1
0
0
0
1
0
1
0
0
1
0
0
1
0
0
1
0.5
0
0
1
0
0
1
1
0
0
1
0
1
0
0
1
0
1
0
0
1
0
0
0
0
0
1
1
0
1
0
1
1
0
0
1
0
0
0.875
0
1
0
0
0
0
0
0
0
0
0
1
0
1
0
0
1
1
1
1
0
1
0
0
0
0
0
0
1
0
0
0
1
1
0
0
0
0
0
0
0
1
0
1
0
1
0
0
0
0
1
1
0
0
0
1
1
1
0
1
0
0
0
0
0
0
1
0
0
1
1
0
0
1
1
1
0.333333333333333
0
1
0
0
0
0
1
0
1
1
1
0
1
1
1
0
1
1
0
0
1
0
1
1
1
0.7
0
1
0
1
0
0.5
0
1
0
0
0
0
0
0
0
0
0
0
0.0384615384615385
0
1
0
1
0
0
1
0
0
1
0
0
1
1
1
0
0
0
0.00442477876106195
1
0
0
1
0
0
0
0
0
0
0
0
0
0
1
1
1
1
0
1
1
0
0
0
0
1
0
0
1
1
1
0.937931034482759
0
0
1
1
0.00101419878296146
1
1
1
0
0
0
0
0
0
0
0
1
1
0
1
1
1
0
0
0
0
1
1
1
0
1
1
0
1
0
1
1
0
0
1
1
0
0
0
0
1
0
0.0121951219512195
0.5
1
0
0
0
0
0
0
0
1
0
1
1
0.5
1
0
0
0.00290697674418605
0
0
0
0
1
1
1
0
0
0
0.444444444444444
1
0
1
0
1
0
0
1
1
1
0
1
1
0
0
1
0
0
1
1
1
1
1
0
0.571428571428571
1
0
0
1
1
1
1
0
0
0
1
0
1
0
1
0
0
0
1
1
1
0
0
1
0
0
0
0
0
1
1
1
0
0
0
1
1
1
0
0
0
0
0
0
1
1
1
0
0
1
1
1
1
1
1
0
1
0
0
1
1
1
0
0
0
0
0
0
1
0
1
0
0
0
1
1
0
1
0
0.857142857142857
1
0
1
0
0
0
1
0
1
0
0
1
1
0
0
0
1
0
1
0.5
1
0
0
1
0
0
0
1
0
1
0
1
1
1
1
0
0
0
1
1
1
0.5
0
1
0.54375
0
0
0
1
1
0
0
0
0
0
0
1
1
1
1
1
1
0
1
0
1
0
1
1
0
0
1
1
0
0
0
0
1
1
1
1
0.666666666666667
1
0
1
1
1
0
1
0
0
0
1
0
1
1
0
1
0
0
0
1
1
1
0
0.985645933014354
1
1
0
1
0
1
0
0.00368098159509202
0
1
0.954545454545455
1
1
1
1
1
1
0
0
1
1
0
0
1
1
0
1
1
0
1
1
1
1
1
0.5
0
0
1
0
1
0
1
0
0
0
1
1
0
1
0.0526315789473684
0
1
0
0
1
0.0348837209302326
0
0
0
0
1
0
1
0
1
1
1
0
0
1
1
0
0
1
0
1
1
1
0
0
0
0
1
1
0
0
0
0
0
1
0
1
0
0
0
0
0
0
0
0
0
1
0.5
0
0
1
0
1
0
1
0
1
1
0
0
0
1
0
1
0
0
1
0
0
0
0
1
0
1
1
0
1
0
1
0
1
0
0
1
1
0.333333333333333
0
1
1
1
0.0232558139534884
0
0
0.0654205607476635
0
1
0
1
0
0
0
1
1
1
0
0
0
1
0
0.322033898305085
0
0
0
1
0
0
0.36734693877551
1
1
0
0
0
1
1
0
0
0
1
1
0
0
1
0
0
0
1
1
0
0
1
1
1
0.00987654320987654
0
0
1
1
1
0.84375
0
0
0
0
1
1
0
0
1
0
0
0.5
0
1
1
0
0
0
1
0
1
1
0
1
1
1
0
0
0.0683544303797468
1
0
0
1
0
0
0
1
0
1
1
1
1
1
0
1
1
1
0
0
0
0.915492957746479
1
0
1
1
1
1
1
0
1
0
1
0
1
0
0.872727272727273
1
0
1
1
1
0
0
1
1
0.991379310344828
1
0
1
0
0
1
1
0
0
1
1
1
0
1
0
0
0
1
0.0132450331125828
1
1
0
1
1
0
0
0
0
0
0
0
0.333333333333333
1
0
1
0
0
1
0
0
0
0
1
0
0
0
0
1
0
1
0
1
0
1
1
0
0
1
1
0
0
0
0
0
0
0
0
1
0
1
0
1
1
1
1
1
0
0
1
0
1
0
1
1
0
0
1
1
1
1
1
0
1
0.0816326530612245
0
0
0
1
1
0
1
1
0
1
0
0
1
0
1
0
0
0
1
1
1
0
1
1
1
0
0
0
0
0
1
1
1
0
0
0
1
0
0
0
1
1
0
0
0
0
0
0
0
1
0
0
1
0
1
1
0
1
0
1
0
0
1
1
0
1
1
1
0
0
1
1
0
0.5
1
0
0
0
0
1
1
1
0
1
1
0
0
0
1
1
0
0
0
1
1
0
1
1
0
0
0
1
0.333333333333333
0
1
1
1
1
0
0.00862068965517241
1
0
0
0
1
0
1
1
1
0
1
0
0
1
1
0
0.0142118863049096
0.75
0
1
0
0
0
0
0
1
0
0
0.366197183098592
0
0
0
0
1
0
0
0
0
0
1
0
1
0
1
1
0
0
1
1
1
1
0
0
1
1
1
0
1
1
0
0
0.124050632911392
0
0
1
0
0
0
1
0
0
0
0
1
1
1
0
0
1
0
0
0
1
0
0
1
1
0
1
0
0
1
0
1
0
1
0
0.00434782608695652
0.777777777777778
0
0
0
0
1
0
1
0
1
1
1
1
1
0
1
0
0
0
1
0.0108108108108108
0
1
0
0
0
0
1
0
0
0
1
0
0.0393700787401575
0
0
0
1
0
0.571428571428571
1
0
0
1
0
0
1
0.9
0
0
0
0
1
1
1
0
0
0
0
1
0
1
0
0
0
1
0
1
1
0
0
1
1
0
0
1
1
0.0736842105263158
0
0
1
1
0
1
1
0
1
0
0
1
0
1
0
0.222222222222222
1
1
0
1
0
0
0
1
1
1
1
0
0
0
1
0
1
0
0
1
1
1
1
0
0.984848484848485
0
1
1
1
0
0.00434782608695652
1
1
1
0
0
1
1
0.5
0
0
0
0
1
0
0
1
1
1
0
0
0
0
1
0
0.5
1
0
0
0
0
1
0
1
1
1
1
1
1
1
0
0
0
1
0
1
1
1
1
0
1
0
1
0
1
0
0
0
1
1
0
0
1
1
1
1
1
0
0
1
1
0
0
1
0
1
0
1
1
1
1
1
1
0
1
0
1
1
1
1
0
0
1
0
1
0
1
0
1
0
0
1
1
1
0
0
0
1
1
0
0
1
0
0
0
0
1
1
0
0
0
1
1
1
0
0
1
0
1
1
0
0
0
0
0
1
1
0
0
1
1
1
1
1
0
1
0
1
1
1
0
1
1
1
0
0
0
0
0
1
0
0
0
0
0
0
0
0
0
1
1
0.5
0
1
1
1
0
1
0
0
0
0
1
0
0
0
1
0
0
1
1
1
1
1
1
1
1
0
1
1
1
0.387096774193548
0
0
0
1
1
1
0
1
1
1
0
1
0
0
1
0
0
1
1
0
0
0
0
0
0.00925925925925926
0
0
1
1
1
1
1
0
1
1
1
0
1
1
0
0
1
0
1
1
0
0
0
0
1
1
1
0
0
1
0
0
1
0
1
0
0
1
0
1
1
0.0185185185185185
0
1
1
1
1
0
0
1
1
0
0
0
0
0
0
0
1
0
1
1
1
0
0
1
1
1
0.952380952380952
0
1
1
0
0
0
1
1
0
0
0
1
1
1
1
1
1
1
0
0
1
1
1
0
0
0
1
0
1
1
0
0
0
1
0.0603448275862069
1
0
0
0
0
0
0
0
0
0
1
0
0.8
1
0
0
1
1
0
1
1
0
0
0
1
0
1
0
1
1
1
0
1
1
0
1
1
1
0
1
1
1
1
1
1
0
0
0
0
0
1
0
0
0
1
1
1
0
0
0
1
0
1
0
0
0
0
0
1
0
0.012987012987013
1
0.5
1
0
1
1
1
1
1
1
0
1
0
1
1
1
0
0
1
1
0
1
0
0
0
1
0
0
1
1
0
1
1
1
0
0
1
0
0
0
1
0
1
1
0
1
0
1
0
1
0
0
1
1
1
1
0
1
0
0
1
0
0
1
1
0
0
1
0
1
0
1
1
0
0
1
0
0
1
0.5
1
1
0
1
0
1
0
0
1
1
0
0
1
1
0
1
0
0
1
0
0
1
0
1
1
0
0
1
0
0
1
1
0.8625
0
0
0
0
1
1
0
0
0
0.0487804878048781
0.00144822592324403
0
0
1
0
0
0
1
0
1
0
1
0
1
1
1
0
0
0
0
0.666666666666667
1
0
1
0
1
1
0
0
0
1
1
0
0.00952380952380952
1
1
1
1
1
1
1
1
1
1
1
0
1
1
0
0
1
0
1
0
0
0
0
0
1
1
1
0
1
0
1
1
0
1
0
1
1
1
1
1
1
0
0
0
0.0555555555555556
0
0
1
1
0
1
1
0
0
0
1
0
0.0697050938337802
0
0
0
1
1
1
1
1
0
1
1
0
0
1
0
0
0
0
1
0
0
1
0
1
0
0.4
1
0
1
1
0
1
1
0
0
0
0
1
1
1
1
0.0172413793103448
0
0
0
0
0
1
0
1
0
0
1
1
0
1
0
0
0
1
1
1
0
1
0
1
1
1
1
1
0
0
0
0
0
1
1
0
0
1
1
1
0
1
0
1
0.0294117647058824
1
1
0
1
1
0
0
0
0
0
0.5
1
1
1
1
0
0
0
0
0
1
1
0
1
0
1
0
1
1
1
1
1
1
0
1
0
0
1
1
1
1
1
1
0
0
0
0
0
0
0
0
1
1
1
1
1
0
0
1
1
1
1
0
1
0
1
1
0
1
1
0
1
0
0
0
0
0
0
1
0
1
1
1
0
0
0
1
0
0
1
0
0
0
0
1
0
1
0
0
1
0
1
1
0
1
0
0
1
1
1
0
0
0
0
1
0
0
0
0
1
0
0
1
1
1
0
0
0.25
1
1
0
1
0
0
0
1
1
0
0
0
1
1
1
0
1
1
1
0
0
0
1
0
1
0
1
0
0
0
0
1
1
1
0
0
0
1
0
1
0
1
0
0
1
0.0012453300124533
1
0
1
1
0.181818181818182
1
1
1
0.4
1
1
1
0
0
0
1
0
0
0
1
1
1
1
1
0.5
1
1
0
1
1
1
1
1
0
0
0
1
0
0
0
0
0
1
0
0
1
1
0.9
0
0
0
1
0
0
1
0
0
1
0
1
1
1
0
0
0
1
0
0
0
1
1
0
1
0
1
1
1
0
0
0
0
1
1
0
0
1
0
0.857142857142857
0
1
1
0
0
0
1
0
1
1
0
1
0
0
1
0
1
0
0
0
0
1
0
1
0
0
1
1
0
0
0.0993975903614458
0
0
1
0
1
0
0
0
0
1
1
0
1
0
0
0
1
0
0
0
0
0
0
0
1
0.995652173913044
0
1
1
0
0
0
0
1
0
0
0
1
1
0
1
1
1
0
0
0
0
0
0
0
0
1
1
0
1
0
0
0
0
1
1
0
0.990476190476191
0
0
0
1
1
0
0
0
0
1
1
0
1
0
1
1
1
0
1
0
0
1
0
1
1
0
0
1
0
1
0
0
0
0
0
1
0
1
0
1
0.5
0
0
0
1
0.978723404255319
0
1
1
1
0
1
0
0
1
0
1
1
1
0
1
0
0
0
1
0
1
0
0
0
1
0
0.0184049079754601
0
0
0
0
1
0
1
1
1
1
1
0.1
0.1875
1
1
1
1
1
1
1
0
0
0
1
0
0
0
0.0238095238095238
1
1
1
1
0
0
1
1
0
0
0
1
1
0
1
0
0
0
1
1
0
0
0
0
0
1
0
0
0
0
0
0
0
1
0
0
1
0
1
1
0
0
0
1
1
0
1
1
1
0
1
1
1
0
0
0.00123724095267553
1
0
1
0
0.485294117647059
0
0
1
0
0
1
0
1
1
0
1
1
0
1
0.0833333333333333
1
1
1
1
1
0
0
1
0
0
1
1
0
0
0
1
0
0
0
1
0
0
0
0
1
1
0
1
1
0
0
1
1
1
1
0
1
0
1
0
0
1
1
1
0
0
1
1
1
1
1
1
1
0
1
0
0
0
1
0
1
1
1
0
0
1
1
0
0
0.432432432432432
0
1
0
0
0
1
0
0
0
0
1
1
0
0
0
1
0
0
1
0
0
0
1
0
0
0
0
1
1
0
1
0
0
1
0.222222222222222
1
0
0
0
0.772727272727273
1
1
1
1
0
0
0
0
1
0
0
1
0
0
0
0
0
1
0
0
0
0
0.125
1
0
1
0
0
1
1
0
1
0
1
0.857142857142857
0
0
0
1
0
1
0
1
0
1
0
0
1
1
0
1
0
1
0
0
1
0
0
1
0
0
1
1
0
1
1
1
0
0
0
1
1
0
1
0
0
1
0
0
0
1
1
0
0
0
1
0
1
0
0
0
1
1
0.947368421052632
1
0
0
0
1
0
0
1
0
1
0.00806451612903226
1
0
0
1
0
1
0
0.0208333333333333
1
0
0
0
0
1
0
0
0
0
1
1
1
0
0
0
0
1
1
0
1
0
0
1
0
1
1
0
1
0
1
0
0
1
1
0
0
0
0
0
0
0
0
0
0
0
0
1
0
1
0
0
1
0
0
1
0
1
0
0
1
1
1
0
0
1
0
1
1
1
0
1
1
0
1
1
1
0
0
1
0
0
1
0
1
0
0
0
1
1
0
1
1
0
1
0
0.0062111801242236
0
1
1
1
0
1
0
0
0
0
0
0
0
0
0
1
1
1
0
0
1
0
0
1
0
0
1
0
0
1
0
0
1
0.897435897435897
0
0
0
0.971014492753623
0
0
1
0
0
1
0
1
0
1
0
1
0
0
0
0
1
1
0
1
0
0
0
1
1
0
1
1
0
0
0
1
1
0.00813008130081301
0
1
0
1
0
0
0
0
0
1
0
0
0
0
0.5
1
0.571428571428571
0
1
0
0
0
0
0
0
1
1
1
0
0
0
0
0
0
1
0
0
0
1
0
1
1
0.125531914893617
0
1
1
1
1
1
0
0
1
1
0
1
0.321428571428571
0
1
1
0
1
1
0
0
1
1
0
0
1
0
0
0
0.0714285714285714
0
1
1
1
0
1
0
1
0
1
1
1
0
0
0
1
0
1
0
0
1
0
1
1
0
1
0
1
1
1
1
0
0
0
0
0.994594594594595
1
0
0
1
1
0
0
1
0
0
1
1
0
0
0
1
1
0
0
0
0.5
0
1
1
0
1
0
1
1
1
1
0
1
1
0
0
0
0
1
1
0
1
0
1
1
0
0
1
0
0
0
0
0
0
0
0.0221410636840904
1
1
1
0
1
0
1
0
1
0
1
1
0
0
1
1
1
0
1
0
1
1
1
0
0
0
0
1
1
1
0
0
0
0
1
0
1
0
1
1
0
1
0
0
1
1
1
0
0
0
0
0
0
0
1
0
0
0
0
0
1
1
0
0
1
0
0
1
1
0
0
1
1
1
0
0
0
1
1
0
1
0
1
1
1
1
1
0
0
1
0
1
0
0.0260869565217391
0
1
0
1
1
0
1
0
0
0.996844003606853
1
0
1
1
0
1
0
1
0
0
0
0
1
1
0
1
0
1
0
1
1
0
0
0
0
0
0
0
1
0
1
0
0.767441860465116
0
1
0
1
0
1
1
1
0
0
0
0
1
0
0
0
0
0
1
1
0
0
1
0
1
0
0
1
0
0
1
0
1
0
1
0
1
1
0
1
0
0
1
1
0
1
0
1
0
0.0303030303030303
1
0.333333333333333
0
0
0
0
1
0
0
0
1
1
0
1
0
1
0
0.366348448687351
0
0
0.02
0
1
1
0
1
1
0
1
0
1
0
1
0
0.0769230769230769
1
1
0
0.5
0
0
0
0
0
1
1
1
0
1
1
1
1
0
0
0
1
0
0
0
1
0
0
0
1
0
0
0
0
0
0
0
0
0
1
0
0
0
0
0
0
0
0
1
0
0
1
1
1
1
1
1
0
1
0
1
0
0
0
1
0
0
0
1
0
0
0
0
0
0
0
0.000564971751412429
1
0
0
0
1
0.264285714285714
0
1
0
0
1
0
1
0
0
1
0
1
0
0
0.0357142857142857
1
1
1
1
1
0
0.00769230769230769
1
0.133333333333333
1
1
0
1
1
0
0
0
0
1
1
0
0
0
0
0
1
0
1
1
1
1
0.982456140350877
1
0
0
0
1
0
0
0
0
0
1
0
0
1
1
0
0
0
1
1
1
0
1
0
1
1
1
1
0
1
0
1
1
0
1
0
0
0
0
0
1
1
0
1
0.0763723150357995
1
1
0
0
1
0
1
0.142857142857143
0
1
0
0
0
0
1
0
0
0
1
0
1
1
0
1
0
0
1
0
0
0
1
1
0
0
0
0
0
1
0
0
1
1
1
1
0
0
0
1
0
0
0
0
0
1
1
0
0
1
0
0
1
1
0
1
1
0
0
0
1
0
0
1
0
1
0
1
1
1
1
0.611111111111111
0
1
1
1
0
0
0
0
0
1
0.596330275229358
1
0
0
0.2
1
1
0.916666666666667
1
1
0
1
1
0
0
0.666666666666667
1
0
1
0
1
0
1
1
0
1
1
1
1
0
1
0
0
1
1
1
0
0
0
0.2
0.5
0
1
0.590909090909091
0
0.851851851851852
0
1
0
0.0666666666666667
1
1
1
1
0
1
0.5
1
0
1
1
1
1
0
1
1
0
1
0
0.428571428571429
0
1
0.01875
1
0
1
0.571428571428571
0
1
0
0
1
0
0
0.5
0
1
0
1
1
1
1
0
1
1
0
0
1
1
0
0
1
0.4
1
0.465201465201465
1
1
0
0
0
0
0
1
0.21551724137931
0.0971428571428571
1
0
0.285714285714286
0.0434782608695652
1
1
1
0
1
1
0
0
0
0
0
1
1
1
1
0.145454545454545
0.972826086956522
0
1
1
1
0
1
0
1
0
1
1
0
0
0
1
1
0.5
0
1
1
0
0
1
1
1
1
1
0
1
0
1
1
0
1
1
0
0
0.444444444444444
1
0
0
1
1
1
0.55
0
0.663461538461538
1
0
1
1
1
0
1
1
0
0
0.36
1
1
1
1
1
1
0
1
1
0
1
1
1
0
0
1
0
0
1
0
0
1
1
1
1
1
0.681481481481481
1
1
1
0
1
0
0
0
0
0
0
1
1
1
0
1
1
0
1
0
1
1
1
1
0
1
1
0
1
0.516949152542373
0
1
0
0.962264150943396
0
0
1
1
0
1
1
1
0
0
0
0
0.21875
1
1
0
0
0
0
0
1
1
0
0
1
1
1
0
0
0
1
1
1
1
0
1
1
1
0
0
0
0
1
0
0.205882352941176
1
1
0.511363636363636
0
0
1
1
1
0
0
0.620689655172414
0
1
0
0
0
1
1
0
0
1
1
1
0
0
1
0
1
1
1
1
0
0
0
1
0.0822784810126582
0.34052757793765
1
1
1
1
0
0
1
1
0
1
0.272727272727273
1
0.5
1
1
0
1
1
0
1
0
1
1
0.888888888888889
1
0
1
1
0
1
0
0.00247524752475248
0.923076923076923
0
0.75
1
1
0
0
1
1
0
0.0222222222222222
1
1
1
0
1
0
1
1
0
0
0.25
0
0.0208333333333333
1
0
0
1
1
0.166666666666667
0
1
0
0.333333333333333
1
0
1
1
0.0303030303030303
1
0
1
0
0
1
0
0
1
0
1
0
1
1
0
0
0
0
1
0
1
1
1
1
1
1
0
0
0
1
0
0
1
1
1
0
0
1
1
1
0
0
0
0
0
0
1
0
0
1
1
0
0
0
1
1
0
1
0
0
0
0
0.75
0
0
0
1
1
1
0
0
1
0
0.147058823529412
0
1
1
1
0
1
1
1
1
0
0
0
0
1
0
0
1
0
1
0
0
0.5
0
1
1
1
0
0
0
1
0
0.5
0
1
0
0
0
0
1
0
0.8
0
0
1
0
0.5
0
1
0
0
0
0
0
1
0
1
0
0
1
0
0
0
0
0
1
0
1
0
0
0
0
0
0
0
0
0
1
0
1
0
0
0
0
0
0
1
0
0
1
0
1
1
0
1
0
0
0
1
1
0
0.0212765957446809
1
0
0
0
1
0
0
1
0
0
0
1
0
1
0
1
0
0
0
1
1
0
1
1
0
0
1
1
0
0
0
1
1
1
0
0
1
1
1
0.2
1
0
0
0
0
0
0
0
0
1
1
0.0297029702970297
1
0
0
1
1
1
1
0
0
0
0
0
1
0
0
0
0
0
1
1
1
1
1
0
0
1
1
0
0
0
0
1
0
1
0
1
0
0
1
0
1
0
0
0.5
0
0
0
0
1
1
1
1
0
0
0
0
0
1
0
1
1
1
0
0
0
0
0
0
0
0.5
0
1
1
1
1
0
1
0
0
0
0
0
0.0882352941176471
0
0
0
0
1
0
0
1
1
1
1
1
0
0
0
1
1
0
0
0
0
1
0
1
1
0
0
1
0
0
0
0
0
1
0
0
1
1
1
1
0.833333333333333
0
1
0
0
0
1
0
1
1
1
0
1
0
0
0.25
0
0
0
0
1
0
0
1
0
1
1
0
1
0
1
0.888888888888889
1
1
0
1
0
0.939484126984127
1
1
1
0
1
0
1
0
0
0
0
0
1
1
0
0.257352941176471
0
1
0
0
1
1
1
0
1
1
0
0
1
0
1
1
0
1
0
1
1
1
1
1
0
0
0
1
0
0
0
1
0
0
0
1
0
0
0.5
1
0
0
1
1
0
0
0
0
0
0
0
0
0
1
0
0
1
0
0
1
1
0
0.5
0
1
1
0
1
1
0
0
0
1
0
1
0
1
0
1
0
1
0
0
0
1
1
1
0
0.833333333333333
0
0
1
0
0
1
0
1
0
0
0
1
0
0
0.5
1
0
1
0
0
1
1
1
0
0
1
1
1
1
1
1
1
0
0
0
0
0
0.5
1
1
0
1
1
0
0
0
1
0
0
0
0
1
1
0
0
0
0
0
0
0
1
0
0
0
1
1
0
0
0
0
0
1
1
0
1
1
0.5
1
0
0
0
0.4
0
0
0
0
0
1
0
0
1
0
1
0
0
0
0
0
1
0
1
0
0
0
0
0
1
1
0
1
0
0
0
1
0
1
0
0
0
0
1
0
1
1
0
0
1
0
0
0
0
0
0
0
1
0
0
1
1
1
0
0
1
1
1
0
0
0
1
0
0
0
0
0
0
0
0
0
0
0.037037037037037
0
0
0
0
1
0
0
0
0
1
0
0
1
0
0
0
0.5
1
0
0
0
0
0
0
0
0
0
1
1
1
1
0
0
0
0
0
1
0
0
0
0
0
0
1
0
1
0
0
0
1
1
0
1
1
0
0
0
1
0
1
0
0
0
0
1
0.5
0
0
0
0
0
1
1
1
1
0
0
0
0
0
0
0
0
0
0
0
1
0
1
1
0
0
1
0
1
0
1
1
0
1
0
0
1
0
0
0
0
1
0
0
0
0
0
1
0
1
0
0
0
1
1
1
1
1
1
0
1
1
0
1
1
0
1
0
1
1
0
0
1
0
0
1
1
0
1
1
0
0
1
1
1
0
1
1
0
0
0
1
0
1
0
1
1
1
1
1
0
0.5
1
0
1
1
0
1
1
0
0
1
1
1
0
0
0
0
0
0
1
0
0
1
0
1
1
1
0
0
0
0
1
0
1
1
1
1
0
0
0
1
0
1
0
1
1
0
1
0
0
1
0
1
1
0
1
0
1
1
0
1
0
0.166666666666667
0
0
0
1
0
0
1
0
0
0
1
0
1
1
0
0
0
0
1
1
1
1
0
1
1
0
0
0
0
0
0
0
0
0
0
0
0
0
0
0
0
1
0
0
1
0
0
1
1
0
1
1
1
0
0
1
1
0
1
0
0
1
0
0
0
1
1
0
1
0
0
0
0
0
1
1
1
1
0.9
0
1
0
0
1
1
0
0
0
1
0
1
0
1
1
0
1
0
0
1
0
0
1
1
0
1
0
0
0
0
0
1
0
1
1
0
0.666666666666667
0
1
1
0
0
0
0
1
0.93485342019544
1
0
0
1
0
0
0
0
0
0
0
1
0
0
1
0
0
0
1
0
0
1
1
0
0
1
1
1
1
1
1
0
0
0
0
1
0
0
0
0
0
1
0
0
0
0
0
1
0
0
0
0
0
0
0
1
1
1
1
0
1
0
0
0.5
1
0
1
1
0
0
0
0
0
0
0
0
0
1
0
1
0
0
0
1
0
0
0
1
1
1
1
0
1
0
1
1
0
0
0
0
0
0
1
1
0
0
0
0
0
1
0
0
0
1
0
1
0
0
1
0
1
0
0
1
0
0
0.588235294117647
0
1
1
0
0
0
1
0
0
1
0
0
1
0
1
1
0
0
0
0
0
1
0
0
0
1
1
0
0
0
0
0.5
0
0
0
0
1
1
0
0.0140845070422535
0
0
1
1
1
0
0
0
1
1
1
1
0
0
0
0
0
0
1
0
0
1
0
0
1
1
0
1
0
0
0
1
1
0
0
0
0
0
1
1
0
1
1
1
0
0
0
1
1
1
1
0
1
0
1
1
0
0
0
1
0
0
0
0
0
1
0.0769230769230769
0
0
1
1
0
0
0
0
1
1
1
0
0
1
0
0
0
0
0
0
0
0
0
1
0
1
0
0
1
1
0
0
0
0
0
0
0
1
0
0
0
0
0
1
0
0
0
1
0
0
1
1
0
1
1
1
0
1
1
0
0
1
0
1
1
0
0
0
0.983974358974359
0
0
0
0
1
0.5
1
0
0.666666666666667
1
1
1
1
0
0
1
0.5
1
1
0
1
1
0
0
0
1
1
0
0
0
0.5
1
1
1
0
1
0
1
0
1
0
1
1
0
1
0
0
1
1
1
0
0
1
0
0
1
0
1
1
0
0
1
0.5
1
1
1
1
0
1
0
1
0
0
0
1
1
0
0
1
0
0
1
0
0
0
1
0
0
1
0
0
1
0
0
1
0
1
0
1
0
1
1
0
1
0
0
0
0
1
0
0
1
1
1
0
0
1
0
1
0
0
1
0
1
1
1
0
1
1
0
1
0
0
0
0
0
0
0
1
0
0
1
1
0
1
0
0
0
1
0
0
1
1
0
1
1
1
1
1
1
0
1
0
0
1
0
0.0847457627118644
0
1
0
0
0
0
0
1
0
1
1
0
0
0
0
0
1
0
0
1
0
0
0
1
0
0
0
1
1
0
0
0
0
1
1
0
0
0
0
0
1
0
0
0
0
0
0
0
0
0
1
0
1
1
1
1
1
1
0
0
1
0
0
1
0
0
1
1
1
0
1
0
0
0
1
1
1
0
0
1
0
1
1
0
0
0
1
0
0
0
0
1
1
1
0
0
1
1
0
0
0
1
1
0
0
0
0
1
0
0
0
1
0
1
1
0
1
0
0
1
0
1
0
0
1
1
0
0
0
0
1
0
0
0
1
1
0
1
0
1
0
1
0
1
0
1
1
1
0
1
1
0
1
0
0
0
1
0
0
0
0
1
0
1
0
0
1
0
0
0
0
1
1
1
1
0.5
1
1
0.5
0
1
1
1
0
1
1
1
0
0
0
1
0
0
0
0
0
0
0
1
0
1
1
0
0
1
1
0
0
0
0
1
0
0
0
0
0
0
0
1
0
0
1
0
0
1
0
0
1
1
0
0
0
0
0
1
1
1
1
0.5
0
0
1
1
1
1
0
1
0
1
0
1
0
0
0
0
0
1
1
1
0
0
1
1
0
0
1
0
0
0
0
0
0
0
1
0
1
1
0
1
0
1
1
1
1
1
0
0
0
1
0
1
1
0
0
0
0
1
1
0
0
1
1
1
0
0
1
0
0
0
0
0
0
1
1
0
0
0
0
0
0
1
1
0
0
1
1
0
0
0
1
0
1
0
0
0
0
1
0
1
0
0
1
0
1
0
0
1
1
0
0
0
1
1
0
0
0
1
0
0
1
0
0
1
0
0
1
0
0
0
1
0
0
0
1
0
0
1
0
1
1
1
1
0
0
0
0
1
0
0
1
0
1
0.995575221238938
1
0
0
0
1
1
1
0
0
1
0
0
0
0
1
0
0
1
1
1
0
1
0
1
0
1
1
0
0
1
0
1
0
0
1
0
0
0
1
0
0
0
0
0
1
0
0
1
1
1
1
0
1
0.0232558139534884
1
0
1
0
0
0
0
0
0
1
0
1
0
0
1
1
0
0
0
0
0.1
0
0
0
1
0
0
0
0
0
1
0
0
1
1
0
1
0
0
1
1
0
0
0
0
1
1
0
0
0
1
0
0
1
0
0
0
1
0
0
0
1
0
0
1
1
1
0
1
0
0
0
1
0
0
0
0
1
0.714285714285714
1
0
0
0
1
0
0
1
0
0
0.0526315789473684
0
0
0
0
0
0
0
0
0
1
0
0
0
1
1
1
0
0
0
0
0
1
1
0
1
0
1
0
1
0
0
1
1
0
1
0
0
1
1
1
1
0
0
1
1
1
1
0
1
0
0
1
0
0
1
1
0
0
1
1
0
0
0
0
0
0
0
0
0
1
0
1
0
1
0
0
0
1
1
0
1
1
0
0
0
0
0
1
1
1
1
0
1
0
0
1
1
1
0
0
0
1
1
1
0
1
0.0597014925373134
0
0
0
0
0
1
1
0
0
0
0
0
1
1
1
0
1
1
1
1
0
1
0
1
0
0
0
1
1
0
1
0
0
1
1
0
0
1
0
0
0
0
1
0
0
0
0
0
0
0
0
1
0
0
1
0
0
0
1
1
0
1
1
1
0
1
1
1
1
0
0
1
1
0
0
0
0
1
0
1
1
0
0
1
1
1
0
0
0.666666666666667
0
0
0
1
0
0
0
1
1
0
0
0
0
1
0
0
0
1
1
0
0
1
0
1
0
1
0
0
0
1
0
0
1
0
1
0
0
1
0
1
0
0
0.111111111111111
1
0
0
0
1
1
0
0
0
0
0
1
0
0
0
0
0
0
0
0
1
0
0
0
1
0
1
0
1
1
1
0
0
1
1
0
1
0
0
1
1
0
0
1
0
0
1
1
0
1
0
0
1
0
0
1
0
1
0
0
1
0
0
1
0
1
1
1
0
1
1
1
0
1
1
1
1
1
1
1
0
1
0
1
0
1
0
0
1
0
0
0
0
1
0
1
0
0
1
1
1
0
0
1
1
0
0
1
1
1
0
1
1
1
1
0
0
1
1
0
0
0
0
0
1
0
0
1
0
1
1
0
1
0
0
0
0
1
1
1
0
1
0
0
1
0
1
1
0
0
0
1
0
1
1
0.971830985915493
0
0
0
0
1
0
0
1
0
0
0
0
0
1
0
0
1
0
0
0
1
0
1
1
1
1
1
1
0.833333333333333
1
0
0
0
0
1
1
1
0
1
1
0
0
0
0
0.5
0
0
0.978260869565217
0
0
1
0
1
0
0
0
1
0
0
0
1
1
1
0
1
0
0
1
0
0
1
0
0
1
0
0
0
1
0
0
1
0
1
0
0
1
0
1
0
0
0
1
0
0
0
0
1
0
0
0
0
0
0
0
1
1
0
1
0
0
0
0
1
1
0
0
1
0
1
0
0
0
0
1
0
0
0
0
1
1
1
0
0
1
0
1
1
1
1
0
1
1
1
1
1
1
0
0
0
1
1
0
0
1
0
1
1
0
1
0
0
1
0
1
0
1
0
0
1
1
0
0
0
0
1
1
0
0
1
0
0
0.0588235294117647
1
1
1
1
1
1
0
1
1
1
0
1
1
0
1
1
0
0
1
1
0.5
0
0
0
1
0
1
0
1
1
1
0.166666666666667
1
0
0
1
0
0
0
1
1
1
1
1
1
0
1
0
1
0.25
0
0
0
1
1
1
1
0
1
0
1
1
1
0
1
0
0
1
1
1
1
0
0
0
0
0
0
0
1
0
0
0
0
1
0
1
0
1
1
0
0
0
0
0
0
1
0
0.666666666666667
1
0
1
1
0
1
0
0
0
0.333333333333333
1
0
0.5
0
1
1
1
0
0
1
0
0
1
1
0
0
0
0
0
0
1
0
0
0
0
0
0
1
1
0
0
0
0.0104166666666667
0
1
0
1
1
1
0
0
1
0
0
1
1
0
0
1
1
0
1
0
1
1
1
0.75
0
0
0
0
1
0
1
0
1
1
1
1
1
1
1
0
1
0
1
1
0
1
1
1
0
0
1
0
0
1
0
0
1
1
1
1
0
0
1
0
1
0
1
1
1
0
0
0
0
0
0
0
1
0
1
0
0
0
0
0
1
0.020746887966805
0
1
0
1
0
0
0
1
0
1
0
1
0
0.5
1
0
0
0
0
1
0
1
0
1
1
0
0
1
1
0
0
0.555555555555556
0
1
1
0
0
0
0
1
1
1
0
0
0
0
0
0
0.5
0
1
0
0
0
0.142857142857143
1
0
0
0.6
0
0
0
1
0
0
0
0
0
1
0
1
1
0
0
1
0
0
0
1
1
1
1
0
1
1
0
0
1
0
1
1
0
0
0
0
1
0.0454545454545455
0
0
0
0
0
0
0
1
0
1
1
0
0
0.0555555555555556
0
0
0
0
0
0
0
0
0
0
1
1
0
0
0
0
1
0
0.666666666666667
0
1
0
1
1
1
0
1
1
1
1
0
0
1
1
0
1
0
0
0
0.307692307692308
1
1
0
0
0
0
1
0
1
0.5
0
0
0
0
0
1
0
1
0
0
0
1
1
1
0
0
0
1
0
1
0.5
1
1
0
0.5
0
1
0
0
0
0
1
0
0
0
0
1
1
0
