0
1
0
0
0.263157894736842
0
0.363636363636364
0.264285714285714
0.285714285714286
1
0.205128205128205
0
0
0
0.303030303030303
0.333333333333333
0
0
0.5
0.5
0.2
0
0.272727272727273
0.523809523809524
0
0
0.294117647058824
0.333333333333333
0.333333333333333
0.294117647058824
0
0
0
0
0.285714285714286
0.375
0.333333333333333
0.352941176470588
0
1
0.142857142857143
0
0.333333333333333
0.230769230769231
0
0.264150943396226
0
0
0.3125
0
0
0.666666666666667
0
0.714285714285714
0.333333333333333
0.5
0.333333333333333
0.35
0
0.278260869565217
0.166666666666667
1
0.480874316939891
0.410714285714286
0.6
0.533333333333333
0.339285714285714
0.5
0.875
0.428571428571429
0
0.2
0
0.8
0.125
0.5
1
0.266666666666667
0
1
0
0
0.5
0.6
0.333333333333333
0.6
0
0.5
0.282051282051282
0.285714285714286
0
0.157894736842105
1
0
0
0
0
1
0
0
1
0.333333333333333
0
0
0
0.357142857142857
1
1
0.5
1
0.25
0.203883495145631
0
0.666666666666667
0.666666666666667
0.3
0.5
0.25
0
1
0.288888888888889
0.6
0
0.666666666666667
0
0.230769230769231
0.333333333333333
0.333333333333333
0.357142857142857
0.315789473684211
0
0
0
0
0
0.5
0
0.5
0.625
0
0.4
0.611111111111111
0
0
0.142857142857143
0.4
1
0.714285714285714
0
0
0
0
0.277777777777778
0.321428571428571
0.5
0.366666666666667
0
0.6
0.411764705882353
0
1
0.333333333333333
0.666666666666667
0
0
1
0.5
0
0
0.2
0
0
0
0
0
0.214285714285714
0.266666666666667
0.303571428571429
0
0
0.317647058823529
0
0.5
0
0.133333333333333
0.2
0.571428571428571
0.111111111111111
1
1
0.555555555555556
0
0.230769230769231
0
0.222222222222222
0.0909090909090909
0
0.714285714285714
0.25
0.386363636363636
0.4
1
0.333333333333333
0.166666666666667
0.327586206896552
1
0.142857142857143
0.5
0.428571428571429
0
0
0.230769230769231
0
0
0.25
0
0
1
0.385714285714286
0
0.5
1
1
0
0
0.5
0.4
0.333333333333333
0
0.4
0.333333333333333
0
0
0
0.5
0.5
0.133333333333333
0
0
0.381818181818182
0
0
0
0.333333333333333
0
0.234042553191489
0
0
0.378378378378378
0.5
0
0
0.413793103448276
0.272727272727273
0.444444444444444
0.5
0.5
0
0
0
0
0.25
0
0
1
1
0.296296296296296
0
0.6
0
0
1
1
0
1
0.333333333333333
1
0
1
0.405405405405405
0.5
0
0
1
0
0
0
0.285714285714286
0.227272727272727
0.285714285714286
0.666666666666667
1
0.5
0.3
0.2
0
1
0
0.363636363636364
0
0.285714285714286
0
0.5
0
0.307692307692308
0
0
0
0
0.666666666666667
0
0
0.416666666666667
0.5
0.545454545454545
0.287878787878788
1
0.75
0.666666666666667
0
1
0
0
0
0.5
0
0.5
0.4
1
0.333333333333333
0.2
0.25
1
0
0
0
0
0
0.571428571428571
1
0.5
1
0
0.133333333333333
0
0
0
0
0.375
0.666666666666667
1
0.7
0
0.5
1
1
0.222222222222222
0.4
0
0.25
0.142857142857143
0.4
0
0.533333333333333
0.692307692307692
1
0
0.4
0
0.692307692307692
0.5
0
1
0
0.115384615384615
1
0.375
0.5
0.415254237288136
1
0.231543624161074
0.5
0
0.8
1
0.5
0.4
0
0
0.666666666666667
0
0
0.333333333333333
0.166666666666667
0.333333333333333
0
0
0.363636363636364
0.647058823529412
0
1
0
0.0909090909090909
0.5
0.294117647058824
1
0.5
0
0.666666666666667
0.357142857142857
1
0.565217391304348
0
0
1
0.2
0.555555555555556
0
0
0.333333333333333
0
0.545454545454545
0.333333333333333
0.142857142857143
0.34
1
0.4
0.6
0
0.388888888888889
1
0
0.555555555555556
0.5
0.478260869565217
0.5
0
1
1
0
0.444444444444444
0.625
0
1
0
1
0.333333333333333
1
0
0.6
0.301980198019802
1
1
0.34375
0
1
1
0.666666666666667
0
1
1
0
1
0.5
0.5
0.6
0
1
0
0.333333333333333
0
0
0
0.333333333333333
0
0
0.2
0.411764705882353
1
0.315789473684211
1
0.272727272727273
0.375
0.5
1
1
0
0
0
0
0
0.212121212121212
0.5
0.75
0
0.238095238095238
0.181818181818182
0
0
0
0
0.25
0
1
0.0875
1
0
0.125
1
0
0
0.666666666666667
0
0
1
0
0
0
0
1
0.166666666666667
0
0
0.428571428571429
0.333333333333333
0.5
1
0.282828282828283
0
0
0
0.465116279069767
0.4
0
0
0.75
0.473684210526316
0.298634812286689
1
0
0
0
0.666666666666667
0
0.454545454545455
0
0
0
0
0
0
0
1
0.25
0
0
0
0
0.4
0
0
0
0.333333333333333
1
0
0.5
0.6
0
0.666666666666667
0.6
0
1
0
0
0
0.3125
0.2
0.5
0.333333333333333
0.4
0
1
1
0
0.5
0
0
0
0
0
0.326530612244898
0.75
0.142857142857143
0
0.5
0
0
0.108108108108108
0
0.375
0
0.5
0
0
0.5
1
0.269461077844311
0
0
1
0
1
0.5
0.823529411764706
0.571428571428571
0
0
0.428571428571429
0.244444444444444
0
0
0
0.5
0
0.32943143812709
0
0
0
0
0
0
0
0
0.25
0.285714285714286
0
0
0
1
0
0
0.148936170212766
0.5
0.416666666666667
0.431034482758621
0
0
1
0
0
0
0.25
0
0.5
0.5
0
0
0.333333333333333
0
1
0
0
0.5
0
0
0
0
0
0
0.333333333333333
0
0.285714285714286
0.5
0.6
0.5
0
0
0.230769230769231
0.75
0.5
0.366666666666667
0
0.333333333333333
0.105263157894737
1
0.3
0
1
0.125
0
0.444444444444444
0
0
0
0
0
0.382352941176471
0.533333333333333
0
0.5
1
0
1
1
0
0
1
0
0
0.545454545454545
0.75
0.0909090909090909
1
1
0
0.333333333333333
0
0
0
0
0
0.201970443349754
0
0.5
0
1
0.333333333333333
1
0.428571428571429
0.1875
0
0.303921568627451
0
0.166666666666667
0
0
0
0
0.333333333333333
0.25
0
0.277777777777778
0.5
0.666666666666667
0
0.923076923076923
0
0.3
0
0.371428571428571
0
0
0
0.4
0
0
0
0.125
0.333333333333333
1
0
0.4
0.333333333333333
0.357142857142857
0.380952380952381
0.366666666666667
0.357142857142857
0
0
0
0
0
1
1
0
0.290322580645161
1
0.5
1
0.290909090909091
0
0
1
0.404761904761905
0.0909090909090909
0.4
0
0
0
0
0.333333333333333
0.333333333333333
0
0
0
0.666666666666667
0
0
0.333333333333333
0
0
0.321428571428571
0
0.6
0
0.25
0.1
0.6
0
1
0
0
0.333333333333333
0
0.142857142857143
0.666666666666667
0
1
0.166666666666667
1
0.4
0.428571428571429
0.523809523809524
1
0
0.271739130434783
1
0
0
0
1
0
1
1
0.333333333333333
0
0
0
0.137254901960784
1
1
0.5
0
1
0
1
0.6
0
0.666666666666667
0
0.314285714285714
0
0
0.275862068965517
0
1
0
0.8
0
1
0.307692307692308
0
0
0.75
0
0
0
0.5
1
0
0
0
0.285714285714286
0
0
0
0.253658536585366
0.25
1
0.25
0
1
1
0.5
0
0.625
0
0
0
0
0.5
1
0.666666666666667
0
0.210526315789474
0
0
0
0.555555555555556
1
1
0
0
0
0.666666666666667
0
1
0
0
0.6
0
0.333333333333333
0
0
0
1
0
0.166666666666667
0.176470588235294
0
0
0
1
0.6
0
1
0
0.363636363636364
0
0.6
0
0
0
0
0
0
0
0
0.2
0
0
1
0
0.333333333333333
0.5
0.363636363636364
0.5
0
0
0
0.333333333333333
0
0
0
0
0
0.5
0
0
0
0.333333333333333
0
0
0
0
0
0
1
0.5
0.666666666666667
1
1
1
0
0
0
0.352941176470588
0
0.5
0
0.366666666666667
0.5
0
0
0
0.5
0.4
0
0
0
0
0
1
1
0.454545454545455
0
0.666666666666667
0.571428571428571
1
0.363636363636364
0
0
0
0
0.333333333333333
0
0.478260869565217
0
0
0
0
0.345108695652174
0
0.2
0.32
0.666666666666667
0.315789473684211
0.5
0.434782608695652
0
0
1
0.5
0.0967741935483871
0
0.666666666666667
0.219178082191781
1
0.5
0.285714285714286
0.4
0
0
0.8
1
0
0
0
0.363636363636364
0.333333333333333
0.181818181818182
0
0
0
0
0
0
0.333333333333333
0.228070175438596
0.375
1
0
0.6
0
0
0.5
0.666666666666667
0.5
0
0
0
0.25
0.5
0.333333333333333
0
1
1
0
0
0
0.5
0
0
0.5
0
0
0
0
0.6
0.333333333333333
0
0
0
1
0.714285714285714
0.5
0
0
0.5
1
0.183673469387755
0.666666666666667
0
0
0
1
0.333333333333333
0
1
0
0
1
0
1
0.5
0.75
1
0
0.5
0
0
0.25
1
0
0
1
1
0
0.4
0
0.666666666666667
0.818181818181818
0
0
0.75
1
0.2
0
0.232142857142857
0.125
0.319057815845824
0.666666666666667
1
0
1
0
0.5
0
0
0
0.666666666666667
0.333333333333333
0
0
0
1
0
1
0.305555555555556
0
0
0
0
0
0
0.5
0.2
0
0
0
0.526315789473684
0
0
1
0.2
0.5
0
1
1
1
0
0
1
1
0
0.666666666666667
0.5
0.75
0
0.333333333333333
0
0
0
0
0
0
0
1
1
0
1
0.5
0
0
0
0
1
0.75
0.75
0.5
0
1
0
0.428571428571429
0.263157894736842
0
0.5
0
0
0
0.625
1
0
1
0
0
0
0
1
0.312091503267974
1
0
0.315789473684211
1
0
0
0
0
0
0.5
0.5
0
0
1
0
1
1
0
0
0.5
0
0
0
0
0
0.6
0
0
0
0
0
0
0
0
0
0.833333333333333
0.5
0.142857142857143
0
0
0
0
0
0.625
0.75
0
0
0.5
0
0
0.5
0.333333333333333
0
0
0
0.188073394495413
1
0.230769230769231
0.25
0
0.25
0.142857142857143
0.315789473684211
0.0714285714285714
0
0.333333333333333
0
0
1
0
0.4
0
0
0.625
0.416666666666667
0
1
0
0.666666666666667
0
0
0
0.333333333333333
0
0.25
0
0
0.511627906976744
0.555555555555556
0
0
0
1
0.407894736842105
0
0.333333333333333
0
0
0
0
0
0
0.5
0.2
0
0.236040609137056
0
1
0
0
0
1
0
0
0.857142857142857
0
0
0
0
0
0
0.2
0
0.25
1
0
0
0
1
0
0
0
0
0
0
1
0
0
0
0.5
0.333333333333333
0.357142857142857
0.25
1
0
0
0
0
0
0
0
0.333333333333333
0.714285714285714
0
0
0
0
0.5
0
0.6
0.8
0.278260869565217
1
1
0
0.283018867924528
0.333333333333333
0
0
0
0.333333333333333
0.2
0
0.5
0.5
0
0
0
0
0
0
0.333333333333333
0.285714285714286
1
0
0
0
1
0
0
0
0
0
1
1
0
0
1
1
0.327586206896552
0
0.333333333333333
0
0.384615384615385
0
0.666666666666667
0
1
0
0
0.333333333333333
0.5
0
0
0
1
0
0.666666666666667
0.5
0
0
0.6
1
0
0.666666666666667
0.25
0.3
0.15625
0
1
0
0
0.333333333333333
0.5
0
1
0
0
0
0.5
0
0
0
0.333333333333333
0.5
0.199236459078979
0
0
0.666666666666667
0
0.428571428571429
0
0
0
0.333333333333333
1
1
0.75
1
1
0.571428571428571
1
0
0.333333333333333
0
1
0
1
1
0
0.333333333333333
0.333333333333333
0
0
1
0
0
0
0
0
0
0.75
0
0.333333333333333
0
1
0
0
1
0
0
0.5
0.5
0
0
0
1
1
0.333333333333333
0
0
1
0
0
0.333333333333333
0.333333333333333
0
0.307424593967517
0
0.5
0
0
0
0.5
0
0
1
0
0.5
0.333333333333333
0
0
0.454545454545455
0
0
0
1
0
0
0.444444444444444
0.333333333333333
1
0
1
0
1
0
0
0
0.285714285714286
0.5
0
0
0.421052631578947
1
1
0
1
0
1
0.5
1
0
1
0.75
0
0.444444444444444
0
0.5
0
0.142857142857143
0
0
0
0
0
1
0
0.2
1
0.317365269461078
0.333333333333333
0.571428571428571
0
1
0
0
0
0
0.428571428571429
1
0.714285714285714
0
0.375
0
0
0
0.420634920634921
0.4
1
0.333333333333333
0.5
0
0.403225806451613
0
1
0
0
0.347826086956522
0
0.5
0.333333333333333
0.666666666666667
0.684210526315789
0.387755102040816
0
0.25
0.166666666666667
0
0
0
1
0.75
0
1
0
0.75
0
0.666666666666667
0
0.6
0
0.333333333333333
0.285714285714286
0
0
0
0
0.0714285714285714
1
0.25
0.25
0
0.326086956521739
0
0.8
0.5
0
0.125
0
1
0
0
0
0.571428571428571
1
0
0.333333333333333
0
1
0
0
0
0.272727272727273
0
0.197802197802198
0.4
0
1
0
0
0
0
0
0
0
1
0.0909090909090909
0
0
0.136363636363636
0
1
0.333333333333333
0
0
0
0
0.5
0
0.666666666666667
0
0
0
0
0
0.4
1
0
0
0
0
0
0
0
0.75
0.333333333333333
1
0
1
0.310344827586207
0
0
1
0.5
0
0
0
1
0.333333333333333
1
0
0
0.5
0
0
1
1
0
1
0
0.333333333333333
0
0
1
0
1
1
0
0
0
0
0
0
0
0
0
0.8
0
0
1
1
0.5
0
1
0
0
1
0.4
0
0
0.666666666666667
0
0
0
0
0
0.285714285714286
0.5
1
0
0.333333333333333
1
1
0
1
0.5
0
0
0
0
0
1
0
1
0
0.4
0
0.428571428571429
0
0
1
0.333333333333333
0
0
1
0
0
0.515151515151515
0.237762237762238
1
0
0
0
0
0
0
0
0
0
0.428571428571429
0
0
0
0
0
0
1
0.333333333333333
0
0.375
0
0.2
0
0.25
1
0.444444444444444
0
0.166666666666667
0
0.461538461538462
1
0.25
0
0
1
0
0
0
0
0
0.5
0.5
0.300613496932515
1
1
0
0
0.166666666666667
0
0
0
1
1
0
0.8
0
0.666666666666667
0
0.277777777777778
0
0.5
0
0
0
1
0
0
0
0.75
0.5
1
0
0.461538461538462
0
1
1
1
0
0
0
0
0.416666666666667
0
0
0
1
0
0
0
0
0
0.2
0
0
0
0.5
0.5
0.3375
0
0
0
0
1
0
0
1
1
0
0
0
0
0
0.333333333333333
0
1
0
0
1
1
1
1
0
0
1
0
0
0
0
0
0.182926829268293
0
0
0
0
0.5
0
0
0
0
0.5
0.5
0
0.5
1
0
0.666666666666667
1
0
0
0.333333333333333
0
0
0
0.294117647058824
0
0
1
1
0
0
0.1
0
0.333333333333333
0
1
1
1
0
0
1
0
0
1
0.239130434782609
0.25
0
0
0.75
1
1
0
0
0
0
0
0
0
0
1
0
0
0
0
0
1
0.5
1
0
0
0
1
0
0.25
0.174698795180723
1
0.5
0
0
0.5
0
0.5
0
1
0
1
0.0714285714285714
0
1
0.292682926829268
0.5
0.75
0.176470588235294
0
0
0
1
0
0
1
0.666666666666667
0.5
0
0.666666666666667
0
0
0
1
0
0
0
1
0
0.0194174757281553
0
1
0
0
1
0
1
0
0
0
0.428571428571429
0.333333333333333
0
0.666666666666667
0
0.324232081911263
0
0
0
0.4
0.333333333333333
0.285714285714286
0
0.379310344827586
0.5
0
0.272727272727273
0
0
0
0
0.333333333333333
0
1
0
0
0
0
0
0
0.545454545454545
0
0
0
1
1
0
0.6
0
0
0
0
0
0
0
0
0.32
1
0
1
0
0
0
1
0.5
0
0.625
0.283018867924528
1
0
0.5
0
0
0
0.333333333333333
0
1
0
0
0.333333333333333
0.266666666666667
1
0
0
1
0
1
0.220472440944882
0.666666666666667
0.416666666666667
0
1
0
0.333333333333333
0
1
0
1
0
0
0.666666666666667
1
0
1
0
0.402843601895735
0
1
0
0
0
1
0
0
0
0
0
0
1
0
1
0
1
1
0.25
1
0.5
0
0
0.5
0.275735294117647
0
0
0.342857142857143
0.5
1
0
0
0
0.1875
0
0
0
0
0
0.19811320754717
0
0
0.5
0
1
0
0
0
0
0
0
0.5
0
0.25
1
0
0
0.3625
0
0
0
1
0
0.191780821917808
0.428571428571429
0
0
1
1
0.666666666666667
0
0
0.5
0
0
0
0.25
1
0
0
0.428571428571429
0
0
0
0
0
0.2
0
0
1
0
0
0
0
1
0
0.333333333333333
0
1
0
0
0
0
0
0.5
0.5
0
0.5
0
0
0
0
1
1
0
0
0.5
0
0
0
0.461538461538462
1
1
0
0
0.5
0
0
0
0
0
1
0.5
0
1
1
0
0.5
1
0
0
1
1
0.5
0
0
1
0
0
0
0.5
0
0.4
0
0.333333333333333
0
0
0
0
0
0.5
1
0
0
0
0
0
0
0
0
1
0
1
0
1
1
0
0.666666666666667
0
0
0.32
0
0.388888888888889
0
0
0
0
0.342857142857143
0.25
0
0.666666666666667
0.5
0
0
0
0
0.25
0
0.296296296296296
0
0.0769230769230769
0
0
0
1
0
0
0
0
0.333333333333333
0.5
0.25
0.5
0
1
0
0.2
0
0
0
0
0
0.25
0.352941176470588
1
0
1
0.222222222222222
0
0
1
0
0
1
0.666666666666667
0.8
0.333333333333333
1
0.368421052631579
0
0
0.6
1
1
1
1
0
0
0
0
0
0
0
0.5
0
1
0
0
0.666666666666667
0
0
0
0.5
0
0
0
0
0
0
0
1
0
0
0
0.5
0
0
0.5
0
0.333333333333333
0
0
1
1
0
0
0.75
0
1
0.5
0
0
0
0
1
0.142857142857143
0
0
0
1
1
0
0
1
0
0
0.5
0
0
1
0
1
0
0.306122448979592
0
0
0
0
0.5
0
0
0
1
0
1
0
0
0
0
1
0
0
0
0.5
0
0.5
0
0.166666666666667
0
0
0.6
0
1
0.466666666666667
0.75
0
0.333333333333333
0
0
0
1
0.5
0
0
0
1
0
0.545454545454545
0.5
0.333333333333333
0
0
0
0
0.666666666666667
0
0
0
1
0
0
0
1
0
0
0
0.227272727272727
0
0
0.3
0.294573643410853
1
1
0.75
0
0
0
0
0
0
0
0
0
0
0
1
0
0
0.666666666666667
0
0
0.28
0
0
0.5
0
0.666666666666667
0
0
0
0.2
0.5
0
0
0.6
0
0
0.340909090909091
0.407407407407407
0.5
0
0
0
1
0
0
1
0
0
1
0.310344827586207
1
0
0
0
1
0
0
0
0
0
0
0
0
1
0
0
0.5
1
1
0
0
0
1
0
0
0
0
0
0
0
0.4
0
1
0
0
0
0
1
0
0
0
1
0
0
0.333333333333333
0
0
0
0
0
0.666666666666667
0
1
0
0.666666666666667
0
1
0
0
0
0.334246575342466
0
0.5
0
0.5
0.363636363636364
0
0.5
0
0
0.473684210526316
0
0
1
0
1
0
0
0.269230769230769
0.5
0
0
0
0
0
0
0
0
0.5
1
0
0
0
0.333333333333333
0
0
0
0
0
0.111111111111111
0
1
1
1
0.375
0.538461538461538
0.666666666666667
0
0
0.333333333333333
0
0
0.214700193423598
0.152650822669104
0
0
0
0.3
1
1
0
0
0.333333333333333
0
0
0
0
0
0.25
0.333333333333333
0
0
0
1
0
0
0.3125
0
0
0
0
0.2
0.5
1
0
0.5
0
0
0
0
0.375
0.166666666666667
0
0
0
0
0
0
0.375
0
1
0
1
0
0
0
0
0
0.5
0
0
0
0
0
1
0
0
1
0.5
0.5
0
0
0.5
1
0
0
0.378787878787879
1
0
1
0.2
0
0.833333333333333
0
1
0.333333333333333
0.395437262357414
0
1
0
0.5
0.384615384615385
0
0
0
0
0
0
0.310810810810811
0
0
0
0
0.25
0.25
0
0
0.2
0
0
0.5
0.333333333333333
0
0
0
1
0
0
0
0
0
0
0
0
1
1
1
0
0
0
0
0
0.461538461538462
1
0
0
0.666666666666667
1
0
0
0.333333333333333
0.285714285714286
0
0
1
0
1
0
0
0.2
0
1
0
0.5
0
1
0
1
0
0.4
0
0
0
0
0.333333333333333
0.4
0
0
0.5
0
0
0
0.5
0
0.384615384615385
0
1
0
0
0
0.5
0.5
1
1
0
0.238095238095238
0
0
0
1
0
0
0.25
1
0
0
0
0
0
0
0
0
0
0
0
0
0
0
0
0.337837837837838
0
0
0
0
0.333333333333333
1
0
0
0
0
0
0
0
0
1
1
0
1
0
0
0.5
0
0
0.25
0
0
0
0
0.284671532846715
0
0
0
0
1
0
0
1
0
0
0
0
0
1
0
0
0
1
0
0
1
0.5
0
1
1
0.615384615384615
0
0
1
0
0
0
0
1
0
0
0
1
0
0.5
0
1
0
1
0
0
0
1
0
0
0
0
0
0
1
0.666666666666667
0
0.555555555555556
0
0
0
0
0.333333333333333
0
0
0
0
1
0
0
0
1
0.5
0
0
0
0
0
0
0
0
0
0.666666666666667
0
0.5
0
0
0.5
0
0.277777777777778
0
0
0.5
0.444444444444444
0.264705882352941
0
0
0.333333333333333
0
0
1
0
1
0.166666666666667
0
0
0
0
0
0.170731707317073
0
0
0
0.5
0
0.5
0.4
0
0.25
0
1
0
0
0
0.25
0
1
0
0
0
0
1
0
0
0
0
0
0
0
0
0
1
0
1
1
0
0
0.222222222222222
0
0.75
0
0
0
0.75
0
0
0
0
0
0.225352112676056
1
0
0
0.5
1
1
0
1
0
0
0
0
0
0.388888888888889
0
1
1
0
0.666666666666667
0.210526315789474
0
0
0
0
0
0.5
0
0
1
0
0
0
0
0
0
1
1
1
0
0
0
1
0
1
0.5
0
0
0
0
0
0
0.5
0
0
0
0
0
0
0
1
0
1
0
0
0
0
0
0
0
0
0
1
0.5
1
0
0
0
0
0.301282051282051
0
0.333333333333333
0
0
0
0
1
0.388888888888889
0
1
0
0
1
0
1
0
0
0.5
0
0.384615384615385
0
1
1
0
0
0
0
0
0
0.5
0
0.692307692307692
0
1
0
0.422764227642276
1
0
0
1
0.5
0
1
0
0
0
0
0
0
0
1
1
1
1
0.666666666666667
0
0
0.25
0
0.292207792207792
0
0.333333333333333
0
0.142857142857143
0
0
0.166666666666667
0
0.333333333333333
0
0.5
0
0
1
1
0
0
0
0
1
1
0
0
0.5
0.25
0.5
1
1
0.464285714285714
0.375
0
0
0.6
0.333333333333333
0
1
0.5
0
1
0
1
0
1
0
0
0
1
0
0
1
0
0
0.25
0.5
0.5
0
0
0
0
0
0
0
0
0.666666666666667
0
0
0
0
0
0
1
0.25
0
1
0.25
1
1
1
0
0
1
0
0
0
1
0.4
0
0.6
0
0
0
0
0
1
0
0
0.5
0
1
0
0
0
0
0
0
1
0
0
1
1
0
1
0
0
0
0
0
0
0
1
0
0.171428571428571
1
0
1
0
0.444444444444444
1
0
0
0
0
1
0
0
0.466666666666667
0
0.75
1
0
0.5
0
0
0
0.384615384615385
0.4
0
0
1
0
0
0
0
0
0.5
0.357142857142857
0
1
1
1
0.421052631578947
1
0
1
0.25
0.428571428571429
0.5
0
1
0
0
0.311659192825112
0
0.333333333333333
0
0
0
0.444444444444444
0.166666666666667
0
0.75
1
0.4
0
0
0
0
0
0
0
0
1
0
0.5
0
0
1
0
0
0.300578034682081
0
0
0.5
0
1
0
0
0.444444444444444
0
0
0
0.341463414634146
0
0
0
0
1
0
0
0.330275229357798
0
0
1
1
1
1
0.167883211678832
0
1
0
0
0.333333333333333
0
0
0.413793103448276
0.259259259259259
0
0.666666666666667
0.416666666666667
0.333333333333333
0
0
1
0
0.176470588235294
0
0
1
1
0.333333333333333
0
0.5
0
0
0
0
0
0
0.413793103448276
1
0
0
0
1
1
0
1
0
0.5
0
0.166666666666667
1
0
0
1
0
1
0
0
0.75
0
0.5
0
0
1
0
0.2
0
0.5
0.5
0
0
0
0
0
0.363636363636364
0
0
1
0
0
0.4
0
0
0
0
0
0
0
1
1
0
0.4375
1
1
1
0
0.5
0
0.333333333333333
0.5
0.166666666666667
0
0.5
1
0
0
0
0.333333333333333
0
0.277777777777778
0.314814814814815
0
0
1
0
0.361111111111111
0.333333333333333
0
0
0
0
1
0
1
1
0
0
0
0
0
0
0
0.338709677419355
0
0
0.6
0
0.5
0.25
1
0
0.5
0
0
0
0
0
0
0
0
0
0.5
0.25
0
0
1
1
0
0
0.5
0.153846153846154
1
1
0
1
0.4
0
1
1
0.27710843373494
0
1
0
0
0
0
0
0
0
0.571428571428571
0
0
0
0
1
1
0
0.5
1
1
0
0
0
1
0
0
0
0
0
0.282051282051282
0
0
0
0
0
0
0
0.666666666666667
0
1
1
0
0
1
0
1
0.277777777777778
1
0
0.285714285714286
0
0
0
0.555555555555556
0.666666666666667
0
0
0
0.26027397260274
0
1
0.5
0
0
0
0
0
0
0
0
0
1
0.333333333333333
0
0
1
0
0
0
0
0
0.301369863013699
0.333333333333333
0
0
0
0
0
0
0
0
1
0.333333333333333
0
1
1
0
0
0
0
0.666666666666667
0
0
0
0.4
0
0
0.5
0
0
0
0
0.2
0
0
0
0
0
0
1
0
0
0
0
0
0
0
0
1
0
0.25
0
1
0
0.5
0
0
1
0
1
0
0
0
0
0
0
1
0
1
0.285714285714286
0
1
0
0
0
1
0
0
0
0
1
0.5
0
0
0
1
0.6
0
0
0.4
0.166666666666667
0.194444444444444
0
0.3125
0
0
0.25
0.333333333333333
1
0
1
0
0
0
1
0
0
0
0
0
0.229166666666667
1
0
0
0
0
0.5
1
0
0
0
0
0
0
0.152482269503546
0
1
0
0
0
0
0
0
0
0
0
0.2
0
0
0
0
0
1
0
0.5
0
0
0
0
0.222222222222222
0
0
1
0
0
0.230769230769231
1
0
0
1
0
0
0
0
0
0
0
0.5
1
0
0.5
0
0
0
0
0
0
0.5
0
0
1
0
1
0
0
0
0
0
0
0
0.190340909090909
0.251054852320675
0
0.232673267326733
1
0.5
0
0
0.333333333333333
0.5
0
0
0.1
1
0
0
0
1
0
0.5
0
0
0
0
0
0
0
0
0
1
0
0
0
0
0
0
0
0
0.152889784946237
1
1
0.357400722021661
0
0
0.5
0
0
0.5
0.230769230769231
0
0.333333333333333
0
0
0
1
0
0
0
0
1
0
0.5
0
0
0
0
0
0
1
1
0
0
0
0
1
0.243243243243243
0
0
0.251655629139073
0
0
0
0
0.5
0
0.5
0
0.25
0
0
1
0
1
0
0
1
0
0
0
0
1
1
1
1
0
0.5
0
1
0
0
0.666666666666667
0
0
1
0
0
0
0.333333333333333
0
1
0
0
0
0.5
0
0
0.666666666666667
0
0
0
1
0.5
0
1
0
0
0
0
0
0
0
0
0
0
0
0.166666666666667
0.333333333333333
0
0
0
0
0
1
1
0.333333333333333
0
0
1
0
0
0
0
0.285714285714286
1
0
0
0
0
0
0
0
0
0.5
0
0
1
0.5
1
0
0
0
0.15748031496063
0
0
1
1
0.5
0.5
0.5
0.235294117647059
0
0
0
0
0.5
1
0
0
0
1
0
0
0.25
0
0.5
0
0.5
1
0
0
1
0
0
0
0.333333333333333
1
0
0
0
0
1
0
0
0
0
0
0
0
0
0
1
0.27027027027027
0
0
0.333333333333333
0
0
0
0
0
1
0
0
0
0
0
0
0
0
0
0
0
0
0
0.351351351351351
0
0.318181818181818
0
0
0
1
0
0
0
0
0
0.484848484848485
1
0
0
1
0
0
0.345679012345679
0
1
0
0.45
0
1
0
0
0
0.666666666666667
1
0
0
1
0.4
0.2
0.470588235294118
0
0
1
0
0.25
0
0
1
1
0
0
1
0
0
0
0
1
0
0
0
0
0
0
0
0
0
1
0.222222222222222
0
0
1
0
1
0
0.12
0
0
0
1
0
0
0
0
0.5
0
0
1
0
1
0
1
0
0
0
0
0
1
0
1
0
1
0.666666666666667
0
0
0
0.2
0
1
0
0
0
0
1
1
0
0
1
0
0
0
0
0
0
0
0
0
0
0
0
1
0.337349397590361
0
0
0
0
0
0
0
0
0.5
0
0
0
0
0.333333333333333
1
0
0
0
0
0.571428571428571
0
1
1
0.5
0
0
0
0
0.5
0
0.185567010309278
0
0
0
0
0
1
0
0
0
1
0.5
1
0
0
0
1
0
0
0
0
0.209917355371901
0
0
0
0
0.155172413793103
0
0
0
0
0.0952380952380952
0
0
0.32
0
0.378378378378378
0
0.5
0
0
0
0
0
0
0
0
1
1
1
0
0
0
1
0
0
0
0
0
1
0
0
0
0
0.666666666666667
0.666666666666667
1
0
1
0
0
0
1
0.333333333333333
0.75
0
1
0
0
0
0
0
0
0.5
0
0.189189189189189
1
0
0
0
0
0
0
1
1
0
0.5
0.333333333333333
0
0
0
0
0
0
0
0
0
1
0
0
0
0
1
1
0
1
0
0
0.3
0
0
0
0
0.666666666666667
0
0
1
0
0
1
0
1
0
0
0
0
1
0.5
1
0
0
0
0
0
0
0
0
1
0
0
1
0
0
0
0
0
0.333333333333333
1
0
0
0
0
1
0
0
1
0
0
1
0
0
1
0.182608695652174
0
0
0
1
0
0.5
1
0.636363636363636
0
0
0
0
0.297872340425532
0
0
1
0
0.333333333333333
1
0
0
0
0
0
0
1
0
0
0
0
0.5
0
1
0
0.166666666666667
0
0
0
1
1
0
0
1
1
0
0
0
0
1
0.25
0
0
1
0
1
0
1
0
0
0
1
0.5
0
0
0
0
0.4
0
0
0
0.2
0
0
0.2
0
0
0
0
0
0
0.333333333333333
0
0
1
0
0
0
0
0.5
0
0
0.75
0
1
0
0
1
0
0
1
0.75
1
0
0
1
0
1
0
1
0
0
0
0.642857142857143
0.351851851851852
0
0
0
0.5
0
0.5
0.5
0
0
0
1
0
0
1
0
0
0
1
0
0.294117647058824
1
0
0
0
0
0
0
0.37037037037037
0
0
1
0.5
0
0.117647058823529
0
0
0.0810810810810811
0
0
0
0
1
0
0
0.5
0.666666666666667
0
1
0
0
1
0
0
0
0
0
0
0
1
0
0.321428571428571
0
0
0
0
0
0
1
0.25
0.277777777777778
0
0
0
0.5
1
0
0
0
0
0.270168855534709
0.444444444444444
0
0
0
0
0
1
0
0
0
0
0
0
0
0
0
0
0
0
0.188405797101449
0.5
0
0
0
0
0
0.3
0
0
0.5
0
0
0
0
0
0
0
1
1
0
1
0.267942583732057
0
0
0
0
0.0972222222222222
0
1
0
0
0
1
1
0
0.370786516853933
0.5
0
1
0
0
1
0
0
0.5
0.322916666666667
0.234234234234234
0
0
0
0
0
1
1
0
0.428571428571429
1
0.444444444444444
0
0.615384615384615
0.557142857142857
0
0
0
0
0
0
0.5
0
0
1
0
0
1
0
0
0
0
0
0
0
0.3
1
0
0
1
0
1
0.307282415630551
0
0
1
0
1
0
0
0
0
0
1
0
0
1
0
0
1
0
1
0
0
0
0
0
0
0
0.28515625
0
1
0
0
0
0
0
0.5
0
0
0
0
0
0
0
1
0
0
0
0
1
0
1
0
0.25
0
0
0
0
0
0
1
0.3
0
0.158119658119658
1
0
0
0
0.375
0
0.666666666666667
0
1
0.5
0.342465753424658
0
0.666666666666667
1
0
0
1
0
0
0.283950617283951
0
0
0
0
0
0
1
0
0
0.2
0
0
0
1
0
0
1
0
0
0
0
0
0
0
0
0
1
0
1
0
0.5
0
1
0
0.5
0.25
1
0
0
0
0
0
1
0
0
0
0
0.285714285714286
0
0.406779661016949
0
0
0
0
0
1
0
0.373563218390805
1
0
0
0.303571428571429
0.5
0.290909090909091
0.27906976744186
1
1
0
0
1
1
0
0
0
0
0
0
0.428571428571429
0
0
1
0
1
1
0
0
0
0
0
0
1
0
0
0
0
0
0
0
0
0
0
1
1
0
0
0
0
1
0
0
0
0
0
0
0
0
0.5
0
0
0
0.233009708737864
0
0
0
0
1
0.333333333333333
0
0
0
0
0
0
0.290322580645161
0
0
0
0
1
0
0
0
0
0
0
0.5
0
0
0
0
0
0
1
0.5
1
0
0
0
0
0
0
0
0.25
0
0
0.5
1
0
0
0
0
0
1
0
1
0
0.4
0.5
0.241935483870968
0
0
1
0
1
0
0
0
0
1
0
0
0
0
0
0
0
0.166666666666667
0
0
0
0.666666666666667
0
0
0
1
0.5
0
0
0
0
0
0
0
0.240601503759398
0.25414364640884
0
0
0.5
0
1
1
0
0.238095238095238
0
0
0
0
0
1
0
0
0
1
0.529411764705882
0
0
0.75
1
0
0
0
0
0.304347826086957
0
0
0
0.256944444444444
0
1
0
0
0
0
0
0
1
0.182758620689655
0
1
0
0.333333333333333
0
0
1
0
1
0
0
0
0
0
0
0
0
0
0
0
1
0
0
0
0
0
1
0
1
0.375
0
1
0
0
0
0.428571428571429
1
1
0
0
1
0
1
1
0.247104247104247
0
0.333333333333333
0
0
0
0
0
0
0
0
0
0
0
0
0
0
1
1
0
0
1
0
0
0
1
0.5
0
1
0.5
0.466666666666667
0
0
0
0
1
0
0.223880597014925
1
0
1
0
1
0
0
0.333333333333333
1
0.5
1
0
0
0
0
0
0
0
0.259259259259259
0
0
0
0
1
1
0
0
0
0
0
0
1
0
0.666666666666667
0
0
0.388888888888889
0
0
0
0
0
1
0
0
1
0
0
1
0
0
0
0
0
1
0
0
0.285714285714286
0
0
0
0
0
1
0
0.428571428571429
0.142857142857143
0
0
0
0
0
0
0
0
0
0
0
0
0
0
0
0
0
0
1
1
0
0
0
0
0
0
1
0
0
0
1
1
0.5
0
0
0
0
0
0
1
0
0
0
1
0
0
0
1
0.5
0
0
0
0
1
0
0.25
1
0.246153846153846
0
0
0
1
1
0
0
1
0
0
1
0.666666666666667
0
0
0
0
1
0
1
0
0
0
0
0.5
0
0
0
0
0
0
0
1
0
1
1
1
0
1
0.5
0.376237623762376
0.5
0.666666666666667
0
0.5
0
0
1
0
0
0.2
0
0
0
0.375
0
0.252173913043478
0
0
0
1
0
0
0
0
0.0909090909090909
0
0
0
0
1
0
0
0
0.5
0
0
0
1
1
1
0
0
1
0
0.393688955672427
1
0
0
0
0
0.5
0
0
0
0
0
0
0
0.25
0
0
0
0
0
0
1
0
0
0.75
0
0
0
1
0
0
0
1
0
0
0
0
0
0.5
0
0
0
1
0
0
0.2
0
0
1
0
0
0
0
1
0
1
0.25
0.333333333333333
0
1
0
0.333333333333333
0
0
1
0
0
0.5
0
0
0
0
0
0
0
0
0
0.5
0
0
0
0
0
1
0
1
0
0
0
0
0
0
0
1
0
0
0
0
0
0.367647058823529
1
0
0
0
0
0
0
0
1
0.5
0.5
0
0
0
0
0.5
0
1
0
0
0
0
1
0
0
0
0
0
0
1
0
1
0
0
0
0
0
0
0.380952380952381
1
0
0
0
0
0
0
1
0
0
0
0
0
0.333333333333333
0
0
0
0
0
0
0
1
0
0
0
1
0
1
1
0.135135135135135
0
0
0
0
0.5
0
1
0
0
0
0
0
0
0
0.636363636363636
0
0.458333333333333
1
0
0
0
0
1
0
0.5
0
1
0
0
0
1
0.178370786516854
0
0.5
1
1
0
0
0
0.5
0
0
0
0
0
0
0
0
0
0
0
0.393939393939394
0
0.666666666666667
0
0
0.291666666666667
0
0
0
0
0
0
0
0
0
0.389705882352941
0
0
1
0
0.5
0.333333333333333
0
0
0
1
0.5
0
0
0
0
0
0
0.193548387096774
0.334763948497854
0
0
0
0
0
1
0
0
0
0
0
0
0
0.229508196721311
0
0
0
0
0
0
0
0
0.342512908777969
0
0
0
0
1
0
0.225806451612903
0.5
1
0
0.277777777777778
1
0.367469879518072
0
0
0
0.333333333333333
0
0.405405405405405
0
0
0
0
0
0.33
1
0
0
1
1
0
0
0
0.461538461538462
0
0
1
0
0
0
1
0
0
0
0
0
0
0
0
1
0
0
0
0
0
1
0
0
1
0
0
0
0
0
0
1
0
0
1
0.5
0
0
0
0
0
0
0
0
0.571428571428571
0
0
0
0
0
0
0
0
0
0
0
0
0
1
0
0
1
1
1
0
0
0
1
0.25
0
0
1
0
0
0
0.18141592920354
0
0
0
0
0
0.5
0
0
0
0
0
1
0.388059701492537
0
0
0
0
0
0
0
0
0
0
0
0
0
0.3
1
0
1
1
0
0.333333333333333
0
0
0
0.357142857142857
0
1
0
0
0.2
0
0
0
0
0
0
1
0
0
1
1
0
0
1
0
0
0
0
0
0
0
0
0
0
0.333333333333333
0
0
0.466666666666667
0
0
0
0
1
1
0
1
0
0
0
0
0
0
0
0
1
1
0
0
0
0
0
1
0.136363636363636
1
0
0
0
0.310051107325383
0
0
0
1
1
0
0.5
0
0
1
1
0
0
0.333333333333333
0.5
0
0
0
0
1
0
0
1
1
0.1875
0.5
0
0
0.192771084337349
1
1
0
0
1
0
0
0
0
1
1
0
0.323529411764706
0
0
1
0
0
1
0
0
0
0
0
0
0.714285714285714
0
0
0
0.363636363636364
0
0
0.5
0
0
0
1
0
0
0
0
1
0
0.666666666666667
0.333333333333333
0
0
0
0
0
0
0
0
0
0
0.5
0
0
0
0
0
0
0.375
0
0
0.515151515151515
1
0
0
0
0
0
0
0
0
0.311111111111111
0
0
0
1
0
0
0
0
0
0
0
0
0.333333333333333
0
0
0
0
1
0
0
1
0.4
0
0
0
0
0
1
0
0.214285714285714
0
0.818181818181818
0
0.5
1
0
0
0
0
0
0
0
0
0
0
0
1
0
0
0
0.4
0
0
0
0
0
0
1
0.4375
0
0.204081632653061
0.666666666666667
0
0
0
0
0
1
0
0
0
1
0
0
0
1
1
0
0
1
1
1
0
0.5
0
0.5
0
0
0
0
0
0
0
0
0
0
0
0
0
0
0
0
0
0
1
1
1
0
0
0
0
0
0
0.272727272727273
0
0.5
0
0
0
0.5
0
0
0
0
1
0
0
1
0.392857142857143
0.238461538461538
0
0
0
0
1
0
0
0
0
1
0
0
0
0
0
0
0
0.153846153846154
0
0
0
0
1
0
0
1
1
0
0
0
1
0
0
0
0
0
0.178260869565217
0
0
0.2
0
0.5
0
0.235294117647059
0
0
0
0
0
1
0
0
0
0.5
0
0
1
1
1
0
0
0
1
0
1
0
0
1
0
0.417910447761194
0
0
1
0
0
0
1
0.272727272727273
0
0.352941176470588
0
0
0
0.583333333333333
0
0
0
0.5
1
0
0
0
0
0
0
0.5
0
0.5
0
0
0
1
0
0
0
0
0
0
1
0
0
0.5
0
0.423076923076923
0
0
0
0
1
0
0
0
0
0
0
0
0
0
0
0
1
0.666666666666667
0
0
0
0
0.227722772277228
0
0
0
0.333333333333333
0
0.333333333333333
0
0
0
0
0
0
0
0.333333333333333
0
0
0
0
0
1
0
0
0
1
0
0.25
0
1
1
0
1
0
0
0
1
0
0
0
0
0.269791666666667
0
0
0
1
0
0
0
0.5
0
0
0
0
1
0
0
0.303370786516854
0
0
0
0
1
0
0
0
0
0
0
0
1
0
0
0
0
0
1
0
0
0
1
0
0
0
0
0
0
0
0
0
0
0.272727272727273
0
0
0
0
0
1
1
0
0.5
0
0
0
0
0
0
1
0
0
0
1
0
1
0
0
1
0
0.229885057471264
0
0
0
0.5
0
0
0
0
0
0
1
0
0.5
0
0
0.5
0
0
0
0
0
1
0
0
1
0
0
0
0
0
0.291666666666667
0
0
0
0
0
0
0
0
0
0
0
0
0.5
0.428571428571429
0
0
1
0
0
0
0
0
0
0.299319727891156
1
0
0
0.5
1
1
0
0
0
0
0
0
0.25531914893617
1
0
0
0
0
0
1
0
0.272727272727273
1
1
1
0
0
0
0
0
0
0.25
0
0
1
0
0
0
0
0.344086021505376
0
0
1
0
0
0
0
0.3
0
0
0
0
0
0
0
0
0
0
0
0
0
0
0
0
0.264705882352941
1
0
0
0
0
0
0
0.333333333333333
0
0
1
0
0
0
0.727272727272727
0
0
0.666666666666667
1
0
0
0
0
1
0
0
0
0
0.5
0
1
0
0.208333333333333
0
0
0
0
0
0
0
0.333333333333333
0
0
1
1
0
0
0
0
0.5
0
0
0
0
0
0
0
0
0
0
0
0.388888888888889
0
0.291666666666667
0
0
1
0
0
0.625
0
1
0
0
0
0
0.113207547169811
0.5
0
0
0
0
0
0.5
0
0
1
0
1
0
0
0
0
0
0
0
1
0
1
0
0
0
1
0
0
1
0
0
1
0
0
0
0
0
0
1
1
0
0
0
0
0
0
0
0
0
0
1
0
0
1
0
0
1
0
0
0.272435897435897
0
1
1
0
0
0
1
1
0
0
0.409090909090909
0
0
0
0
0
1
0
1
0
1
0
0
0
0.4
0
0
0
0
0
1
1
0.263157894736842
0
0.369565217391304
0
0
0
0
0
0.28125
0
0.5
0
0
0
0
0
0
0
0
0
0.122324159021407
0.310344827586207
0.5
0
0
1
0
0
0
0.307692307692308
0
0
0
0
1
0
0.5
0
0
0
0.666666666666667
0
0
1
0
0
0
0
0
1
0
0
1
0
0
0.195121951219512
0
1
0.5
0
0
0
0.5
0
0
0.333333333333333
0
0
0
1
0.173076923076923
0
0
0
0
0.5
0
0.142857142857143
0
0
0.166666666666667
0
0
0
0
0
0
0.5
1
0
0
0.323412698412698
1
0
1
1
0
0
0
0
0
0
0
0.321428571428571
0
1
0
0
0
0.330049261083744
0
0.288288288288288
0.5
1
0
0
0
0
0.326086956521739
0
0
0
0
0.666666666666667
0
0
0
0
0
0
0
0
0
0.333333333333333
0
0
0
0
1
0
0
1
0
0
0.228650137741047
0.5
0
1
1
0.285714285714286
0
0
1
0
0.256410256410256
0
0
0
1
1
0
0
0
0
0
1
0
0
0.211538461538462
0
0.5
0
0
0
1
0.666666666666667
0
0
0
0
0
0
0
0
0.361702127659574
1
1
0
0.428571428571429
0.260869565217391
0
1
0
1
0
0.75
0
0
0
0
0
0
0
0
0
0
0
0
0
0
0.2
0
0
0.150943396226415
0
0
1
0
0
0
0
0
0
0
1
0
0
0
0
0
0.181347150259067
0
0
0
0
0
0
0.25
0
0
1
0
0
0
0
0
0.267409470752089
1
0
0
0
0
0
0
0
0
0
0
0.33695652173913
0
0
0
0
0
0
0
0.285714285714286
0
0
0.189516129032258
0
0
0
0
0.451612903225806
1
1
0.333333333333333
0
0
0
0
0
0
0
0
0
0
0
0
0
0
1
0
1
0
0
0
0
0.484848484848485
0
0
1
1
0
0
0
1
0
0
0
0.310810810810811
0.666666666666667
0
0
0
0
1
0
0
0
0
0
0.25
1
0
0
0
0.5
0
0
0
0
0
1
0.323529411764706
0
0
0
0
0
0
0
0
0
1
0
0
0
0
0
1
0
0
0.5
0
0
0
0
0
0
0
0
0
0
0
0
0
0
1
0
0
0
0
0
0
0
0
0
1
1
0
0
0
0
1
1
0
0
0
0
0
0
1
0
0
0
0
0.363636363636364
0.5
0
0
1
0
0
0
0
1
0
0
0
0
0
0
0
0.2
0
1
0
1
1
0
0.239669421487603
0
0
0
0
0
0
1
1
1
0
0
0
0
0
0
0
0
0.386666666666667
0
0
0
1
0.14030612244898
0
1
0
1
1
1
0.5
0
0
0
0
0
0
0
0
0.5
0
0
0
0
0
0
0
0
0
0.5
0
0
0
0
0
1
0
0
0
1
1
1
0
0
0.5
0
0
1
1
0
0
0
1
0
0.5
0
0
0
1
0
0
0
0.428571428571429
0.333333333333333
0
0
0
1
0
0
0
0
0.421686746987952
0
0
0.5
0
0
0
0
0
0
0
0
1
0
0
0
0
0
0
1
0
0
0
0.388888888888889
1
1
1
0
0
0
0
1
0
0
0.5
0
0
0
0.5
1
0.333333333333333
0
0.382165605095541
0
0
0
0
1
0
0.204545454545455
0
0
0
0
1
0
0
0
0
0
0
0
1
0
0
0.333333333333333
1
0
0
0.636363636363636
0
0
0
0
0.28125
0
0
0
1
0.301470588235294
0
0
0
0.5
1
0
0
0
0
0
0
0
0
0
1
0
0
0
0
1
0
0
0
0
1
0
0
0
1
1
0
0
0
0
0
1
0
1
1
0.5
0
0
0.222222222222222
0
0
0
0
0
0
1
0
0
0
0
0
0
0
0
0
0
0.156565656565657
0
0
0
0
0
0
1
0
0.5
0
0.714285714285714
0
1
0
1
0
0
0
0
0
0
0
1
0
0
0
1
0
0
0
0
0
0
1
0
0.4
0.203389830508475
0
0
0
0.666666666666667
1
0
1
0
0
0
0
0
0
0
0
0
0
0
0
0
1
0.156862745098039
0
0
1
1
0
0
1
0
0
0
1
1
0
0.5
0
0
0.173913043478261
1
1
0
0
0
0
0
0
0
0
0
0
0
0
0
0
0.538461538461538
0
0
1
0
0
0
0
0
0
0
1
0
1
0
0
1
0
0
0
0
0
0
0.666666666666667
0.5
0
0
0
0
0
0
0
0.5
0
0
0
1
0
0
0
0
0
1
0
0
0
0
0
0
0
0
0
1
0
0
0
1
0
0
0
0
0
0
0
0.5
0
0
0
0.298387096774194
0
0
0
0
0
0
0
0
1
0
0
0.48780487804878
0
0
0
0
0
0
0
0
0
0.25
0
0
1
0
0
0
1
0
1
0
0.363636363636364
0
1
1
0
0
0
1
0
0
0
0
0
0
0
0
1
0
0
0
1
1
0
0
0
0
0
0
0.177514792899408
1
0
0
0.666666666666667
0
0
0
0.140625
0
0
0.0769230769230769
1
0
0
1
0
0
0
1
0
0
0
0
0
0
0
1
0
0
0
1
0
1
0
0
0
0
0
0
0
0
0
0
1
1
0
1
0
0
0.225
0
0
0
1
0
0.452054794520548
0
0
1
1
0
0
1
1
0
0
0
0
0
0
0
0
0
0
1
0
0
1
0
0.5
0
0
0.5
0
0
0
0
0
0
1
0
0
0
0
1
0
1
0
0
1
0
0
0
0
0
0
0
0
0
0
0
1
0
0
0
0
0
0
0
0
0
0
1
0
0
0
0
0
0
0
0
0
0
1
0
0
0
0
0
0
1
0
1
0
0
0.116666666666667
0
0
0.433734939759036
0
0
0
0
1
0.32258064516129
0
0
1
0
0.428571428571429
0
0
0
0
0.355555555555556
1
0
1
0
0
0
0.291666666666667
0
0
0
1
0
1
0.5
0
0
0.5
0
0
0
0
1
0
0
0
1
0
0
1
0
0
0
0.231707317073171
0
0
0.538461538461538
0
0
0.48
1
0
0
0
1
0
0
0
0
0
0
0.5
0.25
0
0
1
0
0
0
0.264150943396226
0.5
0
0
0
0
0.3
0
0
0.264900662251656
1
1
0
0
0
0
0
0
1
0
0
1
0
0.5
0
0
1
0
0
0
0
0.456521739130435
0
1
0
0
0
0
0
0
0
1
0
0
0
0
0
0
1
0
0
0
0
1
0
0
0.257936507936508
0
0
0
0
0
0
1
0
1
0
0
0
0
0
0.333333333333333
1
0
0
0.333333333333333
0
0
0
0
0
0
0
0
0
0
0
0
0.333333333333333
0
0
0
0
0
1
0
0
0
0
0
1
0
0.174496644295302
0
0
0.25
0
0
0
0
0
0
0
1
0
0
0
0
0.423684210526316
0
0.0909090909090909
0
0
1
1
0
1
0
0
0
0
0
1
1
0.5
0
0
0
0
0
0
0
0
0
0
0
0
1
0
0
0.4
0
0
0
0.5
0
0
1
0
0
0
0
0
1
0
0
0
0
0
0
0
0.5
0
0
0
0
0
1
0
0
0
0
0
0
0
0
1
1
0
0
1
0
1
0
0
0
0
0
0
0
0
0
0
0
0
0
1
0
0
0.666666666666667
0
0
1
0
0
1
0
1
0
0
1
1
0.25
1
0
0
0
0
0
0
0
0
0.355323590814196
0
1
0
0
0
1
0
1
0
0
0
0
0
0
0
1
0
0
0
0
0
0
0
0
0
0
0
0.324607329842932
1
1
0
1
1
0
0
0
0
0
0
0
0
0
1
0
0.282945736434109
0.5
1
0
0.170212765957447
0
0
0
0.6
0
0
0
0.288461538461538
1
0
0
0.5
0
0
1
1
0
1
0
0
1
0
0
0
0
0
0
0
0.3
0
1
0
1
0
0
0
0
0
0
0
0.430861723446894
0
1
0
0
0
0
0
0
1
0
0
0
0
0
0
0
0
0
0
0
0
0
0
0
0
0
0
0
0
0
0
0
0
0
0
0.222222222222222
0.380952380952381
0
0
1
1
0
0
0.19047619047619
0
0
1
0
0
0
0
0
0
0
0
0
0.30379746835443
0
0
0
0
0
0
0
0
1
0
1
0
0.302325581395349
0
0
0.3
0
0
0.333333333333333
0
0
1
0
0
0
0
0.181818181818182
0
0.32
0
0
1
1
0
0
1
1
1
1
1
0
0
0
1
0
0
0
1
0
1
0
0
0
0.333333333333333
0
1
0.283783783783784
0.219512195121951
0
0
1
0
1
0
0
0
0
0
0
1
0
0.5
1
0
0
1
1
0
0
0
0
0
0
0
0
1
0
0
0
0
0
0
0
0
1
1
1
0.238095238095238
0
0
1
0
0
0.205128205128205
0
0
0
0
0
0
0
1
0
1
0
0
0
0
0.666666666666667
0.333333333333333
0
0
0
1
0
0
0
0
0
0
1
0
0
0
0
1
0
0
0
0
1
0
0
0
1
0
0
0
0
0
0
0
0
0
0
0
0
1
0
0
0
1
0
0.416666666666667
0
0
0
0
0
1
0.5
1
0
0
0
0
0
0
0
0
1
0
0
1
1
0
0
1
1
0
0
0
0
0
0
0
0
0
0.5
0
0
0
0
0
0
0
0
0
0
0
0
0
0
0.777777777777778
0
0
0
1
0
0
0
1
0
0
0
0
1
0
0
0
1
0
0
0
0
1
0
0
0
0
0
0
0
0
0
0
0
0
0
1
0
0
1
0
1
1
0
0
0.5
0
0
1
0
0.333333333333333
0
1
0.236842105263158
0
0
0
0
0
0
0
0
0
1
0
0
0
1
0
0
0
0
0
0
0
0
0
0
0
0
0
1
0
0
0.5
0
0.333333333333333
0
0
0
0
0.224137931034483
0
0
0
0
0
1
0
1
0
0
0
0
0
0.25
0
0
0
0
0
0
0
0
0
0
0.337837837837838
0
0
0
0
0
0
0
0
0
0
1
0
1
0
1
0
0
0
0
0
1
0
0
1
0
0
0
0
0
1
0
0
0
0.333333333333333
0
0
1
0.666666666666667
0
0
0
0.333333333333333
0
0
0
0
0
1
0
0
0
1
1
0
0
0
0
0
1
1
0
0
0
0.4
0
0
0
1
0.25
1
0
1
1
0
0
0
0
1
0
0
1
0
0
0
0
1
0
0
0
0
0
1
0
0
0
1
0
1
1
0
0
0
0
0.34020618556701
1
1
0
0
0
0
0
0
1
1
1
0
0
1
0
1
0
0
0
0
0
0
0
1
0
1
1
0.6
0
0
0
0
0
0
0
1
0
0
0
0
0
0
0
0
0
0
0.15
0
0
0
1
0
0.375
1
0
0
0
0.333333333333333
0
0
0
0
1
0
0
0
0
0
0
0
0.296296296296296
0
0
0
1
0
0.481481481481481
0
0
0
1
1
0
0
0
0
0
0
0
0.346153846153846
0
0
0
0
0
0
0
0.207547169811321
1
0.333333333333333
0
0
0
0
0
0.5
0
0
0
0
0
0
0
0
0
1
0
0
0
0
0
0
1
0
0
1
0
0.5
0
1
0
0
0
0
0
0
1
0
0
0
0
0
0
0
0
0
0
0
1
0
0
0
0
0
0
0
0
0
0
0
1
0
0
0
0
0
0
1
0
0
0
0
0
0
0
0
0
0
0
0
0
0
0
0.241935483870968
1
0.5
0
0
0
0
0
0
0
0.269005847953216
0.331730769230769
0
0
0
0.5
0
0
0
1
0
0
1
0
0
1
1
0
0
0
0
0
0
0
0
0
0
0
0
0
0
0
0
1
0.324675324675325
0
0
1
0
0
0
0
0
0
0
0
0
0
1
0
0
0
0
0
0
0
0
0
0
0
0
0
0
1
0
0
0
0
0
0
0
0
0
0
0
0
1
0
0.37037037037037
0.150943396226415
0
0
0
0
0.310344827586207
0
1
1
0
0
0
0
0.292682926829268
1
0
0
0
0
0
0
0
0
0
0
0
0
0
0
0
0
0.533333333333333
0
0
0
0
0
0
0
0.25
0
0
0
0
0
0
0
0
0
0
0
1
0
0
0
0.333333333333333
0
1
0
0
0
0
1
0
0.416666666666667
0
0
0
0
1
1
0
0
1
0
0
1
0
0
0
0
1
0
0
0
0
0
0
0
0
0
0
0.5
0
0
0
0
0
0
0
0.291666666666667
0
1
0
0
0
0
0
0
0
0
0
0.25
0
0
0
1
0
0
0.307692307692308
1
0
0
0
0
0
0
1
0
1
0
0
0
0
0
0
0
0
1
0
0
0
0
0
0
1
0
1
1
0
0
0
0
1
0
0
0
0
0
0
0
0
0
0
0
0
0
0
0
0
0
1
0
0
0
0
1
0
0
0
0
0
0
0
0
0
0
0
0.307692307692308
0
0
0
0
0
0
1
0
0
0
0
0
0
0
0
0
0
0
0
0
1
1
0
0
0.226027397260274
0
1
0
0
0
0
0
0
0.344573234984194
0
0
0
0
0
0.25
1
0
0
0
0
0
0
1
0
0
0
0
1
0
0
1
0.295825771324864
0
1
0
1
0
0
1
1
0
1
0
0
1
1
0
0
0
0
1
0
1
0
1
0
0
0
0
0
0.250909090909091
0
0
0
1
0.363636363636364
1
0
0
1
0
0
0
0.636363636363636
0
0
0
0
1
0
0
0
0
1
1
0
0
0
0
0
1
0
0
0
0
0
0
0
0
0
0.285714285714286
0
0
0
0
0
0
0
0.5
1
0
0
0
0
0
0.181818181818182
0
1
1
0
0
0
0
0
0
0
0
0
0
0
0
0
0
0
0
0
0
0
0
0
0
1
0
0
0
0
1
0
0.5
0
0
0
0
0
0
0
0
0
0
0
0
1
0
0
0
0
0
0
0.186274509803922
0
0
0
0
0.166666666666667
0
0
0
0
0
0.376623376623377
0
0
0
0
0
0.5
1
0
0
0
0
0
0
0
0
0
0.5
0
0
0
0
0
0
0
1
0.307142857142857
0
0
0.236559139784946
0
1
0
0
0
0
1
0
0
0
0
0
1
0
0
0
0
0
0
0
0
0
0
0
0.338028169014085
1
0.166666666666667
0
0
0
0
0
0
0.388888888888889
0
0
0
0
0
0
0
0
0.4
0
0
0
0
1
0
0
0
1
0
0
0
0
1
0.411764705882353
0
0
0
0
0
0
0
1
0
1
0
0
0
0
0
0.5
0
0
0
0
0
0.259259259259259
0
0
0
0
0
0.5
0
0
0
0
0
0
0.5
0
1
0
0
0
0
0
0
0
0
0.5
0
0
0.401459854014599
0
0
0
0
1
0
0
0.19047619047619
0
1
0
0.166666666666667
0.48
0
0
0
1
0
0
0
0
0
0
0
1
1
1
0.223880597014925
0
0
0
0
0
0
0
0
0
1
0
0
0
0
0
0
0
0
0
0
0
0
0
0
0
0
0
0
0
0
0
0
1
0
0
0
0
0.5
0
0
0
0
0
1
0
0
0
0
0
0
0
0
0
1
0
0.2398753894081
1
0
1
0
0.25531914893617
0
0
0
0
0.333333333333333
0
0
0
0
1
0
0.833333333333333
0
0
0
0
0
0
0
0
0
0
1
1
1
0
0
0.666666666666667
0.409090909090909
1
0
0.5
0
0
0
0
0
0
0
0
0
0
0
0
0
0
0
1
0
0
0
1
0
0
0
0
0
0
0
1
0
0
0
0
0
0
0.666666666666667
0
0
0
0
0
0
1
0
1
0
0
0
0
0
0
0
0.5
0.366666666666667
1
0
0.454545454545455
0
0
0
0
0
0
0
0.292682926829268
0
0
0
0
0
0
0
0
0.244897959183673
0
1
0
0.3
0
0
0
0
0
0
0
0
0
0
0.2
0
0
0
1
0.290322580645161
0
0
0
1
0
0.421052631578947
0
0
1
1
0
0
0
0
0
0
0
0
0
0
0
0
0.785714285714286
0
0
0
0
0
0
0
0
0
0
0
0.2
0
0.25
0
0
1
0
0
0
0
1
0
0
1
0
0
0
0
0
1
0
0
0
0
0
0
0
0
0
0
1
0
1
0
1
1
0
0
0
1
0
0
0
0.3125
0.285714285714286
0
0
0
0
0
0
0
0
0.5
0
0
0
0
0
0.208074534161491
0
0
0
0
0
0
0
0.115384615384615
0
0
0.219653179190751
0
0
0
0
0
1
0
0.260869565217391
0
0
1
0
0
0
0
0
0
0.25
0
0
1
0
0
0
0
1
1
1
0
0
0
0
1
0
0
0
0
1
0
0
0
0
0
0
0
0
1
0
0
0
1
0
0
0
0
0
0
0
0
0
0
1
0
0
0
0
0
0
1
0
0
0
1
0
0
1
1
0
0
0
1
0
0
0
0
0
0
0
0
1
0
0
1
0
0
0
0
0
1
0
0
0
0
1
0.17910447761194
0
0
0
0
0
0
0
0
0
0
0
0
0
0
0
0
0
0
0
0.166666666666667
0
1
0
0
0
0
0
0
1
0
1
0
0
0.366666666666667
0
0
0
0.2
0
0.272727272727273
0
0
0
0
0
0
1
0
0
0
0
0
0.266666666666667
1
0
0
0
1
0
0
0.445026178010471
1
1
0
0
0
0
0
0.261261261261261
0
0
0.235294117647059
0
0
1
0
0
1
0
0
0
0
1
0
0
0.538461538461538
0.5
0
0.8
0
0
0
0
0
0
0
0
0
0
0
0
0
1
0
0
0
0
0
0
0
0
0
0
0
0.240875912408759
0
0
0
0
0
0
0.25
0
0
0
0.75
0
0.268292682926829
0
0
0
0.384615384615385
0
0
0
0
0
0
0
1
0
1
0
0
0.5
0
0
0
0
1
0
0
0
0
0
0
0
0
0
0
0
1
0
0
0
1
0
0
0
0
0.142857142857143
0
0
0
0
0
0
0
1
0
0.321167883211679
0
0
0.260869565217391
0
0
1
0
0
0.375
1
0
1
0
0
1
1
0
0.4
0
0
1
1
0
0
1
0
0
1
0
0
0
0
0
0
0
0
1
0
0
1
0
0
0.666666666666667
0
0
0
0
0
0
0
0
1
0
0.227272727272727
1
0.110473457675753
0
0
0
0
0
0
0
0
0
0
0
1
0
0
0
0
0
0
1
0
0
1
0
0
0
0
0.142857142857143
0
0
0
0
0.190909090909091
0
0
0
1
0
0
0
0
0.269230769230769
0
0.5
0
0
0
0
0
0
0.25
0
0
0
0
0
0
0.333333333333333
0
0
0
0
0
0
0.75
0
0
0
0
0
0
0
1
0
0
0
0
0
0
1
0
0
0
0
0
0.176470588235294
0
0
1
0
0
0
0
0
0.285714285714286
0
1
0
0
0
0
0
0
0
0.282191780821918
0.428571428571429
1
0
1
0
1
0
0
0
0
0
0
1
0
0
0
0
0
0
0
0
0
0
0
0
0
0
0
0
0
0
0
0.75
0
0
0
0
0
0
0
0
1
0
0
1
0
0
0
0
0
0
0
0
0
0
0
0
0
0
0
0
0
0
0
1
1
0
0
0
0
1
0
0
0
0
0
0
0
1
0
0
0
0.325
0
0
0
0
0
0
0
0.28
0
0
0
0
1
0
0
0
0
0.311688311688312
0
0.336842105263158
0.35
0
1
0
0
0
0
0
0
0.461538461538462
0.333333333333333
0.394736842105263
0
0
0.5
0
0
0
0
0.222222222222222
0
0
0
0
1
0
0
0
0
0
0
0
1
1
1
0
0
0
1
0
0
0
0
0
0
0
0
0
0
0.333333333333333
0
0
0
0
0
0
1
0
1
0
0
1
0
0
0.172043010752688
0
0
0
0
1
0
0
1
0
0
1
1
1
0
0
1
1
0
0
0
0
0
1
0
0
0.197978096040438
0.8
1
0
1
0
0.184931506849315
1
0
1
0
0
1
0
0
0
1
0
0
1
0
0.384615384615385
1
0
0
0
1
1
0.415730337078652
0
0.5
0
0
0
0
0
0
0
0
0
1
0
0
0
0.133333333333333
0.239583333333333
0
0
0
0
0
0
0
0.352941176470588
0
0
1
0.125
0
0.0852713178294574
0
0
1
0
0
0
0
0
0
0
0
0
0
0
0
0
1
1
0
0
0
0
0
0
0
0
0
0
0
0
1
0
0.333333333333333
0
0
0
1
0
0.310344827586207
0
0
1
0
0
0
1
0.5
0
0
1
0
0
0.297297297297297
1
0
0
0
1
0
0
1
1
0
0
0
0
0
0
1
0
0
0
0
0
1
0
0
0
0.6
0
0
1
0
0.357142857142857
0
0
0
0
0
0.714285714285714
0.25
0.333333333333333
0
0
0
0
0
0
0
0.666666666666667
0.25
0
0
0
0.5
1
0
0.25
0.75
1
0
0
0
0
0
0.666666666666667
0
0
0.222222222222222
0
0
0.8
0
1
0.538461538461538
1
0
0.333333333333333
0
0
0
0
0
0.75
0
0.32
0.555555555555556
0
0
0
0
0
0
1
0
0
0.375
0
0
0
0
0
1
0
1
0
0
0
0
0
0
0
0
1
0
1
0.666666666666667
0.428571428571429
0.75
0.545454545454545
0
0
0
1
0
0.666666666666667
1
0
0
0
0
0
1
0
0
0
0
0
0
0
0
0
0
0
0
0.259259259259259
0
1
0.3
0.75
0
0.735294117647059
0
0
0
0.2
0
0
0
0
0.666666666666667
1
0
0
0
0
0
0
0
0
0
1
0
0
0
0
0
1
0
1
0.5
0.75
0
0
0
0
0
0.4
1
0
0
0
0
0
0
0
0
0.666666666666667
0
0
0
0
0
1
1
0
0
0
0
0
0
1
0
0
0
1
0
0
1
1
0
0
0
0
0
0
0
0
0
0
0
1
0.344827586206897
0
0
0
0
0.5
0
1
0
0
0.709677419354839
0
0
0
0
1
0
0
0
1
0
1
1
0
1
0
0
0
0
0.328571428571429
0
0
0
0
0
1
0.25
0
0
1
0
0
0
0
1
0
0
0
0
0
0
0
0
1
1
0
0
0
0
0
0
1
0
0
0
0
0
0
0
0
0
0
0
1
0
0.277777777777778
0
0
0
0
0
0
0
0
0
0
1
0
0
0
0
0
0
0
0
0.5
0
0
0
1
1
0
0
0
0
0
0
0
0
0
1
0
0
0
0
0
0
0
0
0.652173913043478
0
0
0
0
1
0.245901639344262
0
1
0
0
0
1
0
0
0
0
0
0
0
0
0
1
0
1
0
0
0
0
1
0
0
0
0
1
0
0
1
0
0
1
0
0
0.5
0
0
0
0
0
0
0
0
0
0
0.466666666666667
0
0
1
1
0
0
0.367836257309942
0
0
0
1
0
0
0
1
0
0
0
0
0
0
0
1
0
0
0
0
0
0
0
0
0
0
0.75
0
0
0
0
0
0
1
0.222222222222222
0
0
0
0.5
1
0
1
0.5
0.666666666666667
0
0.384615384615385
0
1
0
0
0
0
0
0
0
0
0
0
0.75
0
0
0
1
0
0.241379310344828
0.5
0
0
0
0
0
0
0
0.285714285714286
0
0
1
0.333333333333333
1
0.0377358490566038
1
0
0
0
0.6
0
1
0
0
0
0
0
0
0
0
0
0
0
0
0
0
0
0
0
0
0.166666666666667
1
0
0
0
0
0
0
0
0
0
0
1
0.5
0
1
0
0
0
0
0
0
0
0
0
0
0
0
0.384615384615385
0.846153846153846
1
0.5
0
0
0
1
0
0
0
0
0
0
0.666666666666667
0
0
0
0
0
0
0
0
0
1
0
0
0
0.666666666666667
1
0
0
0
0
0
0
0
0
0
0
0
0
0.5
0
0
1
1
0
0
0
0
0
0
0
0.290322580645161
0.142857142857143
1
0
0
0
0
0
1
0
0
0
0
0
0
0
1
1
0
0
0
1
0.142857142857143
0
0
0
0
0
0
0
0
0
0
0
0
0
0
0
0.6
0.666666666666667
0.666666666666667
0
0
0
1
0
0
0
0
0
1
0
1
0
0
0
1
0
0
0
0.25
0.6
0
0.666666666666667
0
0
0
1
0
0
0
0
0
0
0
0
0.625
0
0
0
0.2
0
0
0
0
1
1
0
0
0
0
0
0
0
0
0
0
0
0
0
0
0
0
0
0
0
1
0
0
0
0
1
0.5
0.395348837209302
1
0
1
0
0
0
0
1
0
0
0
0
0
0
0
0
1
1
1
0
1
0
0
1
0
0
0
1
0
0
0
0
0
0.333333333333333
0
0
0
0
1
0
0
0
0
0
0
0
0
0
0
0
0
0
0
0
0
0.833333333333333
0
0
1
0
0
0
0
0
0
0
0
0
0
0
0
0
0
0
1
0
1
0
0
0
0
0
0.3
0
0
0
0
0
0
0
0.333333333333333
1
0
1
0
1
0
0
0
0
0
0
0
0
0
0
0
0
0
1
1
0
1
1
0
0
0
0
0
0
0
0
0
0
0
0
1
0
0
0
0
0
0
0
0
0
1
0
0
0
0
0
0
0
0
0
0
0
0
0
0
0
0
0
0.5
0
0
1
0
0.5
0.957446808510638
0
1
0
0
0
0
0
0
0
0
0
1
0
0
0
0.6
1
0
0
0
0
0
0
0
0
0
0
0
0
0
0
0
0
0
0
0
0
1
0
0
0
1
0
0
0
1
0
0
0
0
0
0
0
0
0
0
0
0
0
0
0
0
0
0
0
0
0
0
0
0
0
0
0
0
0
1
0
0
0
0
1
0
0
0
0
0
0
0
0.5
0
0
0
0
0
0
0
0
0
0
1
0
0
0
0
0.5
0
0
0
0
0
0
0
0
0.75
0.5
0
1
0
1
0
0
0
0
0
0
1
1
0
0
0
0
0
0
0
1
1
0
1
0
0
0.5
0
0
0
0
0
0
0
0
0
0
0
0
0
0
1
0.333333333333333
0
0
0
0
0
0
0
0
1
0
0
0
0
0
0
0
0
1
0
1
0
0
0
0
0
0
0
0.5
0
0.777777777777778
0
0
0
0
0
1
0
0
0
0
0
0
0
0
0
0
1
1
0
1
0
0
0
0
0
0
0
0
0
0
1
0
0
0
0
0
0
0
0.5
0
0
0
0
0
1
0
0
0
0
0
0
0
0
0
0
0
0
0
0
0
0
0
1
0
0
0
0
0
0
0
0
0
0
0
0
0
0
0
0
0
1
0
0
0
1
0
0
0
0
0
0
0
0
0
1
0
0
0
0
1
0
1
0
0.344262295081967
0
0
1
0
0
1
0
0
0
0
0
0
0
0
1
0
0
0.111111111111111
0
0
0
0
0
1
0
0
0
0
0
0
0.691176470588235
0
0
0
0
0
0
0
1
0
0
0
0
0.5
0
0
0
0
0
0
0
0
0
0
0
0
0
0
0
0
0
0
0
0
1
1
0
0
0
0
0
1
0
0
0
0
0
0
0
0
1
0
0
0
1
1
0
0.5
0
0
0
0
0.666666666666667
0
0
0
0
0
0
0
0
1
0
0
0
0
0
0
0
0
0.324675324675325
0
0
1
0
0
0
0
1
1
0
0
0
1
0
0
0.75
0
0
0
1
0
0
0
0
0
0
0
0
0
0
1
0
0
0
0
1
1
0
0
0
0
0
0
0
0
1
0
0
0
0
0
1
0
0
0
0
0
0
0
0
0
0
0
0
0
1
0
0
0
0
0
1
0
0
0
0
0
0
0
0
0
0
0
1
0
0
0
0
1
0
0
0
1
1
0
0
0
0
0
0
0
0
0
0
0
1
0
0
0
0
0
0
0
0
0
0
0
0
0
0
0
0
0
0
0
0.5
0
1
0
0
0
0
0
0
0
0
0
0
0
0
0
0
0
0
0
0
0
0
0
0
1
0
1
0
0
0
1
0
0
0
0
0
0
0
0
0
1
0
0
0
0
0
0
0
0
0
1
0
1
0
1
0
0
0
0
0
1
1
0
0
0.125
0
0
0
0
0
0
0
0
0
0
0
1
0
0
0
0
0
1
0
0
0
1
0
0
0
0
0.932203389830508
0
1
0
0
0
0
0
0
1
0
0
0
0
0
0
0
0
0
0
0
0
0
0
0
0
0
0
0
0
0
1
0
0
0
0
0
0
1
0
0
0
0
1
0
0
0
1
0
0
0
0
0
0
0
0
0
0
0
0
0
0
0
0
0
0
0
0
0
0
0
0
0
0
0
0
0.5
0
0
0
0
0
0
0
0
0
0
0
0
0
0
0
0
0
0
0
0
0
0
0
0
0
0
1
0
0
0
0
0
0
0
1
0
0
1
1
0
0
0.3003300330033
0
0
0
0
0
0
0
0
0.909090909090909
0
0
0
0
0
0
0
0
0
0
0
0
0
0
0
0
0
0
0.666666666666667
0
0.285714285714286
0
0
0
0
0
1
0
0
0
0
1
1
0
0
0
0
0
0
0.636363636363636
0
0
0
0
0
0
0
1
0
1
0
0
0
0
0
1
0
0
0
0
0
0
0
0
0
0
0
0.333333333333333
0
0
0
0
0
0
0
0
0
0
1
0
0
0
0
0
0
0
0
0
0
0
0
0
1
1
1
0
0
0
0
0
1
0
0
0
0
0
0
0
0
0
0
0
0
0.833333333333333
0
0
0
0
0
0
0
0
1
0
0
0
0
1
0
0
1
0
1
0
0
0
0
0
0
0
0
0
0
0
0
0
0
0
0
0
0
0
0
0
0
1
0
0
0
0
0
0
0
0
0
0
0
0
0
0
0
0
0
0
0
0.893939393939394
0
0
0
0
0
0
0
0
0
1
0
0
0
0
0
0
0
1
0
0
0
0
0
0
0
1
0
0
0
1
0
0
0
0
0
0
1
0
0
0
0
0
0
0
0
0
0
0
0
0
0
0
0
0
1
0
0
0
0
0
0
0
1
0
0
0
0
0
0
0
0
0
0
1
0
0
1
0
0
0
0
0
0
1
0
0
0
0
0
0
0
0
0
0
1
0
0
0
0
0
0
0
0
0
0
0
0
0
0
0
0
0
0
1
0
0
0
0
0
0
0
0
0
0
0
0
0
0
1
0
0
0
1
0
0
0
0
0
0
0
0
0
0
0
0
0
1
0
0
1
0
1
0
0
0
0
0
0
1
0
1
0
0
0
0
0
0.5
0
0
0
0
0
0
0
0
0
0
0
0
0
0
0.4
0
0
0
0
0
0.405405405405405
0
0
0
0
1
0
1
0
0
0
0
0
0
0
0
1
1
0
0
0
0
1
0
0
0
0
0
0
0
0
0
0
0
0
0
1
0
1
0
0
0
1
0
0
0
1
0
0
0
0
1
0
1
0
0
0
0
0
0
0
1
0
0
1
0
1
0
0
0
0
0
0
0
1
1
0
0
0
0
0
0
0
0
0
0
0
0
0
1
0
0
0
0
0.5
0
0
0
0
0
0
0
0
0
0
0
0.5
0
0
0
1
0
0
1
0
0
0
0
0
0
0
0.5
0
0
0
0
0
0
0
0
0
0
0
0
0
0
0
0
0
0
0
0
0
0
0
1
0
0
0
0
0
0
0
0
0
0
0
0
0
0
0
0
0
0
0
0
0
0
0
0
0.5
0
0
0
0
0
0
0
0
0
0
0
0
0
0
0
0
0
1
0
0
1
0
0
0
0
0
1
0
0
0
0
0
0
1
0
0
0
0
0
0
0
0
0
0
1
0
0
0
0
0
0
0
0
0
0
0
0
0
0
0
0
0
0
0
0
0
0
0
0
0
0
0
1
0
0
0
0
0
0
0.727272727272727
0
0
0
0
0
0
1
0
0
0
0
0
0
0
0
0
0.219653179190751
0
1
0
0
0
0
0
0
0
0
0
0
0
0
0
0
0
1
0
0.25
0
0
1
0
0
0
0
0
0
0
0
0
1
0
0
0
0
0
0
0
1
1
0
0
1
0
0
0
0
0
0
1
0
0
0
0
0
0
0
0
0
0
0
0
0
0
0
0
0
0
0
0
0
0
0
0
0
0
0
0
0
0
0
0
0
0
0
0
0
0
0
0
0
0
0
0
0
0
0
1
1
0
0
0
0.339285714285714
1
0
0
0
0
0
0
0
0
0
0
0
1
0
0
0
0
0
0
0
0
0
1
0
0
0
0
0
0
0
1
0
0
0
0
0
0
0
0
0
0
0
0
0
0
0
0
1
0
0
0
0
0
0.363636363636364
0
0
0
0
0
0
0
0
0
0
0
0
0
0
1
0
0
1
0
0
0.75
0
0.238095238095238
0
0
0
0
0
0
0
0
0
0
0
0
0
0
0
1
1
0
0
1
0
0
0
0
1
0
0
0
0
0
0
0
0
0
0
0
0
0
0.571428571428571
0
0
0
0
0
0
0
0
0
0
0
0
0.380952380952381
0
0
0
0.75
1
0
0
0
0
0
0
0
0
0
0.4
0
0
0
0
0
0
0
0
1
0
0
0.5
0
0
1
0
0
1
0
0
0
0
0
0
1
0
0
0
0
0
0
1
0
1
1
0
0
0
0
0
0
0
0.5
0
0
1
1
0
0
1
0
0
0
0
0
0
0
0
0
0
0
0
0
0
0
0
0
0
0
0
0
0
0
0
0
0
0
0
0
0
0
0.833333333333333
0
0
0
0
0
0
0
0
0
0
0
0.5
0
0
0
0
0
0
0
0
0
0
0
0
0.6
0
0
0
0
0
0
0
0
1
0
0
0
0
0
0
0
0
0
0
0
1
0
0
0
1
0
0
0
0
0
0
0
0
0
0
0
0
0
0
1
0
0
0
0
0
1
0
0
0
1
0
0
0
1
0
0
0
0
0
0
0
0
0
0
0
0
1
0
0
0
0
0
0
0
0
0
0
0
0
0
0
0
0
0
0
0
1
0
0
0
0
0
0
0
0
0
0
0
0
0
0
0
0
1
0
0
1
0
0
0
0
0
0
0
0
0
0
0
0
0
0
0
0
0
0
0
0
0
0
1
0
0
0
0.666666666666667
0
0
0
0
0
0
1
0
0
0
0
0
0
0
1
1
0
0
0
0
0
1
0
0
0
0
0
0
0
1
0
0
1
0
0
0
0
0
0
0
0.647058823529412
0
0
0
0
0
0
0
0
0
0
0
1
0
0
0
0
0
0
0
0
0
0
1
0
0
0
0
0
1
0.294871794871795
1
1
0
0
1
0
0
0
0
0.27027027027027
0
0
0
0
0
0
0
0
0
0
0
0
0
0
0
0
0
0
0
0
0
0
0
0
1
0
0
0
0
0
0
0
0
0
0
0
0
0
0
0
1
0
0
0
0
0
1
0
0
0
0
0
0
0
0
0
0
0
0
0
0
0
1
0
0
0
0
0
0
0
1
0
0.916666666666667
0
0
0
0
0
0
1
0
0
0
0
0
0
0
0
1
0
0
0
0
0
0
0
0
0
0
0
0
0.5
0
0
0
0
0
0
0
0
0
0
0
1
0
0
0
0
0
0
1
0
0
0
0
1
1
0
0
0
0
0
0
0
0
0
0
0
0
0
0
0
0
0
0
0
0
0
0
0.296875
0
0
0.5
0
0
0
0
1
0
0
1
0
0
0
0
0
0
0
0
0
0
0
0
0
1
0
1
0
0
0
0
0
1
1
0
0
0
0
0
0
0
0
0
0
0
1
0
1
0
0
0
0
0
0
0
0
0
0.5
0
0
0
0
0
0
0
0
1
0
0
0
0
0
0
0
0
0
1
0
0
0
0
0
0
0
0
0
0
0
0
0
1
0.5
0
0.285714285714286
0
0
0
0
1
0
0
0
0
0
1
0
0
0
0
0
0
0
1
1
1
0
0
0
0
0
0
0
0
0
0
0
0
0
0
0
0
1
0
0
1
0
0
0
0
0
0
0
0
0
0
0
0
0
0
0
0
0
0
0
0
0
0
0
0.5
0.380952380952381
1
0.333333333333333
0
0
0
0
0
0
0
0
1
0
0
0
0
1
0
0
0
0
0
0
0
0
0
0
0
0
1
1
1
0
0
0
0
0
0
0
0
0
0
0
1
1
0
0
1
0
0
0
0
1
0
0
0
0.5
0
0
0
0
0
0
0
0
0
0
0
0
0
0
0
1
0
0
0
0
0
1
0
0
0
0
1
0
0
0.176470588235294
0
0
0
0
0
1
0
0
0
0
0
0
0
0
0
0.5
0
0
0
0
0
0
0
0
0
0
0
0
0
0.222222222222222
0
0
0
0
0
1
0
1
0
1
0
1
1
0
0
0
0
0
0
0
0
0
0
0
0
0
0
1
0
0
0
0
1
0
1
0
0
0
0
0
0
0
0
0
0
0
0
0
0
0
0
0
0
1
0
0.307692307692308
0
0
0
0
0
0
0
0
0
0
0
0
0
1
1
0
0
0
0
1
0
0
0
0
0
1
0
0.5
0
0
0
0
0
0
0
0.5
0
0
0
0
0
0
0
0
0
0
0
1
0
0
0
0
0
0
0
0
0
0
0
0.333333333333333
1
0
1
0
1
0
1
0
0.804878048780488
1
0
1
0
0
0
0
0
0
0
0
0
0
0
0
0
0
0.3
0
0
0
0.333333333333333
0
1
1
1
0
0
0
1
0
0
0
0
0
1
0
0
1
0
1
0.25
0
0
1
0
0
0
0
0
0
0
0
0
0
0
0
0
0
0
1
0
0
0
0
0
0
0
0
0
0.5
0
0
0
0
0
0
0
0
0
0
0.428571428571429
0
1
0
0
0
0
0
0
0
0
0
0
0
0
0
0
0
0
0
0
0
0
1
0
0
0
0
0
0
0
1
1
0
1
1
0
0
0
0
0
0
0
1
1
0
0
0
1
0
