0
0
0
0
0
0
0
0.970588235294118
0
0
0.0169491525423729
0
0
0
0
0
0
0
1
0
0.037037037037037
0
0
0
0
0
0
0
0
0
0
0
0
0
0
0.0188679245283019
0
0.95
0
1
0
0
0
0
0
0
0
0
0
0
0
0
0
1
0
0
0
0
0
0.00453857791225416
0
1
0
0
0
0
0
0
0
0
1
0
0
0
0
0
1
0
0
0
0
0
0
0
1
0
0
0.105549510337323
0
0.125
0
0
0
0.25
0
0
0
0
1
0
0
0
0.5
0
0
0
0
1
0
1
0
0
0
0
0
0
0
0
0
0
0
0
0
0
0
0.0294117647058824
0
0
0.0588235294117647
1
0
0
0
0
0
0
0
0
0
0
0
0
1
0
0
0.142857142857143
0
1
0
0
0
0
0
0
0
0
0
0
1
1
0
0
1
0
0
0
0
0
0
1
0
0
0
1
0
0
0
0
0
0
0
0
1
1
0
0
0
0
0
1
0
0
0
0
0
0
0
0
0
0
0
0
0
1
0.0101522842639594
0
0
0
0
0
0.5
0
0
0
0
0
1
0.181818181818182
0
0
0
0
0
0
0
0.0769230769230769
0
0.2
0
0
0
0
0
0
0
0
0
0.75
0
0.441860465116279
0
0
0
0
0
0
0
0
0
0
1
0
0.638888888888889
0
0
1
0
0
0
0
0
0
0.5
0.666666666666667
0
1
0
0
0
1
0
0
0
0
0
1
0
0
0
0
0
0
0
0
0
0
0
0
0
0
0
1
0
0.0714285714285714
0
0
0
0
0
0
0
0
0
0
0
0
0
0
0
0
0
0
0
0
0
0.0103092783505155
1
0
0
0
0
1
1
0
0
0
1
0
0
0
0.132530120481928
0
0
0.571428571428571
1
0
0
0
0
0
0
0
1
0
0
0
0
0
0
0
0
0
0
0
0
0
0.0454545454545455
0
0
0.0833333333333333
0
0
0
0
0.0333333333333333
0
0
0
0
0
0
0
0
0
0
0
0.00421940928270042
0
0
1
0.00210084033613445
0.5
0
0
0.2
0
0
0
0
0
0
0
0
0
0
1
0
0.0117647058823529
0
0
0
0
0
0
0
0
1
1
0
0
0
0
0
0
0
0
0
0
0
0
0
0
0
1
0
0
0
0
0
0
0
0
0
0
0
1
0
0.333333333333333
0
0
0
0.0833333333333333
0
1
0
0
0
0
0
0
0.00303951367781155
0
0
0
1
0
0
0
0
0
1
0
0
0
0
0.2
0.4
0
0
0
0
0
1
0
0
0
0
0
0
0.0333333333333333
1
0
0
0
0
0
0
0
0
0
0
0.025
0
0.177777777777778
0
0
0
1
0
0
0
0
0
0
0.0108695652173913
0
0
0
0
0
0
0
0
0
0
0
0
0
1
0
0
0
0
0
0
0
0
0
0
0
0
0
0
0
1
1
0
0.00462962962962963
0
0
0
1
0.666666666666667
0
0
0
0
1
0
1
0
0
0
0.0666666666666667
1
0
0
0
0
0
0
0
0
0
1
0
1
0
0
1
0
0
0
0
0
0.0833333333333333
0
0
0
0.0769230769230769
0
0
0
0
0
0
0
0
0
0
0.0121951219512195
0
1
0
1
0
0
0.0105263157894737
0
0
0.1
0
1
0
0
0
0
1
1
0
0
0
0
0
0.0833333333333333
0
1
0.0142857142857143
0.0410958904109589
0.5
0
0
0
0
0.0232558139534884
0
0
0
0
0
0
0
0
0
0
0
0
0
0
1
0
0
0
1
0
0
0
0
0
0
0
0
0
0
0
0
0
0
1
0
0
0
0
0
1
0
0
1
0
0
0
0.9
0
0
0.5
0
0
0
0
0
0.984615384615385
1
0
0
0
0
1
0
0
0
0
1
1
0
0
0
0
0
0
0
0
0
0
0
0
0.8
0
0
0
0
1
0
0
0
0
0
0
0
1
0
0
0.062962962962963
0
0
0
0
0
0
0
0
0
0
0
0.2
0
0
0
0
0
0
0
0
0
0
0
0
0
0
0
0
1
0
0
0
0
0
0
0
1
1
0
0.0714285714285714
0
0.0625
0
0
0.0377358490566038
0
0
0
0
0
0
0
0
0
0
0
0
0.0260869565217391
0
0
0
0
0
0
0
0
0
0
0
0
0
0
0
0
0
0
0
0
0
0
0
0
0
0
0
0.142857142857143
0
0
0
0
0
0
0
0
0
0
0
0
0
0
0
0
0
0
0
0
0
0
0
1
0
0
0
0
0.166666666666667
0
0
0
0
1
0
0
0
0
0
0
0
0
0.00930232558139535
0
0
0
0
0
0
0.142857142857143
0
0
0
1
0
0
0
0
0
0
0
0
0
0
0
0
0
0
0
0.0714285714285714
0
0
0
0
1
0
0
0
0
0
0
0
0
0
1
0
0
0
0
0
0
0
0
0
0
1
0
0
0.25
0
0
0
0
0
0
0
0
1
0
0
0
0
0
0
0
0
0
0
0
0
0
0
0
0
0
0
0
0
0
0
0.666666666666667
1
0
0
0
0
0.2
0
0
0
1
0
0.1
0
0
1
0
0
0
0
0
0
0
0
0
0
0
0
0
0
0
0
0.5
0
0
0
1
0
0
0
0
0
0
0
0
0
0
0
0
1
0
0
0
0
0
0
0.0714285714285714
1
0
1
1
1
0
0
0
0
1
0
1
0
0
0
0
0.0146443514644351
0
1
0
0
0
0
0
0
1
0
0
0.0277777777777778
0
0
0
0
0
0
0
1
0
0
0
0
0
0
0
0
0
0.2
0
0
0
0
1
0.25
0.823863636363636
0
0
0
0.166666666666667
0
0
0
0
0.0588235294117647
0
0
0
0
0.5
0
0
0
0
0
0
0
0
0
0
0
0
0
0
1
0
0
0
0
0
0
0
0
0
0
0
0
0.0615384615384615
0
0
0
0
0
0
0
0
1
0
0
1
0.4
0
0
0
1
0
1
0
0
1
0
0
0
0
0
0
1
0
0
0
0.5
1
0
0.833333333333333
0
0.00305810397553517
0
0.995327102803738
0
0
1
0
0
0.333333333333333
0
0
0
0
0
0
1
0
0
0
0
0
0
0
0
0
0
1
0
0.0573248407643312
0
0
0
0
0
0
0
1
0
0
1
0
0
0
0
0
0
1
0
0
0
0
0
0
0
0
0
0
1
0
0
0
0
0
1
1
0.333333333333333
0
1
0
0
0
1
0
0
0
0
0
0
0
0
0
1
0
0
0
0
1
0
0
0
0
0.00120772946859903
0
0
0
0
0
0
0
0
0
1
0
0
0
1
0
0
0.5
0
0
0
0
0
0
0.333333333333333
0
0
0
0
0
0
0
0
0
0
0
0
0.5
0
0
0
0
0
0
0
0
0
0
1
0
0
0
0
0
0
0
0
0
1
0
0
0.072463768115942
0
0
0
0
0
0
0
0
0
0
0
0
0
0
0
0
0
0
0
0
0
0
0
0
0
0
0
0
0
0
0
0
0
0
0
0
0
0
1
0
0
0
0
0
0.00409836065573771
0
0
0
1
0.5
0
1
0
0
0
0
0
0
0
0.285714285714286
1
0
0
0
0
0
0
0
1
0
0
0
0
0
0
0
0
0
1
0
0
0
0
0
0
0
0
0
0
0
0
0
0
0
0
0
0
0
0
0
0
0
1
0
0
0
0.666666666666667
0
0
0
0
0
0
0
0
0
0
0
0
0
0
0
0
0
0
0
0
0
0
0
0
0
0
0
0
0
1
0
0.087378640776699
0
0
0
0
0
0
0
0
1
0
0
1
0
0
0
0
0
0
0
1
0
0
0
0
0.333333333333333
0.25
0
0
0
0
0
0
0
0
0
0
0
0
0
0
0
1
0
0
0
0
0
0
0
0
0
0
1
0
0
0
0.5
1
0
0
1
0
0
0.2
0
0
0
1
0
0
0
0
0
0
0
0
1
0
0
0
1
1
0
0.2
0
0
0
0
0
0
0
0
0
0
0
0
0
0
0
0
0
0
0
0
0
0
0
0.113655640373198
0
0.5
0.25
0
0.5
0
0
0
0
0
0
0
0
1
0
0
0
0.5
0
1
0
0
0
0
0
0
0
0
0
1
0
0
0
0
0
0
0
0
0
0
0
0
0
0
0
0
0
0
0
0
1
0.166666666666667
0
0
1
0
0
0
0
0.125
0
0
0
0
0
0
0
0
0
0
0
0
0
0
0
0
0
0
0
0
0
0
0
0
0
0
0
0
0
0
0.790697674418605
0
0
0
0.166666666666667
0
0.995412844036697
1
0
0.00847457627118644
0
0
0
0
0
0
0
0
0
1
0
0
0
0
1
0
0
0
0
0
0.0555555555555556
0
0
0
0
0
0
1
0
0
0
0
0
0
0
0
1
0
0
0
0
0
0
0
0
0
0
0.0034965034965035
0
0
0
0
0
0
0
0
0
0
1
0
0
0
0
0
0
0
0
1
0
0
0
0
1
0
1
1
0
0
0
0
0
0
0
0
0.666666666666667
0.25
0
0
0
0
0
0
0.116883116883117
0
0
0
0
0
0
0
0
0
0
0
0
0
0
0
0
0
0
0
0
0
0
1
0
0
0
0
0
0
0
0
1
0.5
1
1
1
0.1
0
0
0
0.111111111111111
0
0
0
0
0
0
0
0
0
0
1
0
0
0
0
0.1
0
0
1
0
0
1
0
0
0
0
0
0
0
0
0
0
0
0
0
0
0.333333333333333
0
0
0
0.666666666666667
0
0
0
0
0
0
0.0497925311203319
1
0
1
0
0
0
1
0
0
0
0
0
0
0
0
0
0
0
0
0
0
0
0
0
0
1
0
1
0
0
0.072463768115942
0
0
0
0
0
0
0
0
0
0
0
0
0
0
0
0
1
0
0
0
0
0
0
0
0
0
0
0
0.114537444933921
0
0
0
0
1
0
0
1
0
0
0
1
0
0
0
1
0
0
0
0
0
0
0.0769230769230769
0
0
0
0
0
0
0
0
0
0
0
0
0
0
0
0.0862068965517241
0
0
0
0
1
0
0
0
0
0
0
0
0
0
0
0
0
0
0
0
0
0
0
0
0
0
0
0
0
0
0
0
0
0
0
0
0
0
0
0
0
0
0
0
0
0
0
0
0
0
0
0
0
0
0
1
0
0
0
0
0
0
0
0
0
0
0.318181818181818
0.5
0
0
1
0
0
0
0
0.972222222222222
0.05
0
0
0
0
1
1
0
0
0
0
0
0
0
0
0
0
0
0
0
0
0
0
1
0
0
0
0
0.4
0
1
0
0
0
1
0
0
0
1
0
0
0
1
0
0
0
0
0
0
0
0
0
0
0
0
0
1
0
0
0
0
0
0
0
0
0
0
0
0
0
0
1
0
0
0
0
0
1
0
0
0
0
0
0
0.00242130750605327
0
0
0
0
0
0
0
0
0
0
0
0
0
0
0.5
0
0
0
0
1
1
0
0
0
0
1
1
0
0
0
1
0
0.25
0
1
0
0
1
0
0
0.636363636363636
1
0
0.857142857142857
0
0
1
0
0
0
0
0.00492610837438424
1
0
0
0
0
0
0.25
0
0
0
0
0
0
0
0
0
0
0
0
0.0017636684303351
0
0
0
0
0
0
0
0
0
0
0
0
0
0
1
0
0
0
0
0.5
0
0
0
0
0
0
0
0
0
0
0
0
0
0
0
0
0
0
0
0
0
0
0.00285714285714286
1
0
0.00462962962962963
0
0
0
1
0
0
0
0
0
0
0
0.00255102040816327
0
0
0
0
1
0.333333333333333
1
0
0
0
0
0
0
0
0
0
1
0.977272727272727
0
0
1
0
0
0.00109170305676856
0
0
0
0
0
0
0
0
0
0
0
0
0
0
0
0
0.235294117647059
0
0
0
0
0
0
0
0
0
1
0
0
0.5
0
0
0
1
0
0
0
0
0
0
0
0
0
0
0
0
0
0
0
0
0
1
0
0
0
0
0
1
0
0
0
0
0
0
0
0
0
0
0
0
0
0
0
0
0
0
0
0
0
0
0
0
0
0
0
0
0
0
1
0
0
0
0
0
1
0
0
0
0
0
0
0
0
0
0
0
1
0
0
0
0
0
0
0
0
0
0.037037037037037
0
0
0
0
0
0
0
0.25
1
0
1
0
0
0
0.833333333333333
0
0
0
0
0
0
0
0
0
1
0
0
0
0.5
1
0
0
0
0
0
0
0
0
0
0
0
0
0
0
0
0
0
0
0
0
0
1
0
0
0
0
0
0
0
0
1
0
0
1
0
0
0
0
0
0
0
0
0
0
0.333333333333333
0
0
0
0
0
1
0
0
0
0
0
1
0
0
0
0
0
1
0
0
0
0.25
0
0
0
0
0
0
0
0
0
0
0
0
0
0
0
0
1
0
0
0
0
0
0
1
1
0
0
0
0
0
0
0
1
0
0
0
0
0
0
0
0
0
0
1
0
0
0
0
0
1
0
0
0
0
0
0
0
0.176470588235294
0
0
0
0
0
0
0
0
0
0
0.166666666666667
0
0
0.5
0
0
0
1
0
0
0
1
0
0.333333333333333
0
0
0
0
0
0
0
0
0
0
0
0
0
0
0
0
0
1
0
0
1
0
0
0
0
0
0
0
0
0
1
0
0
0
0
0
1
0
0
0
1
0
0
0
1
0
0
0
0
0
0
0
0
0
0
0
0
0.564516129032258
0
1
0
0
0
0
0
0
0
0
0.666666666666667
0
0
0
1
0
0
0
1
1
0
0
0.5
0
0
0
0
0
0
0
0
0
0.75
0
0
0
0
0
0
0
0.5
0
0
0
0.5
0
0
0
0
1
0
1
0
0
0
0
0
0.333333333333333
0
0
0
0
1
0
0
0
0
0
0
0
0
0
0
0.117416829745597
0
0.2
0
0
0.0490196078431373
1
0
0
1
0
0
0
1
0
0
1
1
0
0
0
0
0
0
0
1
0
1
0
0
0.6
0
0
0
0.5
1
0
0
0
0
0
0
0
0
0.00862068965517241
0.263157894736842
0
0
0
0
0
0
0.998960498960499
0.985236871098054
0
0
0
0
0
0
0
0
1
0
1
0
0
0.25
0
0
0
0
0
1
0
0
1
0
0
1
0
0
0
0
0
0
0
0
0
1
0.0123456790123457
0
0
1
0
1
0
0
0
0
0
0
0
1
0
0
0
1
0
0
0
0
0
0
1
0
0
0
0
0
0
0
0
0
0
1
0
0
0
1
0.0026246719160105
0
0.5
0
0
0
0
0
0
0
0
0
1
0
0
0
0
0
0.035
0
1
0
0
1
0
1
1
0
0
0
0
0
0
0
0
0
0
0
0
0
0
1
1
0
0.5
0
0
0
0
1
0
0
0
0
1
0
0
0
0
0
0
0
0
0
1
0
1
0
0
0
0
0
0
0
0
1
0
0
0
0
0
0
0
1
0
0
0
0
0
1
1
0.5
0
0
0
0
0
0
1
0
0
0
0
0
0
0
0
0
0
0
0
1
0
0.333333333333333
0
0
0
0
0
0
0
0
0
0.25
0
1
0
0
0
0
0
0
0
0
1
1
1
0
0
1
0
0
0
0
0
0
0
0
0
0.5
0
0
0
0
0
0
0
0
0
0
0
0
0
0
0
0
0
0
1
1
0
0
0
0
0
0
0
1
0
0
0
0
0
0
0
0
0
1
0
0
1
0
1
0
0
0.333333333333333
0
0
0
1
0
1
0
0
0
0
0
0
0
0
0
1
0
0
0
0
1
0
0
1
0
0
0
0
1
0
0
1
0
0
0
0
0
1
0
0
0
0
0
0
0
0.142857142857143
0
0.25
0
1
0
0
0.290322580645161
0
0
0
0
0
0
0
0
0
0
0
1
0
0
0
0
0
0
0
1
0
0.666666666666667
0.666666666666667
0
0
0.333333333333333
0.0405405405405405
0
0
0
0
0
0
0
0
0
1
1
0
0.5
0
0
0
0
0
0
0
0
0
0
0
0
0
0.333333333333333
0
1
0
1
0
0
0
0
0
1
0
0
0
1
0
0
0
0
0
0
0
0.666666666666667
0
0
0
0
1
0
0
0
0
0
1
0
0
0
1
0
0
1
1
0
1
0
0
0
0
1
0
0
0
0
0
0
0
0
0
0
0
0
0
1
0
0
0
1
0
0
0
0
0
0
0
0
0
0
1
0
0
0
0
0
0
0
0
0
1
0
0.6
0
0
0
0
0
0.00449101796407186
0
0
0
0
0
1
0
0.0303030303030303
0
0
0
0
0
0
0
0
0
0
0
0
0
0
0
0
0.2
0
0
0
0
0
0
0
0
0
0
0.00425985090521832
0.5
0
0
0
0
0
0
0
0
0
1
0
0
0
0
0
0
0
0
0
0
0
0
0.00465116279069767
0
0
0
0
0
0
0
0
0
0
0
0
0
0
0
0
0
0
0
0
0
0
0
0
1
1
0
0
0.0277777777777778
0.988235294117647
0
0
0
0
1
0
0
1
0
0
0
0
0
0
0
1
0
0
0
0
0
0
0
0
0
0
0
0
0
1
0
0
0
0
0
0
0
0
0
1
0
0
0
0
0
0
0
0
0
0
0
0
0
0
0
0
1
0
0
0
1
0
0
0
0
0
0
0
0
0
1
0
0
0
0
0
0
0
0
0
1
0
0
0
0
1
0
0
0
0
0
0.0172413793103448
0
0
0
0
0
1
1
0
0
0
0
0
0.5
0
0
0
0
1
0
1
0
0
0
0
0
0
0
0
0
0
0
0
0
0.111111111111111
1
0
0
0
0
0
0
0
0
0
0
0
0
0
0
0
0
0.00970873786407767
0
0
0
0
0
0
1
0
0
0
0
0
1
0
0
0
0
1
0
0
0
0
0
0
0
0
0
0
0
0
0
0
0
1
0
0
0
0
0
0
0
0
0
0
0
0.647058823529412
0
0
0
0
0
0
0.0662983425414365
0
0
0
0
0
0
1
0
0.0217391304347826
1
0
0.04
0
0
0
0
0
0
0
0
0
1
1
0
0
0
0
1
0
0
0
0
1
1
0
0
0
0
0
1
0
0
0
0
1
0
0
1
0
0
1
0
0
0
0
0
0
0
0
0
0
0
0
0
0
0
0
0
0.00693842150910668
0
0
0
0
0
1
0
0
0
0
1
0
0
0
0
0
1
0
0
1
0
0
1
0
0
0
0
0
1
1
0
0
0
0
0
0.00427350427350427
0
0
1
0
0
0
0
0
0
0
0
0
0
1
0
0
0
0
0
1
0
0
0
0
0
0
0
0
0
0
0
0
0
0
0
0
0
0
0
0
0
0
0
0
0
0
0
0
1
0
0
0
0
0
0.989795918367347
0
0
0
0.00769230769230769
0
0
0
0
0
1
0
0
0
0.142857142857143
0
0
0
0
1
0
0
0
0
0
0
0
1
0
0
0
0
0
0
0.864
0.666666666666667
0
0
0
0
0
1
0
0
1
0.333333333333333
0
0
0
1
0
0
0
0
0
0
0
0
0
0
0
0
0
0.00934579439252336
0
1
0
0
0
0
0.5
0
0
0
0
1
0
0
0
0
0
0
0
0
0
0
0
0.2
0
0
0
0
0
0
0
1
0
0.0294117647058824
0
0
0
0
0
0
0
0
0
0
0
0
0
0
0
1
0
0
0
0
0
0
0
1
0
0
0
1
0
0
0
0
0
0
0
0
1
0
0
0
0
0
0
0
0
0
0
0
0
0
0
0
0
0
0
0
0
0
0
0
0
0
0
0
0
0
0
1
0
0
0
0
1
0
0
0
0
0.05
0.154639175257732
0
1
0
0
0
0
0
0
1
0
0
0
0.5
0
0
0
0
1
0.0218978102189781
0
0
0
0
0
0
0
1
0
0
0
0
0
0.0137180700094607
0
0
0
0
1
0
0
0
0
0
0.5
0
0
0
0
0
0
0
0
0
1
0
0
0
0
0
0
0
0
1
0.037037037037037
0
0
0
0
0
1
0
0
1
0
0
0
0
0
0
1
0
0
0
0
0
0.4
0
0
0
0
0
1
0
0
0
0
1
1
0.00528169014084507
0.0176954732510288
0
0
0
0.5
0
0
1
0
0
1
0
0
0
0.5
0
0
0
0
0
0
0
0
0
0
1
0
0
0
0
0
0
0
0
0
0
1
0.000753390256152687
0
0
0.00621669626998224
0
0
0
0
0
0
0.0833333333333333
0
0
0
0
0
0
0
0
0.333333333333333
0
0
0
0
0
1
0
0
0
0
0
0
0
0
0
0
0
0
0
0
0
0
1
0
0
0
0
0
0
0.010989010989011
0
1
0
0
0
0
0
0
0
0
0
0
0
0
0
0
0
0
1
0
0
0
0.857142857142857
0.333333333333333
0
0
0
0
1
0.666666666666667
0
0
0
0
0
0
0
0
0
0
1
0
0
0.5
0
0
0
0
0
0
0
0
0
0
0
0
0
0.0344827586206897
0.037037037037037
0
0
0
0
0
0
0
0.25
1
0
0
0
0
0
0
0.0571428571428571
0
0
0
0
0.25
0
1
0
0
0
1
0
0.5
0
0
0
0
0
0.00292397660818713
0
0
0
0
0
0
0
0
0
1
0
0
0
0
0
0
0
0
0
0
0
0
0
0
0
0
0
0
0
0
0
0
1
0
0
1
0
1
0
0
0
1
0
0
1
0
0
1
0
0
0
0
0
0
0
0
0
0
0
0
0
0
0
0
0
0
0
0
0
0
1
0
0.0256410256410256
0
0
0
0
0
0
0
0
0
0
0
0
0
0
0.5
1
0
1
0.995991983967936
0
0
0
0
0
0
0
0
0
0
0
0
0
0
0
0
0.037037037037037
0
0
0
0
1
1
0
1
0
0
0
0
0
0
0
1
0
0
0
0
0
1
0
0
0
0
0
0
0
0
0
0
0
0
0.0333333333333333
0
0
0
0
0
0
0
0
1
0
1
0
0
0
0
1
0
0
0
0
0
0
0
0
0
0
0
0
0
0
0
0
0
0
1
0
0
0
1
0
1
0
0
0
0
0
0
0
0
0
0
0
1
0
0
0.0353982300884956
0
1
0
0
1
0
0
0
0
1
0
0
0
0
0
0
0
1
0
0.375
0
0
0
0
1
0
0
0.666666666666667
0
0
0
0.5
0
0
0
0
0
0
0
0
0
0
0
0
0
0
0
1
0
1
0
0.000612932883849218
0
0
0
0
0
0
0
0
0
0.0333333333333333
0
0
0
0
0
0
0
0
0
0
0
0
0
0
0
0
1
0
0
0
0
0
0
0
0
0
1
0
1
0
0
1
0
0
0
0
1
0
0
0
0
0
1
0
0
0
0
0
0
0
0
0
0
1
0
0
0
0
0
0
0
1
0
0
0
0
0
0
0
0
0
0
0
0
0
0
0
0
0
0
0
0
0
0
0
0
0
0
0
0
1
0
0
0
0.333333333333333
0
0
0
0
0
0
0
1
0
0
0
0
0
0
0
0
0
0
0
0
0
0
0
0
0
0
0
0
0
0.625
0
0
0
0
0
0.25
0
0
0
0
0
0
0
0
0
0.174157303370787
1
0
1
1
0
0
0.666666666666667
0
0
0
0
0
0
0
0
0
0
0
0
0
1
0
0
0
0
0
0
0
0
0
0
0
0
1
0
0
0
0
0
0
0
0
0
0
1
0
1
0
0
0
0
0
0
0
0
0
0
0
0
0
0
0
0
0
0
0
0
0
0
0
0
0
0
0
0
0
0
0
0
0
0
0
1
0
0
1
0
0
0
1
0
0
0
1
0
0
0
0
0
1
0
0
1
0
0
0
0
0
1
0
0
0
0
0
0
1
1
0
1
0
1
0
0
0
0
0
0
0
0
0
0
0
0
0.0625
1
0
0
0
0
0
0
0
0
0
0
0
0
0
0
0
0
0
0
0
0
1
1
0
0
0
0
0
0.5
0
0
0
0
0
0
0
1
0
0
1
0.0606060606060606
0
0
0
0
0
0
0
0.25
0
0.5
0
0
1
0
0
0
0
0
0.00405405405405405
0
0
0
0
0
0
1
1
0
0
0
0
1
0
0.666666666666667
0
0
0
1
0
0
0
0
0
0
0
0.01
0
0
0
0
0
0
0
0
1
0
0
0
0
0
0
0
1
0
0
0.998757763975155
0
1
0
1
0
0
0
0.0909090909090909
0.00746268656716418
0
0
0
0
1
0
0
0
0
0
0
0
1
0
0
0
0
1
0
0.2
0
0
0
0.958333333333333
0.0087719298245614
0
0
0
0
0
1
0
0
0
1
0
1
0
0
0
0
0
0
0
0
0
0
0
0
0
0
0
0.00252206809583859
0
0
0
0
0
0
0
0
0
0
0
0
0
0
0
0
0
0
0
0
0
0
0
0
1
0
0.00276243093922652
0
0
0
1
0
0
0
1
0
0
0
0
1
0
0
0
0
0
0
0
0
0
0
0
0
0
0
1
0.166666666666667
0
0
0
0
0
0.00100300902708124
0
0
0
0
0
0
0
0
0
0
0.0181818181818182
0
0
0.5
0
0
0
1
0
0
0
0
0
0
0
0
0
0
0
0.0118110236220472
0
1
0
0
0
0
0
0
0.333333333333333
0
0
0
1
0
0
0
0
1
0
0
0
1
0
0
0
0
0
0
0
0
1
0
0
0
0
0
0
0
0
0
1
0
0
0
0
0
1
0.00611828687967369
0
0
0
0.0125
0
0.0062111801242236
0.180505415162455
0
0
0
1
0
0
0
1
0
1
0
0
0.428571428571429
0
0
0
1
0
0
0
0
0
0
0
0
0
0
0
1
0
0
0
0
0
0
1
0
0
0
0
0
0
0
0
0
0
0
0
0
0
0
0.655172413793103
1
0
0
0
0
0
0
0
0
0.016260162601626
0
0
0
0
0.333333333333333
0
0.0072463768115942
0
0
1
0
0
0
0
0
0
0
0
0
0
0
0
0
0
1
0
1
1
0
0
0
1
0
1
0
0.1
0
0
0
0
0
0
0
0
0
0
0
0.5
0
0
0
0
0
0
0
0
0
0
0
0
0
0
0
0
0
0
0
0
0
0
0
0
0
0
0.5
0.5
0
1
0
0
0
0
0
0
0
0
0.0126582278481013
0.00369685767097967
0
1
0
0
0
0
0
0
0
0
1
0
0
0
0
0
0
0
0
0
0
0
0
0
0
0
0
0
0
0
0
0
0
1
0
1
0
0
0
0
0
0.0181347150259067
0
1
0
0
0
0
0
0
0
0
0
0
0
0
0
0
1
1
0
0
0.333333333333333
0
0
0
0
0
0
0
0
0
0
0
1
0
0
0
0
1
1
1
1
0
0
0
0.0150862068965517
0
0.666666666666667
0
0
1
0
1
0
0
0
1
1
0
0
0
0
0
0
0
0
0
0
0
0
0
0
0
0
0
0.727272727272727
0
0
1
0
0
0
0.0181818181818182
1
0
0
0
1
0
1
0
0
0
0
0
0
0
0
0
0
0
0.00840336134453781
0
0
0
0
0
0.25
0
0
1
1
0
0
0
0
0
0
1
0.037037037037037
0
1
0
0
0
0
0
0
0
0
0
0
0
0
0
0
0
0
0
0
0
0
0
0
0
0
0
0
0
0
0
0
0
0
0
0
0
0
0
0
1
0
0
0
0
0
0
0
0
0
0
0
0
0
0
0
0
0
0
0
1
0
0
0
0
0
0
0
0
0
0
0
0
0.166666666666667
0
0
0
0
0
1
1
0
0
0
0
0.285714285714286
0
0
0
0
0
1
1
0
0
0
0
0
0
0
0
0
0
0
0
0
0
1
0
0
0
0
0
0
0
0
0
1
0
0
0
0
0
0
0
0
0
0
0
1
0
0
0
1
0
0
0
0.642857142857143
0
0
0
0.2
0
0.0132450331125828
1
0
0
0
0
0
0
0
0
0
0
0
0
0
0
0
0
0.111111111111111
0
0
1
0
0
0
1
0
0
0
0.00398903016704064
0
0
0
0
0
0.5
0
0
0
0
0
0
1
0.00105263157894737
1
0
0
0
0
0
1
0
0.5
0
0
1
0
0
0
1
0
0
0
0
1
0
0
0
0
0
1
0
0
1
0
0
0
0
0
0
0
0
0
0
0
0
1
0
0
0
0
1
0
1
0
1
0
0
0
0
0
0
0
0
0
0
0
0
0
0
0
0
0
0
0
0
0
0
0
0
1
0
0
0
0
1
1
0
0.01953125
0.5
0
0
0
0
0
0
0.25
0
0
0.5
0
0
0
0
0
1
0
0
0
0
0
1
0
0
0
0
0
0
0
0
0
0
0
0
0
1
0
0
0
1
0
0
0
0
0
0
1
0
0
0
0
0
0
0
0
0
0
0
0
0
0
0
0
0
0
0
0
0
0
0
0
0
0
0
0
0
0
0
0
0
0
0
0.1875
0
0
0
0
0
0
1
1
0
1
0
0
0
0
0
0
0.932761087267525
0
0
0
0
0
0
0
1
0
0
0
0
0
0
0
0
0
0
1
0
0
0
0
0
0
0
0
0
0
0
0
0
0
0
0.0958333333333333
0
0
0
0
0
0
0
0
0
1
0
0
0
0
0
0
0
0.0192307692307692
0.100609756097561
0
0
0
0
1
0
1
0
0
0
0
1
0
0
0
0
0
0
0
0
0
0
0.0185013876040703
0
0
0
0
0
0.037037037037037
0
0
1
0
0
0
0
0
0
0
0
0
1
0
0
0
0
0
0
0
1
0
1
0
1
0
0
0.0434782608695652
0
0
0
0
0
0
0
0
0
0
0
0
0
0
0
0
0
0
0
0
0
0
0
0
0
0
1
1
0.5
0
0
0
0
0
0
0
0
0
0
0
0
0
0
0
0.0833333333333333
0
0
0
1
0
0
0
0
1
0
0
0
0
0
0.666666666666667
0
0
0
0
0
0
0
1
0.142857142857143
0
0
0
0
0
0
0
1
0
0
0
0
0
0
0
0
0
0
0
0.00961538461538462
0
0
0
0
0
0
0
0
0
0
0
1
1
0.0118694362017804
1
0
1
0
1
0
1
1
1
1
0
0
0
0
0
0
0
0
0
0
1
0
0
0
0.5
0
0
0
1
0
0
0
1
0
0
0
0
0
0
0
0.5
0
0
0
0
0
0
0
0
0
0
0
0
0
0
0
0
0
0
0
1
0
0
0
0
0
0
0
0
0
0
0
0.120607787274454
0
0
0
0
0
0
0
0
0.5
0.5
1
0
0
0
0
0
0
1
0
1
1
0
0
0
0.07
0.333333333333333
0
0
0
0
0
0
0
0
0
0
0
0
0
1
0
0
0
0
1
0
0
0
0
0
0
0
1
0
0
0
0
0
0
0
1
0
1
0
0
0
0
0
0
0
1
0
0
0
0
1
0
0
0
0
0
0
1
0.5
0
0
0
0
0
0
0
0
0
0
0
0
0
0
0
0
1
0
0
0
0.115384615384615
0
0
1
1
0
0.5
0
0
0
0
0
0
0.244897959183673
0
0
0
0
0
0
0
0
0
0
0
0
0
0
0
0
1
0
0
0
0
0
0
0
0
0
0
0
0
0
0
0
0
0
0
0
1
0
0
0
0
0
0
0
0
0
0
0.0972222222222222
1
0
1
1
0
0
0
0
0
0
1
0
0
0
0
0
0
0
0
0
0
0
0
0
0
0
0
0
0
1
1
0
0
0
0
0
0
0
0
0
1
0
1
0
0
0
0
0
0
1
1
0
0.0303030303030303
0
0
1
0
1
0
0
1
0
0
0
0
0
0
0.130952380952381
0
0
0
0
0
0
0
0
0
0
0
0
0
0
0
0
0
0
0
1
0
0
1
0
0
0
0
0
0
0
0
0
1
0
0
0
0
0
0
1
0.0232558139534884
0
0
0
0
0
0
0
0
0
0
0
0
0
0
0
0
0
0
0
0
1
0
0
0
0
0
0
0
0
0.0138888888888889
0
0
0
0
0
0
0
0.0384615384615385
0
1
1
0
0
0
0
0
0
0
0
0
0
0
0
0
0
0
0
0
0
0
1
0
0
0
0
1
0
0
0
0
0
1
0
0
0
0
0
0
0
0
0
0
0
0
0
0
0
1
1
0
0
0
0
0
0
0
0.00595238095238095
0
1
0
1
0
0
0
0
0
0
0
0
0
0
0
0
0
0
0
0
0
0
0
0
0
0
0
1
0
0
0
0
0
1
0
1
1
0
0
0.00402635431918009
0
0
0
0
0
1
0
0
0
0
0.5
0
1
0
0
0
0
0
0.5
0
0.333333333333333
0
0
0
0
0
0
0
0
0
0
1
0
0
0
0
0
1
0
0
0
0
0
0
0
1
0
0
0
1
0
0
0
0
0
1
0
0
0
0
1
0
0
0
0
0
0
0
0
0
0
0
0
0
0
0
0.00269905533063428
0
0
1
0
0
1
0
0
0
1
1
0
0.5
0
0
0
0
0
0
0
0
0
0
0
0
0
0
1
0
0
0
0
0
0
0
0
0
0
0
0
0
0
0
0
0.0227272727272727
0
0
0
0
0
0
0
0
0
0
0
0
0
0
0
1
0
0
0
0
0
0
0.0144927536231884
0.4
1
0
0
0
0
0
0
0.00840336134453781
0
0
0
0
0
1
0
0
0
0
0
0
0
0
0
0
0
0
1
0
0
0
1
0
1
1
0
0
0
0
0
0
0
0
0
0
0
0
0
0
1
0
0
0
0
0
0
0
0
0
0
0
1
1
0
0
0.5
0
1
0
0
0
0
0
1
0
0
0
0
0
0
0
0
0
0
0
1
0.333333333333333
0
0
0
0
0
0
0
1
0
0
0
0
0
0
0
0
0
0
0
1
0
1
0
1
1
0
0.00909090909090909
1
0
0
0
0
0
0
0.0188679245283019
0
0
0
0
0
0
0
0.333333333333333
0
0
0
0
0
0
1
1
0
0
0.666666666666667
0
0
1
0
0
0
0
0
0
0
0
0
0
1
0
0
0
0
0
0
0
0
0
0
0
0
0
0
0
0
0
0
0
0
0
0
0
0
0
0
0
1
0
0
0
0
1
0
0
0
0
1
1
0
1
0
0
0
0
0
0
0
0
0
0
0
1
0
0
0
0
0
0.072289156626506
0
0
1
0
0
1
0
0
0
0
0
0
0
0
0
0.00847457627118644
1
0
0
1
1
0
0
0
1
0
0
0.000498504486540379
0
0
0
0
0
0
0
0
0
0
0
0
0
0
0
0
0
0
0
1
0
0
0
0
0
0
0
0
0
0
0
0
0
1
0
0
0
0
1
1
0
1
1
0
0
0
0
0
0
0
0
0
0
0
0
0
0
0
0
0
0
0
0
0
0
0
0
0
0
0.5
0
0
1
0
0
0
0
0
0
1
0
0
0
0
0
0
0
0
0
0
0.446540880503145
0
0
1
0
0
0
0
0
0
0
0
0
0
0
0
0
0
0
0
0
0
0
0
0
0
0
1
0
0
0
0
0
0.00179533213644524
1
0
0
0
0
0
0
0
0
0
0
0
0
0
0
0
0
0
1
0
0
0
0
0
0
0
0
0
0
0
0
0
0
0
0
0
0
0
0
0.0462962962962963
0
0
0
0
0
0
0
0
0
0
0
0
0
0
0
0
0
0
0
0
0
0
1
0
0
0
0
0
0
0
0
0
0
0
0
0
1
0
0
0
0
0
0
0
0
0
0
0
0
0
0
0
0
0
0
0
0
0
0
0
0
0.00202634245187437
0
0
0
0
0
1
0
0
0
0
0
0
0
0
0
0
0
0
0
0
0
0
0.0101892285298399
0
0
0
0
0.0277777777777778
0
0
0
0
0
1
0
0
0
0
1
0
0
1
0
0
0
0
0
0
0
0
0
0
1
0
0
1
0
0
0
0
0
0
0
0
0
0
0
0
1
0
0
0
0
0
0
0
0
0
0
0
0
0
0
0
0
0
0
0
0
0
0
0
0
0
0
1
0
0
0
0
0
0
0
1
0
1
1
0
0
0
0
0
0
0
0
1
0
0
0
0
0
1
0
0
1
0
0
1
0
0
0
1
1
0
0
0
0
0
0
0
0
0
0
0
0
0
1
0
0
0
0
0
0
0
0
0
0
0
0
0
0
0
0
0
1
0
1
0
0
0
0
0
0
1
0
0
0
0
0
0
0
0
0
0
1
0
0
0
0
0
0
0
0
0
1
1
0
0
0
1
1
0
0
1
0
0
0
1
0
0
0
0
0
0
0
1
1
1
0
0
0
0
0
0
0
0
0
0
0
0
1
0
0
1
0
0
1
0
0
0
1
0
0
0
0
0
1
0
0
0
0.5
1
0
0
0
0
0
0
0
0
0
0
0
0
0
0
0
0.0606060606060606
0
0
0
0.3
1
0
0
0
1
0
0
0
1
0
0
0
1
1
0
0
0
0
0
0
0
0
0
0
0
0
1
0
0
0
0
0
0
0
1
0
0
0.0309734513274336
0
0
0
0
1
1
0.00970873786407767
0
0
0
1
1
0
0
0
0
0
0
0
0
0
0
0
0
0
0
0
0
0
0
0
0
0
1
0
0
0.00202839756592292
0
0
0
0
1
0
0
0
0
0
0
0
0
1
0
0
0
0
0
0
1
0
0
0
0
0
0
0
0
1
0
0
0
1
0
0
0
0
0
0
0
0
0
0.5
0
1
0
0
0
0
0
0
0
0
0
0
0
0
0
1
0.0348837209302326
0
0
0
0
0
0
0
0
0
0
0
0
0
0
1
0
0
0
0
0
0
1
0
0
0
0
0
0
0
0
0
0
0
0
0
0
0
0
0
0
0
0
0
1
0
0
0
1
0
0
0
1
0
1
0
0
0
0
0
0
0
0
0
0
0
0
0
0
1
0
0
0
0
0
0
0.00869565217391304
0
0
0
1
0
0
0
0
1
0
0
0
0
0
0
1
0
0
0
0
0
0
0
1
0
0
1
0
0
1
0
0
0
0
0
0
0
0
1
0
0
0
0
1
0
0
0
0
0
0
0
0
0
0
1
1
0
1
0
0
0
0
0
0
0
0
0
0
0
0
0
0
0
0
0
1
0
1
0
0
0
0.5
1
0
0
0
0
0
0
0
0
0
0
1
0
1
0
0
0
0
0
0
0
0
1
0
0.25
0
0
0
0
0
0
1
0
1
0
0
0
0
0
0
0
1
0
0
0
1
0
0.5
0
0
0
0
0
0
0
0
1
0
0
0
0
0
0
0.00478468899521531
0
0
1
0
1
0
1
0.00122699386503067
0
0
0.0454545454545455
0
0
0
0
0
0
0
1
0
0
0
0
0
0
0
0
0
0
0
0
0
0
0
0
0
0
0
1
0
0
0
0
1
1
0
0
1
0
0
0
0
0
0
0
0.00581395348837209
0
0
1
0
0
0
0
0
0
0
0
0
1
0
0
0
0
0
1
0
0
0
1
0.5
1
0
0
0
1
0
1
0
1
0
0
0
0
1
0
0
1
1
0
0
0
0
0
0
0
0
0
0
0
0
0
0
0
1
0
1
0
0
0
1
0
0
0
0
0
0
0
0
0
0
0.5
0
0
0
0
0
0
0
0
0
0
0
0
0
0
0
0
0
0
0.5
0
0
0
1
1
0
0
0
0
0
0
0
0
0
0
1
0
0
0
0
1
0
0
0
0
0
0
0
0
1
0
0
0
0
0
0
0
0
0
1
0
0
0
0
0
0
0
0.0246913580246914
0
0
0
0
0
0
0
0
0
1
0
0
1
0
0
0.5
0
0
0
0
0
0
1
1
0
0
0
0
0
0
0
0
0
0
0.625316455696203
0
0
1
0
0
0
1
0
0
0
0
0
0
0
1
0
0
0
0
0
0
0.028169014084507
0
1
0
0
0
0
0
1
0
0
0
0
0
1
0
0
0
0
0
0
0
0
0
0
0
0
0
0
1
0
0
0
0
1
0
0
0
0
0
0
0
0
0
0.0033112582781457
0
0
0
0
0
0
0
0
0
0
0
0
0
0
0
0
0
0
0
1
0
0
1
0
0
1
0
0
0
0.166666666666667
0
1
0
0
0
0
0
0
0
0
0
1
0.00355239786856128
0
1
0
0
0
0
0
0
1
0
0
0
0
0
0
0
0
0
0
0
0
0
0
0
0
0
0
0
0
0
0
0
1
1
0
0
0
0
0
0
0
0
0
1
0
0
0
0
0
0
0
0
0
0
0
0
0
0
0
0
0
0
0
0
0
1
0
0
0
0
1
0
0
0
0
1
0
1
0
1
1
0
0
0
0
0
0
0
0
0
0
0
0
0
0
0
0
0
0
0
0
1
0
0
0
0
0
0
1
0
0
0
0
0
0
0
0
0
0
0
0
0
0
0
1
0
0
0
0
0
0
0
1
0
0.666666666666667
0
0
0
0
0
1
0.00574712643678161
0
0
1
0
0
0
0
0
0
0
0
1
0
0
0
0
0.00387596899224806
0
1
0
0
0
1
1
0
0
1
0
0.00938967136150235
1
0
0
0
0
0
0
0
1
0
0
1
0
0
0
0
0
0
0
0
0
0
0
0
0
0
0
1
0
0
0
1
0.0177215189873418
1
1
0
0
0
1
0
0
0
0
0
0
0
0
0
0
0
0
0
0
0
1
1
0
0
0
0
0
0
0
0.5
0
1
0
0
0.00652173913043478
0
0
0
0
1
0
0
0
0
0
0
0
0
0
0
0
0
0
0
0
0
0
0
0
0
0
0
0
1
0
1
0
1
0
0
0
0.0714285714285714
0
1
0.428571428571429
0
1
0
0
0
0
0
0
1
0
0
0
0
0
0
0
0
0
0
0
0
0
0
0
0
0
0
0
0
0
1
0
0
0
0
0
0
0
0
0
0
0
0
0
0
1
0
0
0
0
0
0
0
0.777777777777778
0
0
1
0
0
0
0
0
0
0
0
0
0
1
0
0
0
0
0
0
0
0
0
0
0
1
0
0
0
0
0
0
0
0
0
1
0
0
0
0
0
1
0
0
0
0.333333333333333
0
0
0
0
0
0
0
0
1
0
0
0
0
0
0
0
0
0
0
0
0
0
0
0
0
0
0
0
1
0
0
0
0
1
0
1
0
0
0
0
0
1
0
0
0
0
0
0
0
0
0
0
0
0
0
0
0
0
0
0
0
0
0
0
0
0
0
1
0
0
0
0
0
0
0
0
0
1
0
0
0
0
0
1
0
0
0
0
0
1
0
0
0
0
0
0
1
0
0
0
0
0
0
0
0
0
0
0
0
1
0
0
0
0
1
0
0
1
0
0
0
0
0
0
0
0
0
0
0
0
1
0
0
0
1
0
0
0
0
0
1
0
1
0
0
0
0
0.0188679245283019
0
0
1
1
1
0
0
0
0
0
0
0
1
0
0
0
0
0
0
1
1
0
0
0
0
0
0
0
0
0
0
0
0
1
0
0
0
0
0
0
1
0
0
0
1
0
0
0
0
0
0
0
0
0
0
0
0
0
0
0
1
1
0.75
0
0
0
0
0
0
0
0
0
0
0
0
0
0
0
0
0
0
0
0
1
0
0
1
0
0
0
0
1
0
0
0
0
0
0
1
0
0
1
0
0
0
1
0
0
0
0
0
0
0
0
0
0
0
0
0
0
1
0
0
0
0
0
0
0
0
0
0
0
0
0
0
0
0
0
0
0
0
1
1
0
0
0
0
0
0
0
1
0
0
0
0
0
0
0
0
0
0
0
0
0
0
0
0
0
1
0
0
0
0
0
0
0
0
0
0
0
0
0
0
0
0
0
0
0
0
1
1
0
0
0
0
0
0
0
1
0
0
0
0
0
0
0
0
0
0
0
0
0
1
0
0
0
0
0
0
0.111111111111111
1
0
0
0
0
0
1
0
0
0
0
1
0
0
0
0
1
0
0
0
0
0
0
0
0
0
0
0
0
0
1
0
0
0
0
0
0
0
0
0
1
0
0
0
0
0
0
0
1
0
0
0
0.166666666666667
1
0
1
0
1
0
0
0
0
0
0
1
0
1
0
0
0
0
0
0
0
0
0
0
0
0
1
0
0
0
0
1
0
1
0
0
0
0
0
0
0
1
0
0
0
0
0
0
0
0
0
1
0
0
0
0.333333333333333
0
0
0
0
0
1
0
0
1
0
0
0
0
0
0
0
0
0
0
0
0
0
1
0
0
0
0
0
1
0
1
0.0040650406504065
0.950036205648081
0
0
0
0
0
1
0
0
0
0
0
0
0
0
0
0
0
0
0
0.333333333333333
0
0
0
0
0
0
1
1
0
0
0
0
0.00952380952380952
0
0
0
0
0
0
0
0
0
0
0
0
0
0
0
1
0
0
0
0
1
1
1
0
0
0
0
0
0
0
0
0
0
0
1
0
0
0
0
0
0
0
1
0
0.0111111111111111
0
0
0
0
0
0
0
0
0
0
0
0
0.0107238605898123
0
0
0
0
0
0
0
0
0
0
0
0
1
0
1
0
0
1
0
0
0
0
1
0
1
0
0
1
0
0
1
0
0
1
0
1
0
0
0
0
0
0
0
1
0
1
1
0
0
0
0
0
0
0
1
0
1
0
0
0
0
0
0
0
0
0
0
0
0
0
0
0
0
0
1
0
0
1
0
0
0
0
1
0
1
0
0.0294117647058824
0
0
0
0
0
0
0
1
0
0
0
0
0
0
0
0
0
0
0.428571428571429
0
0
0
0
0
0
0
0
0
0
0
0
0
0
0
0
0
0
0
0
0
0
0
0
0
0
0
0
1
1
0
0
0
0
0
0
0
0
1
0
0
0
0
0
0
0
0
0
0
0
0
0
0
1
0
0
0
0
0
0
0
0
0
0
0
0
1
0
0
0
0
0
1
0
0
0
0
0
0
0
0
0
0
0
0
0
1
0
0
0
0
0
0
0
0
0
1
1
0
0
0
1
0.805389221556886
0
0
0
0
0
0
0
0
1
0
1
0
0
0
0
0
0
0
0
0
0
1
0
0
0
0
1
0
0
0
0
0
0
0
0
0
0
0
0
0
1
0
0
0
0
0
0
0
1
0
0
0.998754669987547
0
0
0
0
0
0
0
0
0
0
0
0
0.117647058823529
0
0
0
0
0
1
0
0
0
0
0
0
0
0
0.166666666666667
0
0
0
0
0
0
1
0
0
0
0
0
0
0
0
1
0
0
0
0
0
1
1
0
1
0
0
0
0
0
0
0
0
0
0
0
0
0
1
1
1
0
0
0
0
0
0
0
0
0
1
0
0
0
0
0
0
0
1
0
0
0
0
0
0
0
0
1
0
0
0
0
0
1
0
0
0
0
0
0
0
0
0
0
0
0
0
0
0
1
0.0512048192771084
0
0
0
0
0
0.1
0
1
0
0
0
0
0
0
0
0
0
1
1
0
0
0
0
0
0
0
0
0
0
0
1
0
0
0
0
1
0
0
0
0
0
0
0
1
0
0
0
1
0
1
0
0
0
0.0208333333333333
0
0.032967032967033
0
0
0
0
0
0
0.00952380952380952
0
0
0
0
0
0
0
0
0
0
0
1
0
0
0
0
0
1
0
1
0
0
0
0
0
0
0
0
0
0
0
0
0
0
1
0
1
0
1
0
0
0
0
0
0
0.0212765957446809
0
0
0
0
0
0
1
0
0
0
0
0
0
0
0
0
0.285714285714286
0
0
0
0
0
0
0
0
0
0.00306748466257669
1
0
0
0
0
1
0
0
0
0
0
0
0
0
0
0
0
0
0
0
0
0
0
0
0
0
0
0
0
0
0
0
1
0
0
0
0
0
0
0
0
0
0
1
0
0
0
0
1
1
1
1
0
0
1
0
1
0
0
0
1
0
0
0
0
0
0
0
1
0
0
0
0
0
0
0
0
1
0
0
0
0
0
0.00154655119084442
0
0
0
0
0.308823529411765
0
0
0
0
0
0
0
0
0
0
0
0
0
0
0
0
0
0
0
0
0
0
0
1
0
0
0
0
0
0
0
0
0
0
0
0
0
1
1
0
0
0
0
0
0
1
0
0
0
0
0
0
0
0
1
0
0
0
0
0
0
0
0
0
0
0
0
0
0
0
0
0
1
0
0
0
0
0
0
0
0
0
1
0
0
0
0
0
0
1
0
0
0
0
0
0
0
1
1
0
0
0
0
0
0.0150375939849624
0
0
0
0
0
0
0
0
0
1
0
0
0
0
0.777777777777778
0
0
0
1
0
0
0
0
0
0
0
0
0
0
1
0
0
1
1
0
0
1
0
0
0
0
1
0.125
0
1
0
1
1
0
0
0
0
0
0
0
1
1
0
0
1
0
0
0
1
0
0
1
0
0
0
0
0
0
1
0
0
0
1
0
0
0
0
0
0
0
0
0
0
0
0
0
0
1
0
1
0
0
0
0.0547945205479452
0
0
0
0
0
0
0
0
0
0
1
1
0
0
0
0
0
0
1
0
0
0
0
0
0
0.75
0
1
1
0
0
0
0
0
0
0
0.5
0
0
0
0
1
0
0
0
0
0
1
0
0
0
0
0
1
0
1
0
0
0
0
0
0
0
0
0
1
0
0
0
1
0
0
0
0
0
0
1
0
1
0
0
0
1
0
0
0
0
1
0
0
0
0
0
0
0
0
0
0
0
0
0
0
0
0
0
0
0
0
0
0
0
0
1
0
0
0
0
0
0
0
0
0
0
0
0
0
0
1
0
0
0
0
0
0
0
1
0
1
0
0
0
0
0
0
0
1
0
0
0
0
0.0625
0
0
1
0
0
0
0
0
1
0
1
0
0
0
1
1
0
0.0144927536231884
1
0
0
0
0
0
0
0
0
0
0
0
0
1
0
0
0
0
1
0
0
0
0
0
0
0
0
0
0
0
0
0
0
0.032520325203252
0
0
0
0
0
0
0
0
1
0
0
0
0
0
0
0
0.285714285714286
0
0
0
0
0
0
1
0
0
0
0
0
0
0
0
1
0
0
0
1
0
0
0
0
0
0.00638297872340426
0
0
0
0
0
0
0
1
0
0
0
0
0
1
0
0
0.0434782608695652
0
0
0
0
0
0
1
1
0
0
1
1
0.0714285714285714
0
0
0
0
0
0
0
0
0
0
0
0
1
0
0
0
0
0
0
0
0
0
0
0
0
0
0
0
0
0
0
1
0
1
0
0.00540540540540541
0
1
0
0
0
0
1
0
0.0666666666666667
0
0
0
0
0
0
0
0
0
0
0
0
1
0
0
0
0
0
0
0
0
0
0
0
0
0
0
1
0
0
0
0
0
0
0
0
0
1
0
0
0
0
1
0
0.571428571428571
0
0.963022141063684
0
0
0
1
0
0
0
0
0
0
0
0
0
0
0
0
0
1
0
0
0
0
0
0
0
1
0.142857142857143
0
0
0
1
1
0
0
0
0
0
0
0
0
0
0
0
0
0
0
0
0
0
0
0
0
1
0
0
1
0
0
0
0
0
0
1
0
0
0
0
0
0
0
0
0
0
0
0
0
0
0
0
0
0
0
0
0
0
0
0
0
0
0
1
0
1
0.0260869565217391
0
0
0
0
0
1
0
1
0
0
0
1
0
0
0
0
0
0
0
0
0
0
0
0
0
0
0
0
0
0
0
0
1
1
0
1
1
1
0
0
0
1
0
0
0
0
0
0
0
0
0
0
0
0
1
0
0
0
1
0
1
0
0
0
1
0
0
0
0
0
0
0
1
0
0
0
0
0
0
0
0
0
0
0
0
0
0
1
0
0
0
0
0.0606060606060606
0
0
1
0
1
0
0
0
0
1
0
0
0
0
1
0
0
0.0035799522673031
1
0
0
0
0
0
0
0
0
1
0
0.0625
0
0.46969696969697
0
0
0
0
0
0
0.5
1
1
0
0
1
0
0
0
1
0
0
0
0
0
0
0
0
0
0
0
0
0
0
0
0
0
0
0
0
0.5
0.0689655172413793
0
0
0
0
0
0
0
0
0
0
0
1
0
0
0
0
0
0
0
0
0
0.5
0
0
0
0
0
0
0
1
0
0
0
1
1
0
0
1
1
1
0.999435028248588
0
0
1
1
0
0
0
0
0
1
0
0
0
0
0
0
0
0
0
0
0
0
0
0
0
0
0
0.992307692307692
0
0
0
0
1
0
0
0
0
1
0
0
0
0
0
0
0.197368421052632
0
0
0
0
0
0
0
0
0
0
0
0
0
0
0
1
0
0
0
1
0
0
0
1
0
0
0
0
0
0
0
0
0
0
0
0
0
0
1
0
0
1
0
0
0
1
0
0
0
0
0
0
0.00238663484486874
0
0
0
1
0
1
0
0
0
0
1
0
1
0
0
0
1
0
0
0
0
0
0
0
0
0
0
1
0
0
0
0
0
0
1
1
0
0
1
0
0
0
0
0
0
0
0
0
0
1
0
1
0
0
0
1
0
0
0
0
0
0
0
0
0
1
0.166666666666667
0
0
0
0
0
0
0
0
0
0
0
0
0
1
0
0
0
0
1
0
1
0
0
0
0
1
0
0
0
0
0
0
0
1
0
0
1
1
0
0
1
0
0
0
1
0
0
0
0
0
0
0
1
0
0
0
0
0
0
0
1
0
0.0222222222222222
0
1
0
0.363636363636364
1
0.037037037037037
0
0
0
0
0
0
0
0
0
0
0.00467289719626168
0
1
0
0
0
0
0
0
0
0
0
0
0
1
0
0.95
0
0
0
0
0
0
0
0
0
0
0
0
1
0
1
0
0
0
0
1
0
0
0
0
0
0
1
0
0
0
0
0.516483516483517
0
0
0
0
0
1
0
0
0
0.902857142857143
0
0
0
0
0
0
0
0
0
0
0
1
1
0
1
0
0
0
0
0.622727272727273
0.0271739130434783
1
0
0
0
1
0
0
0
0
0
0
0
0
0
0
0
0
0
0
0
1
1
0
0
0
0
0
1
0
0
0
0
1
0
0
0
1
0
0
0
0
0
0
0
0
1
0.00961538461538462
0
0
0
0
0
0
0
0
1
0
0.08
0
0
0
0
0
0
0
0
0
0
0
0
0
0
1
0
0
1
0
0
0
0
0
0
0
0
0.0222222222222222
0
0
0
1
0
1
0
0.0144927536231884
1
1
1
0
0
0
0
0
0
0
0
0
0
0
0
0
0
0
0
0
0
0.00847457627118644
0
0
0
0.0377358490566038
0
0
0
0
1
0
0
0
0
0.583333333333333
1
1
0
0
0
0
0
0
0
0
0
0
0
0.00380228136882129
0
0
0
1
0
0
0
0
0
0
0
0
0
0
0
0
0
0
0
0
0.0882352941176471
0
0
0.0227272727272727
0
0
0
0
0
0
0
0
0
0
0
0
0
0
0
0
0
0
0
0
1
0
0
0
0
0
0
0
0
1
0.000793335977786593
0
0.917721518987342
0.0119904076738609
0
0
0
0
0
0
0
0
0
0
0
0
0.5
0
0
0
0
0
0.333333333333333
0
1
0
0
0.0555555555555556
0
0
0
0
1
0
1
0
0
0
0
0
0
0
0
0
0
0
0
0
0
0
0
0
0
0
0
0
0
0
1
0
0
1
0
0
0
0
0
0
0
0.666666666666667
0
0
0
0
0
0
0
0
0
0
0
0
0
0
0
0
0
0
0
0
0
1
0
0
0
0
0
0
0
0
0
0
0
1
0
0
0
0
0
0
0
0
0
0
0
0
1
1
1
0
0
0
0
1
0
0
0
1
0
0
0
0
0
1
0
0.025
0
0.25
1
0
0
0
0
0
0
0
0
0
0
0
0
0
0
0
0
0
0
0
0
0
0
0
0
1
1
0
0
0
0
0
0
0
0
0
0
0
0
1
0
0
0
0
0
1
0.25
0
0
0
0
0
0
1
0
0
0.5
0
0
1
0
0
0
0
0
0
0
0
0
0
0
0
0
1
1
0
0
0
0
0
0
0
1
0
1
0
1
0
0
0
1
1
0
1
0
0
0
0
0
0
1
0
0
1
0
1
0
0
0
0
0
0
0
0
0
0
0
0
0
0
1
0
0
0
0
0
0
0
0
1
0
0
0
1
0
0
0
0
0
0
0
0
0
0
0
0
0
0
0
0
0
0
0
1
0
1
0
0
0
0
0
0
0
0.0099009900990099
0
0
0
0
0
0
0
0
0
0
0
0
0
1
0
1
0
0
0
0
0
0
0
0
0
0
0
0
0
0
0
0
1
0
0
0
0
0
0
1
0
0
0
0
0
1
0
0
0
0
0
0
0
0
1
1
1
0
0
0
0
0
0
0
1
0
0
0
0
0
1
0
0
0
0
0
0
0
0
0
0
0
0
0
1
0
0
0
0
0
0
0
0
0
0
0
0.5
0
0
0
1
0
0
0.5
0
0
0
0
0
0
0
0
0
0
0
0
0
0
0
0
0
0
0
0
1
0
0
0
0
0
1
0
0
0
1
0
0
0.5
0.25
0
0
0
0
0
0
0
0
0
0
0
0
0
0
0
0
0
0
0
0
0
0
0
0
0
0
0
0
0
0
0
0
0
0
0
0
0
0.0441176470588235
0
0
1
0
0
0
0
0
0
0
0
1
0
0
0
0
0
0
0
0
0
0
0
0
0
0
0
0
1
0
1
0
0
1
0
0
0
1
0
0
0
0
0
0
0
0
0
0
0
0
0
0
0
0
0
0
0
0
0
0
0
1
0
0
0
0
0
0
0
0
1
0
0
0
0
1
0
1
0
0
0
0
0
0
0
0
0
1
0
0
1
0
1
1
0
0
0
0
0
0
0
0
1
0
0
0
0
0
0
0
0
0
0
0
0
0
0
0
0
0
0
0
0
1
0
0
0
0
0
0
0
0
0
0
0
0
1
0
1
0
0
0
0
1
0
0
0
0
0
0
0
0
0
0
0
1
0
0
0
0
0
0
0
0
0
0
0
0
0
0
0
0
0
0
1
0
0
1
0
0
1
0
0
0
0
0
0
0
0.5
0
0
1
0
0
0
0
0
0
0
0
1
0
0
1
0
0
0
0
0
0
0
0
0
0
1
0
1
0
0
0
0
0
0
0
1
0
0
0
0
0
0
0
0
0
0
0
1
0
0
1
0
0
1
0
1
1
0
0
0
0
1
0
0
0
0
0
0
0
0
0
0
0
1
1
0
0
0
0
1
0
0
0
1
0
0.00719424460431655
1
0
0
0
0
0
0
1
0
0
0
0
1
0
0
0
0
0
0
0
1
0
0
0
0
1
0
0
0
1
0
0
0.5
0
0
0
0
0.5
0
0
0
0
0
0
0
0
0
0
0
0
0
0
0
0
1
0
0
0
0
0
0
1
0
0
1
1
0
1
0
0
0
0
0
0
0
0
0
0
0
0
0
0
1
0
0
0
1
0
0
0
0
0
0
0
0
0
0
0
0
0
0
0
0
0
0
0
0
1
0
0
0
0
0
0
0
0
0
0
0
0
0
0
0
0
0
0
0
0
0
1
0
0
1
0
0
0
0
0
0
0
0
0
0
1
0
0
0
0
0
1
1
0
0
0
0
0
0
0
1
0
0
0
0
0
1
0
0
0
0
0
0
0
0
0
0
0
0
0
0
0
1
0
1
0
0
0
0
0
0
0
0
0
0
0
0
0
0
1
0
0
0
0
0
0
0
1
0
0
1
0
0
0
0
0
0
0
0
0
0
1
0
1
0
0
0
0
0
0
0
0
0
1
0
0
1
1
0
0
0
0
0
0
0
1
0
0
0
1
0
1
0
0
0
0
0
0
0
0
0
0
0
1
0
0
1
0
0
0
0
0
0
0
0
0
0
0
0
0
0
0
0
0
0
0
0
0
1
0
0
0
0
0
0
1
0
0
0
0
0
0
0
0.375
0
1
0
0
0
1
0
1
0
0
0
0
0
0
0
0
0
0
0
0
0
0
0
1
1
0
0.0130293159609121
0
0
0
0
0
1
0
0
1
1
0
0
0
0
0
0
0
0
0
0
0
0
0
0
0
0
0
0
0
0
0
1
0
0
0
0
0
0
0
0
0
0
1
0
0
0
0
0
0
0
0
0
0
1
0
0
0
0
0
1
0
1
0
0
0
0
0
0
0
0
0
0
0
0
0
0
1
0
1
0
0
0
0
0
0
0
0
0
0
0
0
0
0
0
0
0
0
0
1
0
1
0
0
0
0
0
0
0
0
0
0
0
0
0
1
0
0
0.0228384991843393
0
1
0
0
0
0
0
0
0.0392156862745098
0
0
0
0
0
0
0
0
0
0
0
1
0
0
0
0
0
0
0.5
0
0
0
0
0
0
0
0
0
0
1
0
0
0
0
0
0
0
0
0
0.00234741784037559
0
1
0
0
0
0
1
0
0
0
0
0
0
0
0
0
1
0
0
0
0
0
0
1
0
0
0
0
0
0
1
0
0
0
0
0
1
0
0
0
0
0
0
0
0
0
0
0
0
0
0
0
0
0
0
0
0
0
1
0
0
1
1
0
0
0
0.923076923076923
0
0
0
0
1
0
0
0
0
0
0
0
0
0
0
0
0
0
0
1
0
1
0
0
0
0
0
0
0
0
1
0
1
0
0
0
0
0
0
0
1
1
0
0
0
0
0
0
1
0
0
0
1
0
0
0
1
0
0
0
0.5
0
0
0
0
0
0
0
0.00320512820512821
0
0
1
0
0
0
0
0
0.333333333333333
0
0
0
0
1
0
0
0
0
0
0
0
0
0
1
0
0
0
0
0
1
0
0
0
0
0
0
0
0
0
0
0
0
0
0
0
0
0
0
0
0
0
0
0
0
1
0
1
0
0
1
0
0
0
0
0
0
0
1
0
0
0
0
0
0
0
0
0
0
0
0
0
0
0
0
0
0
0
1
0
1
0
0
1
0
0
1
0
0
0
0
0
0
0
0
0
1
1
0
0
1
0
0
0
0
0
0
0
1
0
0
1
0
0
0
0
0
0
0
0
0
0
0
1
0
0
0
0.857142857142857
0
0
1
0
0
0
0
0
0
1
0
0
1
0
0
0
0
0
0
0
0
0
0
0
0
0
0
0
0
0.0338983050847458
1
0
0
0
0
0
1
0
0
0
0
1
0
0
0
1
0
1
0
0
0
0
0
0
1
0
0
0
0
0
0
0
0
0
0
0
0
0
0
0
0
0
1
0
0
0
0
0
1
0
0
0
0
0
0
0
0
0
0
0
0
1
0
0
0
0
0
0
0
0
0
0
0
0
0
0
0
0
0
0
0
0
0
0
0
1
0
1
1
0
1
0
0
0
0
1
0
0
0
0
0
0
0
0
0
0
0
0
0
1
0
0
1
0
0
0
0
0
1
0
1
0
0
0
0
0
1
0
0
0
0
0
0
0
0
0
0
0
1
0
1
0
1
0
0
0
0
0
1
0
0
0
0
0
1
0
0
1
0
1
0
0
0
0
0
0
0
0
0
1
0
0
0
0
0
0
0
0
0
0
0
0
0
0
0
0
0
0
0
1
0
1
0
0
0
0
0
1
0
1
0
0
0
0
0
0
1
0
0
1
0
1
0
0
1
1
0
0
0
0
0
0
0
0
0
0
1
0
0
0
1
0
0
0
0
0
0
0
0
0
0
0
0
0
0
0
0
0
0
0
0
0
1
0
0
0
0
0
0
0
0
0
0
0
0
0
0
0
0
1
0.12
0
0
0
0
0
0
1
0
0
0
0
0
0
0
0
0
1
0
1
0
0
0
0
0
1
0
0
1
0
0
0
0
0
1
0
1
0.125
1
0
0
0
0
0
1
0
1
0
0
0
0
0
0
0
0
0
0
0
0
0
1
0
0
0
0
1
0
1
0
1
1
0
0
0
0
1
0
0
0
0
0
0
0
1
0
0
0
1
0
0
0
0
0
0
0
0
0
0
1
0
0
1
0
0
1
0
0
0
0
0
0
0
0
1
0
0
0
0
1
0
0
0
0
0
1
0
0
0
0
0
0
0
0
1
0
0
0
0
0
0
0
0
0
0
0
0
0
1
0
0
0
0
0
1
0
0
0
0
0
0
1
0
0
0
1
1
0
0
0
1
0
0
0
0
0
0
0
0
0
0
0
0
0
0
1
0
0
0
0
0
0
0
0
0
0
1
0
0
0
0
0
0
0
1
0
0
0
0
0
1
0
0
0
0
0
0
0
0
0
0
0
0
0
0
0
0
1
0
1
0
0
0
1
0
0
1
0
1
0
0
0
0
0
0
0
0
0
1
0
0
0
0.978723404255319
0
1
0
0
0
0
0
0
0
0
0
0
0
0
0
0
0
0
0
0
0
0
0
0
0
1
0
0
0
0
0
0
0
0
0
1
0
0
0
0
1
0
0
0
0
0
0
0
0
0
0
1
0
0
0
0
0
0
0
0
0
0
1
0
0
0
0
0
0
0
0
0
0
0
0
0
0
1
0
0
0
0
1
1
0
0
0
0
0
0
0
0
0
0
0
0
0
1
0
0
1
0
0
0
0
0
0
0
0
0
0
0
0
0
1
0
0
0
0
0
0
0.119402985074627
0
0
1
0
0
0
0
0
1
1
0
0
0
0
0
1
0
0
0
0
1
0
0
0
1
1
0
0
0
0
0
0
0
0
0
0
0
0
0
0
0
1
0
0
0
0
1
0
0
1
0
0
0
1
0
0
1
0
0
0
0
0
0
0
1
0
0
0
0
0
0
0
0
0
0
0
0
0
0
0
0
0
0
0
0
0
0
0
0
0
0
0
0
0
0
0
0
0
0
0
0
0
0
0
0
0
0
0
1
0
0
1
0
0
0
1
1
0
0
0
0
0
0
0
0
0
0
0
0
0
0
0.222222222222222
0
0
0
1
0
0
0
0
1
0
0
0
0
0
0
0
0
0
0
0
0
0
0
0
0
0
0
0
0
0
0
1
0
0
0
0
0
0
0
0
0
1
0
0
0
1
0
0
0
0
0
0
0
1
1
0
0
0
0
0
0
0
0
0
0
0
0
0
1
0
0
0
0
0
0
0
0
0
0
0
0
0
0
0
0
0
0
0
0
0
0
0
0
0
1
0
0
1
0
0
0
0
0
0
0
0
0
0
0
0
0
0
0
0
0
1
1
0
0
0
0
0
1
0
0
0
0
0
1
0
0
1
0
0
0
0
0
0
0
0
0
0
0
1
0
0
0
0
0
0
1
0
0
0
0
0.028169014084507
0
0
0
0
0
0
0
0
0
0
0
0
0
0
0
0
0
0
0
0
0
0
0
0
0
0
0
0
0.166666666666667
0
0
0
1
0
0
0
0
0
0
0
1
1
0
0
0
1
0
0
0
0
0
1
0
0
0
0
0
0
1
0
0
0
0
0
0
0
0
0
0
0
0
0
0
0
0
0
0.0390625
0
0
0.333333333333333
0
0
0
0
0
0
0
0
0
0
0
0
1
0.5
1
0
0
1
0
0
0
0
0
0
0
0
0
0
1
0
0
0
0
0
0
1
0
1
0
0
0
0
0
0
0
0
1
1
0
0
0
0
0
0
0
0
0
0
0
0
0
0
0
0
0
0
0.5
1
0
0
0
0
1
0
0
0
0
0
0
0
1
0
0
0
1
0
1
0
0
0
0
0
0
0
0
0
0
1
0
0
0
0
0
0
0
0
0
0
1
0
0
0
0
0
0
0
0
0
0
0
0
0
0
0
0
1
0
1
0
0
0
0
0
0.666666666666667
0
0
0
0
0
0
0
0
0
0
0
0
0
0
0
0
0
0.25
0
0
1
0
0
0
0
0
0
0
0
0
0
0
0
0
0
0
0
0
0
0
0
0
0
0
1
1
0
0
0
0
0
0
0
0
0
0
0
1
1
0
1
0
1
0
1
0
0
1
0
0
0
0
0
0
0
0
0
0
0
0
0
0
0
0
0
0
0
0
0
0
0
0
0
0
1
0
0
0
0
0
0
1
1
0
0
1
1
0
0
0
0
0
0
0
0
0
0
0
0.0909090909090909
0
0
0
1
1
0
0
0
0
0
0
0
0
0.125
0
1
1
0
0
0
0
0
0
0
0
0
0
0
0
0
0
1
0
0
0
0
0
0
0
1
0
0
0
0
1
0
0
0
0
0
0
0
0
0
0
0
0
0
0
0
0
0
0
0
0
0
0
1
0
0
0
0
1
0
0
0.975103734439834
0
0
0
0
1
0
0
0
1
0
0
0
0
0
0
0
1
0
0
0
1
0
0
0
0
0
0
0
0
0
0
0
0
0
0
1
0
1
0
0
0
0
1
0
0
1
0
0
0
1
0
1
1
0
0
0
0.0344827586206897
0
0
0
0
0
0
0
1
0
1
1
0
0
0
0
0
1
0
1
1
0.277777777777778
0
0
0
0
0
0
0
0
0
0
1
0
0
0
0
0
0.142857142857143
0
0
0
0
1
0
0
0
0
0
0
0
0
0
0
0.0185185185185185
0
1
0
0
0
0
0
0
0
0
0
0
1
0
0.5
0
0
0
0
0
0
1
0
0
0
0
0
0
0
0
0
0
0
0
0
0
0
0
0
0.473372781065089
0
0
0
1
1
0
0
1
0
0
0
0
0
1
0
0
1
0
0
0
0
0
0
0
1
0
1
0
1
0
0.5
0
0
0
0.5
0
0
0
1
0
0
0
0
0
0
0
0
0
0
