1
1
1
1
1
1
0.982142857142857
0.985294117647059
1
1
0.983050847457627
1
1
1
0.0326086956521739
1
1
1
1
1
0.037037037037037
1
1
1
1
1
1
1
1
0.607142857142857
1
1
0.333333333333333
1
0.92
1
1
1
1
1
0.95
0.5
1
1
1
1
1
1
1
1
1
0.9375
1
1
1
1
1
0.653846153846154
1
0.0968229954614221
1
1
0.0212014134275618
1
1
1
0.961038961038961
0.25
1
1
1
1
1
1
1
1
1
1
1
1
1
1
1
1
0.111111111111111
1
1
0.0250272034820457
0.0204081632653061
1
1
1
1
1
1
1
1
1
1
1
1
1
1
1
1
0.35
0.666666666666667
1
1
1
1
0.993506493506494
1
1
1
1
1
0.142857142857143
1
1
1
1
1
1
1
0.882352941176471
1
1
1
1
1
1
1
1
1
1
1
1
0.142857142857143
1
1
1
0.333333333333333
1
0.9375
0.857142857142857
1
1
1
1
1
1
1
1
1
1
1
1
1
1
1
0.333333333333333
1
1
1
1
1
1
1
1
1
1
1
1
1
1
1
0.291139240506329
1
1
1
1
1
1
1
1
1
1
0.5
1
1
1
1
1
1
1
1
1
1
1
1
0.333333333333333
1
1
1
0.2
1
1
1
1
1
1
1
1
1
1
1
0.909090909090909
1
1
1
1
1
1
1
1
1
1
0.5
1
1
1
1
1
1
1
1
0.75
1
0.441860465116279
1
1
1
1
1
1
1
1
1
1
1
1
0.388888888888889
0.0256410256410256
1
1
1
1
1
0.666666666666667
1
1
0.5
1
1
1
1
1
1
1
1
0.25
1
1
1
1
1
1
1
1
1
1
1
1
1
1
1
1
1
1
1
1
1
1
1
1
1
1
1
1
1
1
0.6
1
0.954545454545455
1
1
1
1
1
1
1
1
1
0.941176470588235
0.0309278350515464
1
1
1
1
1
1
1
0.5
1
1
0.5
1
1
1
1
1
1
1
1
1
1
1
1
1
1
0.333333333333333
1
1
1
1
1
1
1
1
1
1
1
1
1
1
0.0113636363636364
1
1
1
1
0.0263157894736842
1
0.869565217391304
1
1
1
1
1
1
0.25
1
1
1
0.0045662100456621
1
0.00843881856540084
1
0.00480769230769231
1
0.00420168067226891
1
0.571428571428571
1
1
1
1
1
1
1
1
1
1
1
1
1
0.833333333333333
1
1
1
1
1
1
1
0.0434782608695652
1
0.25
1
1
0.0366492146596859
1
1
1
1
1
1
1
1
1
1
1
1
0.2
1
0.0630630630630631
1
1
1
1
1
1
1
1
1
1
0.2
1
1
1
1
1
1
1
1
1
1
1
1
1
1
0.00303951367781155
1
1
0.024390243902439
1
1
0.666666666666667
1
1
1
1
1
1
1
1
1
0.2
1
1
1
1
1
1
1
1
1
1
0.956521739130435
1
1
1
1
1
1
1
1
1
1
1
1
1
0.85
1
0.0666666666666667
1
1
1
1
1
1
1
1
1
1
1
1
1
0.884615384615385
1
1
1
1
0.125
1
1
1
1
1
1
1
1
1
1
1
1
1
1
0.0428571428571429
1
1
1
1
1
1
1
0.8
1
0.0287037037037037
1
0.5
1
1
1
1
0.00512820512820513
1
1
1
1
1
1
1
1
0.866666666666667
1
1
1
1
1
1
1
1
1
1
1
1
1
1
1
1
1
1
1
1
1
0.0833333333333333
1
1
1
0.461538461538462
1
1
1
1
1
1
0.5
1
1
1
0.0975609756097561
1
0.0147058823529412
1
0.5
1
1
1
1
1
1
1
1
1
1
1
0.00763358778625954
1
1
1
1
1
0.142857142857143
1
1
1
1
1
0.0410958904109589
1
1
1
0.25
1
0.00930232558139535
1
1
1
1
1
1
1
1
1
1
0.5
1
1
1
1
0.5
1
1
1
0.05
1
1
1
1
1
1
1
1
1
1
1
1
0.709677419354839
1
1
1
1
1
0.2
1
1
1
1
1
1
1
1
1
0.0625
1
1
1
1
1
1
0.00384615384615385
1
1
1
0.5
1
1
1
1
1
0.923076923076923
1
1
1
1
1
0.977272727272727
1
1
1
1
1
1
1
1
1
1
1
1
1
1
1
1
1
0.1
0.0833333333333333
1
1
1
1
1
0.0185185185185185
1
1
1
1
1
1
1
1
1
0.0294117647058824
1
0.1
1
1
1
1
1
0.25
1
0.0136986301369863
1
0.333333333333333
1
1
1
1
1
1
1
1
1
1
1
1
1
1
1
1
1
1
1
1
1
0.0263157894736842
0.0188679245283019
1
1
1
1
1
0.0769230769230769
1
0.5
0.0277777777777778
1
1
1
0.0695652173913043
1
1
1
0.0196078431372549
1
0.0384615384615385
1
1
1
1
0.91304347826087
1
1
1
1
1
1
1
1
1
1
0.0217391304347826
1
1
1
1
1
1
1
1
1
1
1
1
1
1
1
1
1
1
1
0.111111111111111
1
1
1
0.00306748466257669
1
1
0.25
1
1
1
1
1
0.0303030303030303
1
1
1
0.0161290322580645
1
1
1
1
1
1
1
1
1
1
1
0.00232558139534884
1
1
1
1
1
1
1
1
1
1
1
0.333333333333333
1
1
1
1
0.4
1
1
1
1
1
1
1
1
0.00371747211895911
0.0714285714285714
1
0.8
0.5
1
0.5
1
1
1
1
1
1
1
1
1
1
1
0.106382978723404
1
1
1
1
1
1
1
1
1
1
1
1
1
1
0.142857142857143
1
0.666666666666667
0.25
1
1
1
1
1
1
1
1
1
1
1
1
0.5
1
1
1
1
1
1
1
1
1
1
1
1
1
1
1
1
1
1
1
0.0769230769230769
0.8
1
1
1
1
1
1
1
1
1
1
1
0.666666666666667
1
1
1
1
1
1
1
1
1
1
1
1
1
1
1
1
1
0.107142857142857
1
1
1
0.0909090909090909
1
1
1
1
1
1
1
1
1
1
1
1
1
0.785714285714286
1
1
1
1
1
1
1
1
1
1
1
0.032258064516129
1
1
1
1
0.0146443514644351
1
1
0.00833333333333333
1
1
1
1
1
1
1
1
0.0277777777777778
1
1
0.0114942528735632
0.5
1
0.1
0.0363636363636364
1
1
0.333333333333333
1
1
1
1
1
1
1
1
1
1
1
1
1
0.25
0.0113636363636364
1
1
1
1
1
1
1
1
0.176470588235294
1
1
1
0.04
1
0.0588235294117647
1
1
1
1
0.166666666666667
1
1
1
1
1
1
1
1
1
1
1
1
1
1
1
1
1
1
1
1
0.5
0.0153846153846154
1
1
1
1
1
1
1
1
1
1
0.333333333333333
1
1
1
1
1
1
1
1
1
0.571428571428571
1
1
1
1
1
1
1
1
1
1
1
1
0.125
1
0.833333333333333
1
0.00305810397553517
0.0833333333333333
0.00778816199376947
1
1
1
1
1
0.666666666666667
1
1
1
1
1
1
1
1
1
1
1
0.979591836734694
1
1
1
1
1
1
1
0.00636942675159236
1
1
1
0.0263157894736842
1
1
1
0.0303030303030303
1
1
1
1
1
1
0.333333333333333
1
1
1
1
1
1
1
1
1
1
1
1
1
1
1
0.142857142857143
1
1
1
1
1
1
1
1
1
1
1
1
1
1
1
1
0.961538461538462
1
1
1
1
1
0.0714285714285714
1
1
1
1
1
1
1
1
0.00120772946859903
1
1
1
1
1
1
1
1
1
1
1
0.75
1
1
1
1
1
1
1
1
1
1
1
0.666666666666667
1
1
1
1
1
1
1
1
1
1
1
0.8
1
1
1
0.166666666666667
1
1
1
0.444444444444444
1
1
1
1
1
1
1
1
1
1
1
0.00043859649122807
1
1
1
1
0.0579710144927536
1
1
1
1
1
1
1
1
1
1
1
1
0.181818181818182
1
1
0.75
1
1
1
1
1
1
1
0.125
1
1
0.0701754385964912
1
1
1
1
1
0.087378640776699
1
1
1
1
1
0.333333333333333
1
1
1
1
1
0.00273224043715847
1
1
1
1
1
1
1
1
1
1
1
1
1
1
1
1
1
1
1
1
1
1
1
1
1
1
1
1
1
0.333333333333333
1
1
1
0.25
0.2
0.0175438596491228
1
0.333333333333333
1
1
1
1
1
1
1
1
1
1
1
1
1
1
1
1
0.125
0.00581395348837209
1
1
0.5
0.0128205128205128
0.037037037037037
1
1
1
1
0.105263157894737
1
1
1
1
1
1
1
1
1
1
0.1
1
1
1
1
1
1
1
1
1
1
1
1
1
1
1
1
0.0388349514563107
1
1
1
0.103448275862069
1
1
1
1
1
1
1
1
1
1
1
1
1
1
0.25
1
1
1
1
1
0.333333333333333
0.25
0.294117647058824
1
1
1
1
1
1
1
0.0526315789473684
1
1
1
1
1
1
1
1
1
1
5.60789591745177E-05
1
1
1
1
1
1
1
1
0.970588235294118
1
1
1
1
1
1
1
1
1
1
0.5
1
1
1
1
0.333333333333333
1
1
0.25
1
1
1
1
1
1
1
1
1
1
1
1
1
1
1
1
1
1
1
1
1
1
1
1
1
1
1
1
1
1
0.140350877192982
1
1
0.00424088210347752
1
1
0.5
1
1
1
1
1
1
1
1
1
1
1
0.02
1
1
1
1
1
1
0.0833333333333333
1
1
1
1
1
1
1
1
0.5
1
1
1
0.333333333333333
0.03125
1
1
1
1
1
1
1
0.833333333333333
1
1
1
1
1
1
1
0.166666666666667
1
0.333333333333333
1
1
1
1
1
1
1
1
0.00843881856540084
1
0.04
1
1
1
1
1
1
1
1
0.0909090909090909
1
1
1
1
1
0.00219941348973607
1
1
1
1
1
0.0120481927710843
1
1
1
1
0.0232558139534884
1
1
0.333333333333333
1
0.125
0.00458715596330275
1
1
0.0254237288135593
1
1
1
1
1
1
1
1
1
1
1
1
0.0222222222222222
1
1
1
1
1
1
1
0.166666666666667
1
1
1
1
0.0151515151515152
1
1
1
1
0.1
1
1
1
1
1
1
1
1
1
1
1
1
1
1
0.00434782608695652
1
0.0034965034965035
0.1
1
1
1
0.333333333333333
1
1
1
1
1
1
1
1
1
0.151515151515152
1
1
0.0285714285714286
1
1
1
1
1
1
1
1
1
1
1
1
1
1
1
1
1
1
0.333333333333333
0.75
1
1
1
1
1
1
0.012987012987013
1
1
1
1
0.125
1
1
1
1
1
1
1
1
1
1
1
1
1
1
1
0.0588235294117647
1
1
1
1
1
0.2
1
1
1
1
1
1
1
1
1
0.05
1
1
1
1
0.5
1
1
1
1
1
1
1
1
1
1
1
1
1
1
0.7
1
1
1
1
1
1
1
1
1
1
1
0.444444444444444
1
1
1
1
1
1
1
1
0.333333333333333
1
1
1
1
1
1
1
1
1
0.0232558139534884
0.00829875518672199
1
1
1
1
1
1
0.5
1
1
1
0.952380952380952
0.444444444444444
1
1
1
1
1
1
1
1
0.0140845070422535
1
1
1
1
1
0.037037037037037
1
1
1
0.0434782608695652
1
1
1
1
1
1
1
1
1
1
1
1
0.0045045045045045
0.5
1
1
1
1
1
1
1
0.666666666666667
0.5
1
1
1
1
1
0.013215859030837
1
1
1
1
1
1
1
1
1
1
1
1
1
0.0333333333333333
1
1
1
1
1
1
1
1
1
0.25
1
1
1
1
1
1
1
1
1
1
1
1
1
1
0.0172413793103448
1
1
1
1
1
1
1
1
1
1
1
1
1
1
1
1
1
1
1
1
1
1
1
1
1
1
1
1
1
1
1
0.00319488817891374
1
1
1
1
1
1
1
1
1
1
0.833333333333333
1
1
1
1
1
1
1
1
0.0909090909090909
1
1
1
0.0196078431372549
1
1
1
1
1
0.166666666666667
0.0149253731343284
1
0.2
1
0.954545454545455
1
1
1
1
1
1
1
1
0.0416666666666667
0.2
1
1
1
1
1
1
1
1
1
1
1
1
1
1
1
1
1
1
1
1
1
0.5
1
1
1
1
1
0.8
0.00201612903225806
1
1
1
1
1
1
1
1
1
1
1
0.0175438596491228
1
1
0.0495049504950495
1
1
1
1
1
0.2
1
1
1
1
1
0.2
1
1
1
1
1
1
1
1
1
1
1
0.00302114803625378
1
1
1
1
1
1
1
1
1
1
1
1
1
1
1
0.00242130750605327
1
1
1
1
0.125
0.0909090909090909
1
0.0104166666666667
1
1
0.0666666666666667
1
1
1
1
0.0175438596491228
1
1
1
1
1
1
1
1
0.027027027027027
1
1
1
1
1
1
1
1
1
1
1
1
1
1
1
0.00699300699300699
1
1
1
1
1
1
1
1
1
1
0.00985221674876847
1
1
1
1
1
1
1
1
1
1
1
0.0833333333333333
0.0444444444444444
1
1
1
1
1
1
0.0105820105820106
0.0238095238095238
1
1
1
1
0.333333333333333
1
1
0.5
1
1
1
1
1
1
1
1
0.003003003003003
1
1
1
1
1
1
1
1
1
1
0.4
1
1
1
1
1
1
1
1
0.181818181818182
1
1
1
1
0.00285714285714286
1
1
0.0138888888888889
1
1
1
1
1
1
1
1
1
1
1
0.0076530612244898
1
1
1
1
1
0.333333333333333
1
1
1
1
1
1
1
0.0625
1
1
1
0.0227272727272727
0.5
1
1
1
1
0.00109170305676856
0.2
1
1
1
1
1
1
1
1
1
1
1
0.6
1
1
1
1
0.333333333333333
1
1
0.5
1
1
0.666666666666667
1
1
1
1
1
1
1
1
1
1
1
0.333333333333333
1
1
1
1
1
0.666666666666667
1
1
1
0.5
1
1
1
1
1
1
1
1
1
1
0.0206185567010309
1
1
0.1
1
1
1
1
1
1
1
1
1
1
1
1
1
1
1
1
1
1
1
1
1
1
0.25
1
1
1
1
1
1
1
1
1
1
1
1
1
1
1
1
1
1
1
1
1
1
1
1
1
1
1
1
1
1
1
1
1
0.037037037037037
1
0.0222222222222222
1
1
1
1
0.00980392156862745
1
1
1
1
0.5
1
1
0.166666666666667
1
1
0.0204081632653061
1
0.0285714285714286
1
1
1
1
1
1
1
1
1
1
1
1
1
1
1
1
1
1
1
1
0.5
1
0.0416666666666667
1
1
1
1
1
1
1
1
1
1
1
0.285714285714286
1
1
0.178571428571429
1
1
1
1
1
1
1
1
1
1
1
1
1
1
0.333333333333333
0.666666666666667
1
1
1
1
1
1
1
1
1
1
1
1
1
1
1
1
1
1
1
1
1
1
1
1
1
1
1
1
1
1
1
1
1
1
1
1
1
1
1
1
0.222222222222222
1
1
1
1
1
1
1
1
1
1
1
1
1
1
1
1
1
0.12987012987013
1
1
1
1
1
1
1
1
1
1
1
1
1
1
1
1
1
1
1
1
1
0.117647058823529
1
1
1
1
1
1
0.2
0.0303030303030303
1
1
1
1
1
1
1
0.333333333333333
1
1
1
1
1
0.142857142857143
1
1
1
1
1
1
0.333333333333333
1
1
1
1
0.666666666666667
1
1
1
0.666666666666667
1
1
0.0967741935483871
1
1
0.0454545454545455
0.0662650602409639
1
1
1
1
1
1
1
1
1
1
1
1
1
1
1
1
1
1
1
1
0.008
1
1
1
1
1
1
1
0.666666666666667
0.0625
1
1
1
0.142857142857143
1
1
0.00806451612903226
0.032258064516129
1
1
1
1
1
1
1
1
1
0.333333333333333
1
0.0208333333333333
1
1
1
1
1
1
1
1
0.166666666666667
1
1
1
1
1
1
1
1
1
1
1
1
1
1
1
1
1
1
0.5
1
1
0.142857142857143
1
1
1
1
1
1
0.333333333333333
1
1
1
1
1
1
1
1
1
1
1
1
1
1
1
1
0.5
0.5
1
0.5
1
1
0.00978473581213307
1
1
1
1
0.0196078431372549
1
1
1
1
0.956521739130435
1
1
1
1
1
1
1
0.015625
1
0.333333333333333
1
1
1
1
1
1
1
0.307692307692308
1
1
1
1
1
0.5
1
1
1
1
1
1
1
1
1
0.00862068965517241
0.105263157894737
1
1
1
1
1
1
0.00155925155925156
0.000110172603745869
1
1
1
0.5
1
1
1
1
0.00819672131147541
1
1
1
1
0.75
1
1
1
1
1
1
1
1
0.0434782608695652
1
1
1
1
1
1
1
1
1
1
1
1
1
0.0123456790123457
1
1
1
1
1
1
1
1
1
1
1
1
1
1
1
1
1
1
1
1
1
1
1
1
1
1
1
1
1
1
1
1
1
1
1
0.0202020202020202
1
1
1
0.005249343832021
1
0.5
1
1
1
0.00634249471458774
0.5
1
1
1
0.15
1
1
1
1
1
1
0.005
1
1
1
1
1
1
1
1
1
1
1
1
0.0756302521008403
1
1
1
1
1
1
1
1
1
1
1
1
1
1
1
1
1
1
1
1
0.0625
1
1
1
0.857142857142857
1
1
1
1
1
1
1
1
0.5
1
1
1
1
1
1
1
1
1
1
1
0.428571428571429
1
1
1
1
1
1
1
0.0714285714285714
1
1
1
1
1
0.5
1
1
0.0526315789473684
1
1
1
1
1
1
1
1
1
1
0.036036036036036
1
1
1
1
1
1
1
1
1
1
1
1
1
1
1
1
1
0.5
1
1
0.5
1
1
0.00342465753424658
1
1
1
1
0.714285714285714
1
1
1
0.666666666666667
0.333333333333333
1
1
1
1
1
1
1
1
1
1
1
1
1
1
1
1
1
1
0.00529100529100529
1
1
1
1
0.5
1
1
1
1
1
1
1
1
1
1
1
1
1
1
1
1
1
1
1
1
0.1875
1
1
1
1
1
1
1
1
1
1
1
1
1
1
1
1
1
1
1
1
1
1
1
1
1
1
1
0.5
0.333333333333333
1
1
0.0869565217391304
1
1
1
0.5
1
1
1
1
1
1
1
1
1
1
0.2
1
1
1
1
1
1
1
0.5
1
1
0.142857142857143
0.25
1
1
1
1
0.032258064516129
1
1
1
0.0714285714285714
0.00689655172413793
0.333333333333333
1
1
1
1
1
1
1
0.125
1
1
1
1
1
0.00617283950617284
1
0.333333333333333
0.666666666666667
1
1
0.166666666666667
0.0405405405405405
1
0.3
1
1
1
1
0.5
1
1
1
1
1
1
1
1
0.333333333333333
1
1
1
1
1
1
1
1
1
1
0.333333333333333
1
1
1
0.0769230769230769
1
1
1
1
1
1
1
1
0.125
1
1
0.0105263157894737
1
1
1
1
1
0.666666666666667
1
1
1
1
1
1
0.666666666666667
0.0357142857142857
1
1
1
1
1
0.0222222222222222
1
1
1
1
1
1
1
1
1
1
1
1
1
1
1
1
1
1
1
1
1
0.5
1
1
0.5
1
1
1
1
1
1
1
1
1
0.875
1
1
1
1
1
1
0.166666666666667
1
1
1
1
1
1
1
1
1
1
1
1
1
1
1
1
0.00149700598802395
1
0.0714285714285714
1
1
1
0.5
1
0.0303030303030303
1
1
1
1
1
1
1
1
1
0.5
1
0.00900900900900901
1
1
1
0.5
1
1
1
1
1
1
1
0.2
1
1
1
0.0053248136315229
1
1
1
0.666666666666667
1
1
1
1
1
1
1
1
1
1
1
0.2
1
1
1
1
1
1
1
0.00465116279069767
1
1
1
1
1
1
0.75
1
1
1
1
1
1
1
0.25
1
1
1
0.0416666666666667
1
1
1
1
1
1
1
1
1
0.0277777777777778
0.0352941176470588
1
1
1
1
0.666666666666667
1
1
1
1
1
1
1
1
1
1
1
1
1
1
1
1
1
1
1
0.8
1
1
1
1
1
1
1
1
1
0.5
1
1
0.333333333333333
1
1
1
1
1
0.8
1
1
1
1
1
1
1
1
1
1
1
1
1
1
1
1
1
0.5
1
1
1
1
1
1
1
1
1
1
1
1
1
1
1
1
1
1
1
1
1
1
1
1
1
1
1
0.333333333333333
1
0.0172413793103448
1
1
1
1
0.0297029702970297
0.5
1
1
1
1
1
1
1
0.117647058823529
1
1
1
1
1
1
1
1
0.166666666666667
1
1
0.5
1
1
1
1
1
1
1
0.0555555555555556
1
1
1
1
0.0344827586206897
1
1
1
1
0.0740740740740741
0.5
1
1
1
1
0.005
1
0.029126213592233
1
1
1
0.0909090909090909
1
1
1
1
0.0303030303030303
1
1
1
1
1
1
1
1
1
0.111111111111111
1
1
1
1
1
1
0.0087463556851312
1
1
1
1
1
1
1
0.111111111111111
1
1
0.2
0.0307692307692308
1
1
1
1
1
1
1
0.00735294117647059
1
1
1
1
1
1
0.0220994475138122
1
1
1
1
0.0833333333333333
1
1
0.0277777777777778
0.0217391304347826
1
1
0.04
1
1
1
1
0.333333333333333
0.00900900900900901
1
1
1
1
1
1
1
1
1
1
1
1
1
0.119047619047619
1
1
1
1
1
1
1
1
1
1
1
1
1
1
1
1
1
1
1
1
1
1
0.5
1
1
1
1
0.00144508670520231
1
1
1
1
1
0.333333333333333
0.5
1
0.00173460537727667
1
0.5
1
1
1
0.0421052631578947
1
1
1
1
1
1
1
1
1
1
0.05
1
1
1
1
1
1
1
1
0.142857142857143
1
1
1
1
1
1
0.333333333333333
1
0.04
0.00256410256410256
1
1
1
1
0.0851063829787234
1
1
0.333333333333333
1
1
1
1
1
1
1
1
1
1
1
1
1
0.0133333333333333
1
1
0.125
1
1
1
1
1
1
1
1
1
1
1
1
1
0.5
1
1
1
1
1
1
1
1
1
0.5
0.0857142857142857
1
1
0.8
1
0.0102040816326531
1
1
1
0.00512820512820513
1
1
1
1
1
1
1
1
1
1
1
1
1
1
1
0.5
1
1
1
1
1
1
1
1
1
1
1
1
0.2
0.024
1
1
0.666666666666667
1
1
1
1
1
1
1
0.333333333333333
1
1
1
1
0.428571428571429
0.0102040816326531
1
1
0.142857142857143
1
1
1
1
1
1
1
1
0.00934579439252336
1
1
1
1
1
1
1
1
1
1
1
1
1
1
1
1
1
1
1
1
1
1
0.0201342281879195
1
1
1
1
1
1
1
1
1
1
0.0294117647058824
1
1
1
1
1
1
1
1
1
1
1
0.0196078431372549
1
1
0.0666666666666667
1
1
1
1
1
1
1
1
1
1
1
1
1
1
1
1
1
1
1
1
1
1
1
1
1
1
1
1
1
1
0.5
1
1
1
1
0.4
1
1
1
1
1
0.0714285714285714
1
1
1
1
1
1
1
1
1
1
0.5
1
1
1
1
1
1
1
1
1
0.2
0.0103092783505155
1
0.0222222222222222
1
1
0.2
1
1
0.2
1
1
1
1
1
1
1
1
1
1
0.0145985401459854
1
1
1
1
0.5
1
1
1
1
1
1
1
1
0.00141911069063387
1
0.666666666666667
1
1
1
1
1
1
1
1
1
0.666666666666667
1
1
1
1
1
1
1
0.333333333333333
1
0.5
1
1
0.0833333333333333
1
1
1
1
1
0.0740740740740741
1
1
1
1
1
1
1
1
1
1
1
1
0.25
1
0.333333333333333
1
1
1
1
1
1
0.6
1
1
1
1
1
1
1
1
1
1
1
1
0.00352112676056338
0.000823045267489712
1
0.00338983050847458
1
0.5
1
1
1
1
1
1
0.0526315789473684
1
1
0.5
1
1
1
1
1
1
1
1
1
1
1
1
1
1
1
1
1
1
1
1
1
1
0.000167420056922819
1
1
0.00177619893428064
1
0.25
1
1
1
1
0.0416666666666667
1
1
1
1
1
1
1
0.75
0.333333333333333
1
1
1
1
1
1
1
1
1
0.75
1
1
1
1
1
1
1
0.0158730158730159
1
1
0.0045045045045045
1
1
1
1
1
1
1
1
0.021978021978022
0.5
1
1
1
1
1
1
1
1
1
1
1
1
1
1
1
1
1
1
1
0.0327868852459016
1
0.142857142857143
1
1
0.4
0.5
1
1
1
1
1
1
1
1
1
1
1
1
1
1
1
1
1
1
1
1
1
1
1
1
1
1
0.5
1
1
1
0.0344827586206897
0.037037037037037
1
1
1
1
1
1
0.4
1
1
1
1
1
1
1
1
0.0857142857142857
1
1
1
1
0.25
1
1
1
1
0.5
1
1
1
1
1
1
1
1
0.00292397660818713
1
1
1
1
1
1
1
0.0454545454545455
1
1
1
1
1
1
1
1
1
1
1
1
1
1
1
1
1
1
1
1
1
1
1
1
1
1
1
1
1
1
1
1
1
1
1
1
1
1
1
1
1
0.0131578947368421
1
1
1
1
1
1
1
1
1
1
1
1
1
1
1
1
0.8
1
1
1
1
1
0.0512820512820513
1
0.0181818181818182
1
1
1
1
1
1
1
1
1
0.02
1
1
1
1
1
1
0.0100200400801603
0.0277777777777778
1
1
0.0072992700729927
1
1
1
1
1
1
1
1
1
1
1
1
0.0740740740740741
1
0.333333333333333
1
1
0.04
1
1
1
1
1
1
1
1
1
1
1
1
1
1
1
1
1
1
1
1
0.5
1
0.00917431192660551
1
1
1
1
1
1
0.0666666666666667
1
1
1
1
1
1
1
1
1
1
1
1
1
1
1
1
1
1
1
1
1
1
1
1
1
1
0.75
1
1
1
1
1
0.5
1
1
1
0.5
1
1
1
1
1
1
1
1
1
1
1
1
1
0.5
1
1
1
1
0.00884955752212389
1
1
1
1
1
1
1
1
1
0.5
1
1
1
0.0166666666666667
1
1
1
0.5
1
1
0.2
1
1
0.6
1
1
1
0.666666666666667
1
1
0.000550964187327824
1
1
1
1
1
1
1
1
1
1
1
1
1
1
1
1
1
1
1
1
0.00183879865154766
1
1
0.5
1
0.0024330900243309
1
1
1
1
0.0333333333333333
1
1
0.0277777777777778
1
0.02
1
1
1
1
1
1
1
1
1
1
1
1
1
1
1
0.285714285714286
1
1
1
1
1
1
1
1
1
1
1
1
1
1
1
1
1
1
1
1
0.5
0.25
1
1
1
1
1
1
1
1
0.333333333333333
0.5
0.0175438596491228
1
1
1
1
1
1
1
1
1
1
0.333333333333333
1
0.333333333333333
1
1
1
1
1
1
1
1
1
1
1
1
1
0.5
1
0.333333333333333
0.5
1
1
0.0681818181818182
1
1
1
1
0.333333333333333
1
1
0.333333333333333
1
1
1
1
0.5
0.333333333333333
1
1
1
1
1
1
1
1
1
1
1
1
1
1
1
1
1
1
1
1
1
1
1
0.25
1
1
0.5
1
1
0.25
1
1
1
1
1
0.25
1
1
1
0.00561797752808989
1
1
1
1
1
0.166666666666667
1
0.0625
1
1
1
1
0.00813008130081301
1
1
1
1
0.166666666666667
1
1
1
1
1
0.2
1
1
1
1
1
1
1
1
1
1
1
1
1
1
0.5
1
1
0.25
1
1
1
1
1
1
1
1
1
1
1
1
1
1
1
1
1
1
1
1
1
1
1
1
0.0769230769230769
1
1
1
1
1
1
0.03125
1
1
1
1
1
1
1
1
1
1
1
1
0.8
1
0.2
1
1
0.25
1
1
1
1
1
1
1
1
1
1
1
1
1
1
1
1
1
1
1
1
1
0.0148514851485149
1
1
1
1
1
0.4
1
1
1
0.5
1
1
1
1
1
1
1
1
1
0.0625
1
1
1
1
1
1
1
0.0142857142857143
1
0.5
1
1
1
0.0232558139534884
1
1
0.0117647058823529
0.5
1
1
1
1
1
1
1
1
1
1
1
1
1
1
1
1
1
1
1
1
1
1
0.0303030303030303
1
1
1
1
1
1
1
0.25
0.037037037037037
0.333333333333333
1
1
1
1
1
1
1
1
0.00540540540540541
0.272727272727273
1
1
1
1
1
1
1
1
1
1
1
1
1
0.333333333333333
1
1
1
0.5
0.03
1
1
1
1
1
1
0.01
1
1
1
1
1
1
1
1
1
1
1
1
1
1
0.00332225913621262
1
1
1
1
0.00124223602484472
1
1
1
1
1
1
1
0.0909090909090909
0.00746268656716418
1
1
1
1
1
1
1
1
1
0.00666666666666667
0.00483870967741936
0.5
1
1
1
1
1
1
1
0.1
1
1
1
0.0416666666666667
0.0087719298245614
1
1
1
1
1
1
1
1
1
1
1
1
1
1
1
1
1
1
1
1
0.0178571428571429
1
1
1
1
1
1
0.00504413619167718
1
1
0.5
1
1
1
1
1
1
1
1
1
0.2
1
1
1
1
1
1
1
1
1
1
1
1
1
0.00552486187845304
1
1
1
1
1
1
1
1
1
1
1
1
1
1
0.166666666666667
1
1
1
1
1
1
1
1
1
0.0163934426229508
1
1
1
0.166666666666667
1
1
1
0.0769230769230769
0.666666666666667
0.00100300902708124
1
1
1
1
0.0454545454545455
1
1
1
1
0.0833333333333333
0.0272727272727273
1
1
1
1
1
1
1
1
0.0272727272727273
1
1
1
1
1
1
1
1
1
0.0118110236220472
1
1
1
1
1
1
1
1
0.666666666666667
1
1
1
1
1
1
1
0.5
1
1
1
1
1
1
1
0.0357142857142857
0.222222222222222
1
1
1
1
1
1
1
1
1
1
1
0.0909090909090909
1
0.0119047619047619
1
1
1
1
1
1
1
0.00135961930659415
1
1
1
0.0125
1
0.0062111801242236
0.0036101083032491
1
1
1
0.5
1
1
1
1
1
1
1
1
0.142857142857143
1
1
1
1
1
1
1
1
1
1
1
1
1
1
1
1
1
1
1
1
1
1
1
1
1
1
1
1
1
1
1
1
1
1
1
1
1
1
0.0689655172413793
1
1
1
0.00145560407569141
1
1
1
1
1
0.032520325203252
1
1
1
1
1
0.5
0.0217391304347826
1
1
1
1
1
1
1
1
1
1
1
1
1
1
1
1
1
1
1
0.75
1
1
1
1
1
1
1
1
1
1
1
0.428571428571429
1
1
1
1
1
1
1
1
0.5
1
1
1
0.0340909090909091
1
1
1
1
1
1
1
0.25
1
1
1
1
0.142857142857143
1
1
1
1
1
1
1
1
1
1
1
1
1
1
1
1
1
1
1
1
1
0.00843881856540084
0.00184842883548983
1
1
1
1
1
1
0.666666666666667
0.00112676056338028
1
1
1
1
1
1
1
1
1
1
0.0149253731343284
1
1
1
1
1
1
1
1
0.00746268656716418
1
0.25
1
0.00480769230769231
1
1
1
1
1
1
1
1
1
0.00259067357512953
1
1
1
1
0.5
1
1
1
1
1
1
1
1
1
1
0.25
1
1
1
1
1
1
1
1
1
1
1
1
1
0.142857142857143
1
1
1
1
1
0.111111111111111
1
1
1
1
1
1
1
1
0.0021551724137931
1
0.333333333333333
1
1
1
1
1
1
1
1
1
1
1
1
0.5
1
1
1
1
1
1
1
1
1
1
1
1
1
1
0.0454545454545455
1
1
1
1
1
1
0.00909090909090909
1
1
1
1
1
1
1
0.25
0.2
1
1
1
1
1
1
1
1
1
0.00280112044817927
1
1
1
1
1
0.25
1
1
1
1
1
1
1
1
1
1
1
1
1
1
1
1
1
1
1
1
1
1
1
1
1
1
1
1
1
1
1
1
0.0196078431372549
1
1
1
1
1
1
1
1
0.0588235294117647
1
1
1
0.5
1
1
1
1
1
1
1
1
1
1
1
1
1
0.5
1
1
1
1
1
1
0.333333333333333
1
1
1
1
1
1
1
1
1
1
1
1
1
1
1
1
1
1
1
1
1
1
1
1
1
1
1
1
1
1
0.285714285714286
1
0.00395256916996047
1
1
1
1
1
1
1
1
1
1
1
1
1
1
1
1
1
1
1
1
1
1
1
1
1
1
1
1
1
1
1
1
1
1
1
1
1
1
1
0.00917431192660551
1
1
1
0.5
1
1
1
1
1
0.0714285714285714
1
1
1
0.1
1
0.0132450331125828
0.333333333333333
1
1
1
1
1
0.0625
1
0.0714285714285714
1
1
0.5
1
1
1
1
1
0.111111111111111
1
0.333333333333333
1
1
1
1
1
0.666666666666667
1
1
0.00024931438544004
1
1
0.5
1
1
1
1
1
1
1
1
1
1
0.00105263157894737
1
1
1
1
1
1
1
1
1
0.5
1
1
1
1
1
1
1
1
1
1
0.5
1
1
1
1
1
1
1
1
1
0.0169491525423729
1
1
1
1
1
1
1
1
1
1
0.166666666666667
0.037037037037037
1
1
1
0.0454545454545455
1
1
1
1
1
1
1
1
1
1
1
1
1
1
1
1
1
1
1
1
1
1
0.333333333333333
1
1
1
1
1
1
1
1
1
1
1
1
1
1
0.00390625
1
1
1
1
1
1
1
1
1
1
0.5
1
1
1
1
0.4
1
1
1
1
1
1
1
1
1
1
1
1
1
1
1
1
1
1
1
1
1
1
0.0128205128205128
1
1
1
1
1
1
1
1
1
1
1
1
1
0.1
1
1
1
1
1
1
1
1
1
1
1
1
1
1
1
0.00934579439252336
1
1
0.5
1
1
1
1
1
1
1
1
1
1
1
0.0625
1
0.0178571428571429
1
1
1
1
1
1
1
1
1
1
1
1
1
0.333333333333333
0.000286123032904149
1
1
1
1
1
1
1
1
1
1
1
1
1
1
1
1
1
1
1
0.0425531914893617
1
1
1
1
0.0149253731343284
1
1
1
1
1
1
1
1
1
0.00416666666666667
1
1
1
1
1
1
1
1
1
1
1
1
1
1
1
1
1
0.0192307692307692
0.00304878048780488
1
1
0.5
1
1
1
1
1
1
1
1
1
1
0.00645161290322581
1
1
1
1
1
1
1
1
0.00185013876040703
1
1
1
1
1
0.037037037037037
0.0185185185185185
1
1
1
0.04
1
0.0176211453744493
1
1
1
0.333333333333333
1
0.0175438596491228
1
1
1
1
1
0.00757575757575758
1
1
1
1
1
1
1
1
0.0434782608695652
1
1
1
1
1
1
0.1
1
0.25
1
1
1
1
1
1
1
1
1
1
1
1
1
1
1
1
1
1
1
1
1
1
1
1
1
1
0.142857142857143
1
1
1
1
1
0.5
1
1
0.0833333333333333
1
1
1
1
1
1
1
1
1
1
1
1
1
0.666666666666667
1
0.25
1
1
1
1
1
1
1
0.142857142857143
1
1
1
1
1
1
0.0029673590504451
1
1
1
1
1
1
1
1
1
1
1
0.0588235294117647
0.00480769230769231
1
0.5
1
1
1
1
1
1
1
1
1
1
1
0.0029673590504451
1
1
1
1
1
0.25
1
1
1
0.0714285714285714
1
1
1
1
0.2
1
1
1
1
1
1
1
1
1
0.5
1
1
1
1
1
1
1
1
1
1
1
1
1
1
1
1
1
0.0266666666666667
1
1
1
1
1
1
1
1
1
1
1
1
1
1
1
1
1
1
1
1
1
1
1
1
0.04
0.333333333333333
1
1
1
0.000949667616334283
1
1
1
1
1
1
0.5
1
1
0.5
1
1
1
1
1
1
1
1
1
1
1
1
1
0.333333333333333
0.00333333333333333
1
1
1
0.00909090909090909
1
1
1
1
0.5
1
1
1
1
1
1
1
0.00234741784037559
1
1
1
1
1
1
1
1
1
1
1
1
0.1
1
0.5
1
0.037037037037037
1
1
1
1
1
1
1
1
1
1
1
1
1
1
1
1
1
1
1
1
1
1
1
1
0.5
1
0.2
1
1
1
1
1
0.111111111111111
1
1
0.0652173913043478
0.666666666666667
1
1
1
1
1
1
0.5
1
0.00641025641025641
1
1
1
1
1
1
1
1
1
1
1
1
0.0204081632653061
1
1
1
1
1
1
1
1
0.125
1
1
1
1
0.5
1
1
0.0256410256410256
1
0.0833333333333333
1
1
1
1
1
1
1
1
1
1
1
1
1
0.75
1
1
1
1
0.166666666666667
1
1
1
1
0.0909090909090909
1
1
0.0384615384615385
0.0588235294117647
0.0138888888888889
0.333333333333333
1
1
1
1
1
0.5
1
1
1
1
1
1
1
1
1
1
1
1
1
1
1
1
1
0.5
1
1
1
1
1
1
1
1
1
1
1
1
1
1
1
1
1
1
1
1
1
1
1
1
1
1
1
0.0303030303030303
1
0.5
1
1
1
1
1
1
1
1
1
1
1
1
0.0238095238095238
0.00125
1
1
1
1
1
1
1
1
1
1
1
1
1
1
1
1
1
0.0297029702970297
1
1
1
1
0.333333333333333
1
1
1
1
1
1
1
1
1
1
1
1
1
0.003003003003003
1
1
0.0232558139534884
1
1
1
0.0172413793103448
1
1
1
1
1
1
1
1
1
1
1
1
1
1
1
1
0.333333333333333
1
1
1
1
1
1
1
1
0.00462962962962963
1
1
1
1
1
1
1
0.0384615384615385
0.5
0.0476190476190476
1
1
1
0.0384615384615385
1
1
1
1
1
0.0625
1
1
1
1
1
1
1
0.5
0.5
1
1
1
1
1
1
1
1
1
1
1
1
0.5
1
0.0487804878048781
1
1
1
1
1
1
1
1
1
1
1
1
1
1
1
1
1
0.666666666666667
1
1
1
1
0.00595238095238095
1
1
1
1
1
1
1
1
1
1
1
1
1
1
1
1
1
1
1
1
1
1
1
1
1
0.0555555555555556
1
1
1
1
1
1
1
1
1
1
1
1
1
0.000732064421669107
1
1
1
0.5
1
1
1
0.0526315789473684
1
1
0.5
1
1
1
1
0.00854700854700855
1
1
1
0.666666666666667
1
0.333333333333333
1
1
1
1
1
1
1
1
1
1
1
1
1
1
1
1
1
1
1
1
1
1
1
1
1
1
1
0.0344827586206897
1
1
1
1
1
1
1
1
1
1
1
1
1
1
1
1
1
1
1
1
1
1
1
1
1
1
0.00134952766531714
1
1
1
1
1
1
1
1
1
1
1
1
1
1
1
1
1
1
1
1
1
0.5
1
1
1
1
1
1
1
1
0.032258064516129
1
1
1
1
1
1
1
1
1
1
1
1
1
0.0227272727272727
1
1
1
1
1
1
1
1
1
0.0099009900990099
1
1
1
1
1
1
1
1
1
1
1
1
0.0144927536231884
0.1
1
0.25
1
1
1
1
1
0.00840336134453781
1
1
1
1
1
1
1
1
1
0.333333333333333
1
1
1
1
1
1
1
0.00793650793650794
1
1
1
1
1
1
1
0.0333333333333333
1
1
0.5
1
1
1
1
1
1
1
1
1
1
1
1
1
0.0196078431372549
1
1
1
1
1
1
1
0.333333333333333
1
1
1
1
1
1
0.0333333333333333
1
0.333333333333333
0.0909090909090909
0.5
1
1
1
1
1
1
1
0.5
1
0.5
1
1
1
0.00359712230215827
1
0.333333333333333
1
1
1
1
1
1
1
1
1
1
1
1
1
1
1
1
1
1
1
1
0.5
1
1
1
1
1
0.00909090909090909
1
0.027027027027027
1
1
1
1
1
0.0188679245283019
1
1
1
1
1
1
0.00238663484486874
1
1
1
1
1
1
1
1
1
1
1
0.333333333333333
1
1
1
0.5
1
1
1
0.333333333333333
1
1
1
1
1
0.5
1
1
1
1
1
1
1
1
1
1
1
1
0.1
1
1
1
1
1
1
1
1
1
1
1
1
1
1
1
1
1
0.333333333333333
1
1
0.00851063829787234
0.5
1
1
1
1
1
1
1
1
1
0.00395256916996047
1
1
1
1
1
1
1
1
1
1
1
1
1
0.0120481927710843
1
1
1
1
1
1
1
0.0833333333333333
1
0.0131578947368421
1
1
1
1
0.5
0.0169491525423729
1
1
1
1
1
1
1
1
1
1
1
0.000498504486540379
0.0204081632653061
0.05
1
1
1
1
1
1
0.027027027027027
1
1
1
1
1
1
1
1
1
1
1
1
1
0.5
1
1
1
1
1
1
1
1
1
1
1
0.0185185185185185
1
1
0.0666666666666667
1
1
1
0.5
1
1
0.333333333333333
1
1
1
1
0.00674157303370787
1
1
1
1
1
1
0.136363636363636
1
1
0.0714285714285714
1
1
1
1
1
1
0.25
1
1
1
0.00120481927710843
1
1
1
1
1
1
1
1
1
1
1
0.0120481927710843
1
1
1
1
1
0.00662251655629139
1
0.00314465408805031
1
1
1
1
1
1
0.00381679389312977
1
1
1
1
1
1
1
1
1
1
1
1
1
0.333333333333333
1
1
1
1
1
1
1
1
1
1
1
0.00359066427289048
1
1
1
1
0.0909090909090909
1
1
1
1
0.0108108108108108
1
1
1
1
1
1
1
1
1
1
1
1
1
0.0120481927710843
1
1
1
1
1
1
1
1
1
1
1
1
1
1
1
0.0138888888888889
1
1
1
0.0158730158730159
0.0294117647058824
1
0.25
1
1
1
1
1
1
1
0.5
1
1
1
1
1
1
1
1
1
1
1
1
1
0.000573065902578797
1
1
1
1
1
1
1
1
0.5
1
1
1
1
1
1
1
0.000550660792951542
1
1
1
1
1
1
0.0333333333333333
1
1
1
0.5
1
1
1
1
0.000506585612968592
1
1
1
1
1
1
1
1
1
1
1
0.0149253731343284
1
1
1
1
1
1
1
0.0769230769230769
1
1
0.000727802037845706
1
1
1
1
0.0138888888888889
1
0.5
1
1
1
1
1
1
1
1
1
1
1
1
1
1
1
1
1
1
1
1
1
1
0.024390243902439
1
1
1
0.25
1
1
1
1
1
1
1
0.00952380952380952
0.666666666666667
1
1
1
1
1
1
1
1
1
1
0.2
1
1
1
1
1
1
1
1
1
1
1
0.0212765957446809
1
1
1
1
1
1
1
1
1
1
1
1
1
1
1
1
1
1
0.5
1
1
1
1
1
1
1
1
1
1
1
1
1
1
1
0.5
1
1
1
1
1
1
1
0.5
1
1
1
1
1
1
1
1
1
1
1
1
1
1
1
0.5
1
1
1
0.03125
1
1
1
1
1
1
1
1
1
1
1
1
1
1
1
1
0.125
1
1
1
1
1
0.5
0.00645161290322581
1
1
1
1
1
1
1
1
1
1
1
1
1
0.5
1
1
1
0.0196078431372549
1
1
1
1
0.000595947556615018
1
1
0.5
1
1
1
0.5
1
1
1
1
1
1
1
1
0.2
1
1
1
1
1
1
1
1
1
1
1
1
1
1
1
1
1
1
1
1
1
1
1
1
1
1
1
1
1
1
0.333333333333333
1
1
1
0.5
0.5
1
1
1
1
1
1
0.0833333333333333
0.25
0.166666666666667
1
1
1
1
1
1
1
0.00757575757575758
1
1
1
0.2
1
1
1
1
1
1
1
1
1
1
1
1
1
1
1
1
0.5
1
0.0192307692307692
1
1
1
1
1
1
0.666666666666667
1
1
1
1
1
1
1
1
0.5
1
1
0.00884955752212389
1
1
1
1
1
1
0.00970873786407767
1
1
0.333333333333333
1
1
1
1
1
1
1
1
1
1
1
1
1
1
0.5
1
0.0714285714285714
1
1
1
1
0.00344827586206897
1
1
1
0.6
0.00101419878296146
1
1
1
1
1
1
1
1
1
1
1
1
1
1
1
1
1
1
1
1
1
1
1
1
1
1
1
1
1
1
1
1
1
1
1
0.5
1
1
1
0.0909090909090909
0.5
1
0.0121951219512195
1
1
1
1
1
1
1
1
1
1
1
1
1
1
1
1
1
0.00290697674418605
1
1
1
1
1
1
1
1
1
1
0.111111111111111
1
1
1
1
1
1
1
1
1
1
1
1
1
1
1
1
1
1
1
1
0.2
1
1
1
0.142857142857143
0.0121951219512195
1
1
1
1
1
1
1
1
1
1
1
1
1
1
1
1
1
1
1
1
1
0.0144927536231884
1
1
1
1
1
1
1
1
1
1
0.333333333333333
1
1
1
1
1
0.00869565217391304
1
1
1
1
1
1
1
1
1
1
1
1
1
1
1
1
0.0714285714285714
1
1
1
1
1
1
1
1
1
1
1
1
0.5
1
1
1
1
1
1
1
1
1
0.0714285714285714
1
1
1
1
1
1
1
1
0.0588235294117647
1
1
1
1
1
1
1
1
1
1
0.5
1
0.333333333333333
1
1
0.1
1
1
1
1
1
1
1
1
1
1
1
1
1
1
1
0.5
1
1
1
0.003125
1
1
1
1
1
1
1
1
1
1
1
0.0655737704918033
1
1
1
1
1
1
1
1
1
0.25
1
1
1
1
1
1
1
1
1
0.5
0.0416666666666667
1
1
1
0.666666666666667
1
1
1
1
1
1
1
0.5
1
1
1
1
1
1
1
1
1
1
1
1
1
1
1
0.00478468899521531
1
1
1
0.75
1
1
1
0.00122699386503067
1
1
0.0454545454545455
0.5
1
1
1
1
1
1
1
1
1
1
1
1
1
1
1
1
1
1
1
1
1
1
1
1
1
1
1
1
1
1
1
1
1
1
1
1
1
0.0175438596491228
1
1
1
1
1
0.00581395348837209
1
1
1
1
1
1
1
1
1
1
1
1
1
0.5
1
1
1
1
1
1
1
1
1
1
1
0.333333333333333
0.5
1
1
1
1
1
1
1
1
1
1
1
1
1
1
1
1
1
1
1
1
1
1
1
1
1
1
1
1
0.333333333333333
1
1
1
1
1
1
1
1
1
1
1
1
1
1
1
1
1
1
1
1
1
1
1
1
1
1
1
1
0.333333333333333
1
1
1
1
0.00775193798449612
1
1
0.00186915887850467
0.5
1
1
1
1
0.0181818181818182
1
1
1
1
0.0434782608695652
1
0.5
1
1
0.0169491525423729
1
1
1
1
1
1
0.0102040816326531
1
1
1
1
1
1
1
1
1
1
1
1
1
1
1
1
1
1
1
1
1
1
1
1
1
0.00246913580246914
1
1
0.0144927536231884
0.333333333333333
1
0.03125
1
1
1
1
1
1
1
1
1
0.5
1
0.5
0.2
1
1
0.5
1
1
1
0.0131578947368421
1
1
1
1
1
0.0769230769230769
1
1
0.00253164556962025
1
1
1
1
1
1
1
0.5
1
1
1
1
1
1
1
1
1
1
1
1
1
0.0140845070422535
1
1
1
1
1
1
1
1
1
1
1
1
1
1
0.0181818181818182
1
1
1
1
1
1
1
1
1
0.0028735632183908
1
1
1
1
1
0.5
1
1
1
1
1
1
1
1
0.111111111111111
0.25
0.5
1
0.0033112582781457
1
1
1
1
1
1
1
1
1
1
1
1
0.111111111111111
1
1
1
1
1
1
1
1
1
1
1
1
1
0.0111731843575419
1
1
0.111111111111111
1
1
1
1
1
1
1
1
1
0.666666666666667
1
1
0.00177619893428064
1
0.0740740740740741
1
1
1
1
1
1
1
1
1
1
1
1
1
1
1
1
1
1
1
1
1
1
1
1
1
1
1
1
1
0.0204081632653061
1
1
1
1
1
1
1
1
1
1
1
1
1
1
1
1
1
1
1
1
0.25
0.5
1
1
1
1
1
1
1
1
1
1
1
1
1
1
1
1
1
1
1
1
1
1
1
1
1
1
1
1
1
1
1
1
1
1
0.5
1
0.25
1
1
1
1
1
1
1
1
1
0.666666666666667
1
1
0.25
0.5
1
1
1
1
1
1
1
0.5
0.000259762750021647
1
1
1
1
1
1
1
1
1
1
1
1
1
1
0.333333333333333
1
1
1
1
1
0.666666666666667
1
1
1
1
1
1
0.0028735632183908
1
1
1
0.2
1
1
1
1
1
1
1
1
1
1
1
1
0.000645994832041344
0.25
1
1
0.0131578947368421
1
1
1
0.142857142857143
1
1
1
0.00469483568075117
1
1
1
0.5
1
1
1
1
1
1
1
1
1
1
1
1
1
1
1
1
0.015625
1
1
1
1
1
1
1
1
0.5
1
1
0.00126582278481013
1
1
1
1
1
1
1
1
1
1
1
1
1
1
1
0.5
1
1
1
1
1
1
1
1
1
1
1
1
1
1
1
1
1
1
1
0.00217391304347826
0.037037037037037
1
1
1
1
1
1
0.0384615384615385
1
1
1
1
1
1
1
1
1
1
1
1
0.0108108108108108
1
1
1
1
1
1
1
1
1
1
1
1
0.0078740157480315
1
1
0.0714285714285714
1
1
0.571428571428571
1
1
1
1
1
1
1
0.025
1
0.0277777777777778
1
1
1
1
1
1
1
1
1
1
1
1
1
1
1
0.333333333333333
1
1
1
1
1
1
1
1
0.333333333333333
1
1
0.0105263157894737
0.0140845070422535
1
1
1
1
1
1
1
1
1
1
1
1
1
0.125
0.111111111111111
1
1
1
1
1
1
1
1
1
1
1
1
1
1
1
1
1
1
1
1
1
1
1
1
0.0151515151515152
1
1
1
1
1
0.00434782608695652
1
1
1
1
1
1
1
0.5
1
1
1
1
1
0.5
1
0.5
1
1
1
1
1
1
1
1
1
1
1
1
1
1
1
1
1
1
1
1
0.5
1
1
1
1
1
1
1
1
1
1
1
1
1
1
1
1
1
1
1
1
0.5
1
0.0714285714285714
1
1
1
1
1
1
1
1
1
1
1
1
0.5
1
1
1
1
1
1
1
1
1
1
1
1
1
1
1
1
1
1
1
1
1
0.5
1
1
1
1
1
1
1
1
1
1
1
1
1
1
0.111111111111111
1
1
1
1
1
1
1
1
1
1
1
1
1
1
1
1
1
1
1
1
1
1
0.5
1
1
1
1
1
1
1
1
1
1
1
1
1
1
1
1
1
1
1
1
1
1
1
1
1
1
1
1
1
0.0188679245283019
1
1
1
1
1
1
1
1
1
1
1
1
1
1
1
1
0.5
1
1
1
1
1
1
1
1
1
1
1
1
1
1
1
0.142857142857143
1
1
1
0.5
0.010752688172043
1
1
1
1
1
1
1
1
1
1
1
1
1
0.0714285714285714
1
1
1
1
1
1
1
1
1
1
0.00925925925925926
1
0.5
1
1
1
1
1
1
1
1
1
1
1
1
1
1
1
1
1
1
1
1
1
1
1
0.333333333333333
1
1
1
1
1
1
1
0.166666666666667
0.5
1
1
0.2
0.2
1
1
0.00462962962962963
1
1
1
1
1
1
1
1
1
1
1
1
1
1
1
1
1
1
1
1
1
0.0714285714285714
1
1
1
1
0.0952380952380952
1
1
1
1
1
1
1
1
1
1
1
1
1
0.5
1
1
1
1
1
0.5
1
1
1
1
1
1
1
1
1
1
1
1
1
1
0.00862068965517241
1
1
1
1
0.0909090909090909
1
1
1
1
1
1
1
0.2
1
1
1
1
1
1
1
1
1
1
1
1
1
1
0.2
1
1
1
1
1
1
1
1
1
1
1
1
1
1
1
1
1
1
0.0344827586206897
1
1
1
1
1
0.111111111111111
1
1
1
1
0.333333333333333
1
1
1
1
0.5
1
1
1
1
1
1
1
0.012987012987013
1
0.5
1
1
1
0.0212765957446809
1
1
1
1
1
1
1
1
1
1
1
1
0.0101010101010101
1
1
1
1
1
1
1
0.0113636363636364
1
0.333333333333333
1
1
1
1
1
0.166666666666667
1
1
1
1
1
1
1
1
1
1
1
1
1
1
1
1
1
1
1
1
1
1
1
1
1
0.5
1
1
1
1
1
1
1
1
1
1
1
1
1
1
1
1
1
1
1
1
1
1
1
1
1
1
1
1
1
0.333333333333333
1
1
1
1
1
1
1
1
1
1
1
1
1
1
1
1
1
1
1
1
1
0.0125
1
0.166666666666667
1
1
1
1
1
1
1
0.0040650406504065
0.000724112961622013
1
1
1
0.666666666666667
1
1
1
1
1
1
1
1
1
1
1
1
1
1
0.5
0.666666666666667
1
1
1
1
1
1
0.333333333333333
1
1
1
1
1
0.00952380952380952
1
1
1
1
1
1
1
1
1
1
1
1
1
1
1
1
1
1
1
1
1
1
1
1
1
1
1
1
1
1
1
1
1
1
1
1
1
1
1
1
1
0.5
0.5
0.025
0.0111111111111111
1
1
1
1
0.027027027027027
1
1
1
1
1
1
1
0.00268096514745308
0.5
1
1
1
1
1
1
1
0.5
1
1
1
1
0.333333333333333
1
1
1
0.025
1
0.5
1
1
1
1
1
0.2
1
1
1
1
1
1
1
1
1
1
1
1
1
1
1
0.0172413793103448
1
1
1
1
1
1
1
1
0.0434782608695652
1
1
1
1
1
1
1
1
1
1
1
1
0.5
1
1
1
1
1
1
1
1
1
1
1
1
1
1
0.0172413793103448
1
1
1
0.333333333333333
1
1
1
0.0294117647058824
1
1
0.5
1
1
1
1
1
1
1
0.5
0.1
1
1
1
1
1
1
0.0714285714285714
1
1
1
1
1
1
1
1
1
1
1
1
1
1
1
1
1
1
1
1
1
1
1
1
1
1
1
1
1
1
1
1
1
1
1
1
1
1
1
1
1
1
1
1
1
1
1
1
1
1
1
1
1
1
1
1
1
1
1
1
1
1
1
1
1
1
1
1
0.0238095238095238
1
1
1
1
1
1
1
1
1
1
1
0.0526315789473684
1
1
1
1
1
1
1
1
1
1
1
1
0.00485436893203883
1
1
1
1
1
1
1
1
0.000748502994011976
1
1
1
1
1
0.25
1
1
1
1
1
1
1
1
1
1
1
0.5
1
1
1
1
0.000356633380884451
1
1
1
1
1
1
1
1
1
1
1
1
1
1
1
1
1
1
1
1
1
1
1
1
1
1
1
1
0.00062266500622665
1
1
1
1
0.0227272727272727
1
1
1
0.2
1
1
0.5
0.0588235294117647
1
1
1
1
1
1
1
1
0.166666666666667
1
1
0.5
1
1
0.166666666666667
1
1
1
1
1
1
1
1
1
1
1
0.03125
1
1
1
1
1
1
1
0.1
1
1
1
1
1
1
0.0588235294117647
1
1
1
0.5
1
1
1
1
1
1
1
1
1
1
1
1
1
1
1
1
1
1
1
1
1
0.5
1
1
1
1
1
1
0.142857142857143
1
1
1
1
1
1
1
1
1
1
1
1
1
1
1
1
1
1
1
0.00813008130081301
1
1
1
1
0.125
1
1
1
0.1
1
0.00602409638554217
1
1
1
1
1
0.1
1
1
1
1
1
1
1
1
1
1
0.2
1
1
1
1
1
1
1
1
0.00434782608695652
1
1
0.00234741784037559
1
1
1
1
1
1
1
1
1
1
1
1
1
1
1
1
1
1
1
1
1
1
1
1
0.0104166666666667
1
0.010989010989011
1
1
1
1
1
1
0.00952380952380952
1
1
1
1
1
1
1
1
0.0666666666666667
1
1
1
1
1
1
1
1
1
1
1
1
1
1
0.0212765957446809
1
1
1
1
1
1
1
1
1
1
1
1
1
1
1
0.5
1
1
1
0.5
1
0.0106382978723404
1
1
1
1
1
1
1
1
1
1
1
1
0.333333333333333
1
1
1
0.142857142857143
1
1
1
1
1
1
0.5
1
1
0.00306748466257669
1
1
1
1
1
1
1
0.037037037037037
1
1
1
0.0166666666666667
0.03125
1
1
1
1
1
1
1
1
1
1
1
1
1
0.166666666666667
0.0119047619047619
1
1
1
1
1
1
1
0.5
1
1
1
1
0.5
1
1
1
1
1
1
1
1
1
1
1
1
1
1
1
1
1
1
1
1
1
1
1
1
0.125
1
1
1
1
0.666666666666667
1
1
1
1
1
1
1
1
1
1
1
1
0.000154655119084442
0.2
1
1
1
0.0147058823529412
1
1
1
1
0.0666666666666667
1
1
1
1
1
1
0.111111111111111
1
1
0.0833333333333333
1
1
1
1
1
1
1
1
1
1
1
1
0.333333333333333
0.0344827586206897
1
1
0.333333333333333
1
1
1
1
1
1
1
1
1
1
1
0.5
1
1
1
1
1
1
1
1
1
1
1
1
1
1
1
1
1
1
1
1
1
1
0.142857142857143
1
1
1
1
1
1
1
1
1
1
1
1
1
1
1
1
0.5
0.027027027027027
1
1
0.0434782608695652
1
1
1
1
1
1
1
0.00826446280991736
1
1
1
1
1
1
1
1
0.0075187969924812
1
1
1
0.0769230769230769
1
1
1
1
1
1
1
1
1
1
0.0277777777777778
1
1
0.333333333333333
1
0.0454545454545455
1
1
1
1
1
0.107142857142857
1
1
1
1
1
1
1
1
1
1
1
1
1
1
0.5
1
0.0625
1
1
1
1
1
1
1
1
0.5
1
1
0.142857142857143
1
0.1
1
0.25
1
1
1
1
1
1
1
1
1
1
1
1
1
1
1
1
1
1
1
1
0.5
1
1
1
1
1
1
1
1
1
1
1
1
1
1
1
1
1
0.0454545454545455
0.0136986301369863
1
1
1
1
1
1
1
1
0.0833333333333333
1
1
1
1
1
0.00159489633173844
1
1
1
1
1
1
1
0.00819672131147541
1
1
0.00403225806451613
1
1
1
1
0.5
1
1
0.0208333333333333
1
1
0.5
1
1
1
1
1
1
0.0232558139534884
1
1
1
1
1
1
1
1
1
1
1
1
1
1
1
1
1
1
1
1
1
1
1
1
1
1
1
1
1
1
1
1
1
1
1
1
1
1
1
1
1
1
1
1
1
1
1
1
1
1
1
1
1
1
1
1
1
1
1
1
1
1
1
1
1
1
1
1
1
1
1
1
1
1
1
1
1
1
1
1
1
1
1
1
1
1
0.0020703933747412
0.5
1
1
1
1
1
1
1
1
0.5
0.25
0.5
1
1
1
1
1
1
1
0.0625
1
1
1
1
1
1
1
1
1
1
1
1
1
0.0128205128205128
1
1
1
0.0144927536231884
1
0.0526315789473684
1
1
1
1
1
1
1
1
1
1
1
1
0.027027027027027
1
1
1
1
1
1
1
0.00352112676056338
1
1
1
0.5
1
1
1
0.00675675675675676
1
1
0.00813008130081301
1
1
1
1
1
1
1
1
1
1
0.5
1
1
0.0263157894736842
0.5
1
0.142857142857143
1
1
1
1
1
1
1
0.333333333333333
1
1
1
1
0.5
1
1
1
1
1
1
1
1
1
1
1
1
0.00212765957446809
1
1
1
1
1
1
0.0212765957446809
1
1
1
0.25
1
0.0178571428571429
1
1
1
0.0434782608695652
1
1
1
1
1
1
1
1
1
1
1
1
0.0714285714285714
1
1
1
1
1
1
1
1
1
1
1
1
1
1
1
1
1
1
1
1
1
1
1
1
1
0.1
1
1
1
1
1
1
1
1
0.333333333333333
0.00540540540540541
1
1
0.00980392156862745
1
1
1
1
1
0.0666666666666667
0.5
1
1
1
1
1
1
1
0.0714285714285714
1
1
0.5
1
1
1
1
1
1
1
0.333333333333333
1
1
1
1
1
1
1
1
1
0.5
1
1
1
0.333333333333333
1
1
1
1
1
1
1
1
1
1
0.0238095238095238
1
0.000228258388495777
1
1
1
1
1
1
1
1
1
1
1
1
1
1
1
1
1
1
0.2
1
1
1
1
0.5
1
1
0.142857142857143
1
1
0.5
1
0.00564971751412429
1
1
1
1
1
1
1
1
0.032258064516129
1
1
1
1
1
1
1
1
0.0666666666666667
1
1
1
1
1
1
0.25
1
1
1
1
1
1
0.166666666666667
1
1
1
1
1
1
1
0.2
1
1
1
1
1
1
1
1
1
1
1
1
0.0113636363636364
1
1
1
1
1
1
1
1
0.00869565217391304
1
1
1
1
1
1
1
1
1
0.000450856627592426
0.1
1
1
1
1
1
1
1
1
1
1
1
1
1
1
1
0.333333333333333
1
1
1
1
1
1
0.5
1
1
1
1
1
1
1
1
0.0232558139534884
1
1
1
1
1
1
1
1
1
1
1
1
1
1
1
1
1
1
1
1
1
1
1
1
1
1
1
1
1
1
1
1
1
1
1
1
1
1
1
1
1
1
1
1
1
1
1
1
1
0.0151515151515152
1
0.333333333333333
1
1
1
1
1
0.03125
1
1
1
1
1
1
1
1
1
0.0035799522673031
1
0.00684931506849315
0.02
1
1
1
1
1
1
1
1
0.0625
0.333333333333333
0.0151515151515152
1
1
0.0769230769230769
1
1
1
0.5
0.0714285714285714
1
1
1
1
1
1
1
1
1
1
1
1
1
1
1
1
1
1
1
1
1
1
1
1
1
1
1
1
1
0.0344827586206897
1
1
1
1
1
1
1
1
1
1
1
1
1
1
0.00632911392405063
1
1
1
1
1
1
0.5
1
1
1
1
1
1
1
1
1
0.2
1
1
1
1
1
1
1
1
0.000564971751412429
0.0303030303030303
1
1
1
1
0.000649350649350649
1
1
1
1
1
1
1
1
1
1
1
1
1
1
0.0357142857142857
1
1
1
1
1
1
0.00769230769230769
1
0.0666666666666667
1
1
1
1
1
1
1
1
1
1
1
1
1
0.00359712230215827
0.00657894736842105
1
1
1
1
1
0.5
1
0.0087719298245614
1
1
1
0.0454545454545455
1
0.00641025641025641
1
1
1
1
1
1
1
1
1
1
1
1
1
1
1
1
1
1
1
1
1
1
1
1
1
1
1
1
1
1
1
1
0.0196078431372549
1
1
1
1
1
0.00238663484486874
1
1
1
1
1
1
1
0.142857142857143
1
1
1
1
1
0.00847457627118644
1
1
1
0.5
1
1
1
1
1
1
1
1
1
1
1
1
1
1
1
1
1
1
1
1
1
0.2
1
1
1
1
0.00961538461538462
1
1
1
1
1
1
1
1
1
1
1
1
1
0.5
1
1
1
1
1
1
1
1
1
1
1
1
1
1
1
1
1
1
1
1
0.222222222222222
1
1
1
1
1
1
1
1
1
1
0.036697247706422
1
1
1
0.2
0.00813008130081301
0.032258064516129
1
1
1
1
1
1
1
1
1
1
1
1
1
1
0.5
1
1
1
1
1
1
1
1
1
1
1
1
1
1
1
1
0.0909090909090909
0.133333333333333
0.5
1
1
0.0454545454545455
1
0.0740740740740741
0.25
1
1
0.0666666666666667
1
1
1
1
0.5
1
0.00467289719626168
1
1
0.0106951871657754
1
1
1
1
1
1
0.032258064516129
1
1
0.0714285714285714
1
0.0504201680672269
0.0125
1
0.5
1
1
1
1
1
1
1
1
1
1
1
1
1
1
0.5
1
1
1
1
1
1
1
1
1
1
1
1
0.8
0.00909090909090909
0.00732600732600733
1
1
1
0.0344827586206897
1
1
0.5
1
0.0258620689655172
0.0114285714285714
1
1
0.0571428571428571
0.217391304347826
1
1
1
0.05
1
1
0.5
1
1
1
1
1
1
1
1
0.00909090909090909
0.00543478260869565
1
1
1
1
1
1
1
1
1
1
1
1
1
1
1
0.5
1
0.0222222222222222
0.0147058823529412
1
1
1
1
1
1
1
0.0224719101123596
0.00709219858156028
1
1
1
1
1
1
1
1
1
0.111111111111111
1
1
1
1
1
1
0.05
1
0.00961538461538462
0.0625
1
1
1
1
1
1
1
1
1
0.16
1
1
1
1
1
1
1
1
1
1
0.0606060606060606
1
1
1
1
1
1
1
1
1
1
1
1
1
1
0.5
0.00246913580246914
1
1
1
1
1
1
1
0.0144927536231884
1
1
1
1
1
1
1
1
1
1
0.0588235294117647
1
1
1
1
1
1
1
1
0.25
1
0.00847457627118644
1
1
1
0.0377358490566038
1
1
1
1
1
1
1
1
1
0.0416666666666667
1
1
0.0625
1
1
1
1
0.0303030303030303
1
0.333333333333333
1
1
0.333333333333333
0.00380228136882129
1
1
1
1
1
1
0.5
0.25
1
1
1
1
1
1
1
1
1
1
1
1
0.0588235294117647
1
1
0.0227272727272727
1
1
1
1
1
1
1
0.0344827586206897
1
1
1
1
0.5
1
1
1
1
1
1
1
1
1
0.2
0.05
1
1
1
1
0.333333333333333
1
0.000396667988893296
1
0.00632911392405063
0.00239808153477218
1
1
1
1
1
1
1
0.0108695652173913
1
1
0.0454545454545455
1
0.5
1
1
1
1
1
0.333333333333333
1
1
1
1
0.111111111111111
1
1
1
1
1
1
1
0.99009900990099
1
1
1
1
1
1
1
1
1
1
1
1
1
1
1
1
0.857142857142857
1
1
1
0.5
0.5
1
1
1
1
1
1
1
1
1
1
1
0.333333333333333
1
1
1
1
0.0303030303030303
1
1
1
1
1
1
1
1
1
1
1
1
1
1
1
1
1
1
1
1
1
1
1
1
1
1
0.666666666666667
1
1
1
1
1
0.444444444444444
1
1
1
1
1
1
1
1
1
1
1
1
1
1
1
1
1
1
1
1
1
1
1
1
1
1
1
1
1
0.25
1
1
1
1
1
1
1
1
1
1
0.0294117647058824
1
1
1
1
1
1
1
0.333333333333333
1
1
1
1
1
1
1
1
1
1
1
1
1
0.5
1
1
1
1
1
1
1
1
1
1
1
1
1
0.25
1
1
1
0.0099009900990099
1
1
1
1
1
1
1
1
1
1
1
1
1
1
1
1
1
1
1
0.5
1
1
1
1
1
1
1
1
1
1
1
1
1
1
1
1
1
1
1
0.428571428571429
1
1
1
0.5
1
1
1
1
1
1
1
1
1
1
1
1
1
1
1
0.0909090909090909
0.0212765957446809
1
0.818181818181818
1
1
1
1
1
1
1
1
1
1
1
1
1
1
1
1
0.8
1
1
1
1
1
1
1
1
1
0.75
1
1
1
1
1
1
1
1
1
1
1
1
1
1
1
1
1
1
1
1
1
1
0.0099009900990099
1
1
1
1
1
1
1
1
1
1
1
1
1
1
1
1
1
1
1
1
1
1
1
1
1
1
1
1
1
1
1
0.166666666666667
1
1
1
1
1
1
1
1
1
1
1
1
1
1
1
1
1
1
1
1
1
1
1
1
1
1
0.333333333333333
1
1
1
1
1
1
1
1
1
1
0.5
1
1
1
1
1
1
1
1
1
1
1
1
1
1
1
1
1
1
1
1
1
1
1
1
1
1
0.5
1
1
1
1
1
1
1
1
1
1
1
1
1
1
1
1
1
1
1
1
1
1
1
1
1
1
1
1
1
1
1
1
1
1
1
1
1
1
1
1
0.5
0.5
1
1
1
1
1
1
1
1
1
1
1
1
1
1
1
1
1
1
1
1
0.5
1
1
1
1
1
1
0.5
1
1
1
1
1
1
1
1
1
0.00735294117647059
1
1
1
1
1
1
1
0.5
1
1
1
1
1
1
1
1
1
1
1
1
1
1
1
1
1
1
1
1
1
1
1
1
1
1
1
1
1
1
1
1
1
1
1
1
1
1
1
1
1
1
1
1
1
1
1
1
1
1
1
1
1
1
1
1
1
1
1
1
1
1
1
1
0.25
1
1
1
1
1
1
1
1
1
1
1
1
0.4
1
1
1
1
1
1
1
1
1
1
1
0.0128205128205128
0.142857142857143
1
1
1
1
1
1
1
1
1
1
1
1
1
1
1
1
1
1
1
0.5
1
1
1
1
1
1
1
1
1
1
1
1
1
1
1
0.5
1
1
1
1
1
1
1
1
1
1
1
1
1
1
1
1
1
1
1
1
1
1
1
1
1
1
1
1
1
1
1
1
1
0.0909090909090909
1
1
1
1
1
1
1
1
1
1
1
1
1
1
1
1
1
1
1
0.5
1
1
1
1
1
0.5
1
1
1
1
1
1
1
1
1
1
1
0.1
1
1
1
1
1
1
1
1
1
1
1
1
1
1
1
1
1
1
1
1
1
1
1
1
1
1
1
1
1
1
1
1
1
1
1
1
1
1
1
1
1
0.0740740740740741
1
1
1
1
1
1
1
1
1
1
1
1
1
1
1
1
1
1
1
1
1
1
1
1
1
0.0143884892086331
1
1
1
0.666666666666667
1
1
1
1
1
0.111111111111111
1
1
1
1
1
1
1
0.00159235668789809
1
1
1
1
1
1
0.5
1
1
1
1
1
0.00284090909090909
1
1
1
1
1
1
1
1
1
1
1
1
0.15
1
1
1
1
1
1
1
1
1
1
1
1
1
1
1
1
1
1
1
1
1
1
1
1
1
1
1
1
1
1
1
1
1
1
1
1
1
1
1
1
1
1
1
1
1
1
1
1
0.166666666666667
1
1
1
1
1
1
1
1
1
1
1
1
1
1
1
1
1
0.00763358778625954
1
1
1
1
1
1
1
1
1
1
1
1
1
1
1
1
1
1
1
1
1
1
1
0.5
1
1
1
1
1
1
1
1
1
1
1
0.5
1
1
1
0.5
1
1
1
1
1
1
1
1
1
1
1
1
1
1
1
1
1
1
1
1
1
1
1
1
1
1
1
1
1
1
1
1
1
1
1
1
1
1
1
1
1
1
0.5
1
1
1
1
1
0.5
1
1
1
0.166666666666667
0.142857142857143
1
1
1
1
1
0.5
1
1
1
1
1
1
1
1
1
1
1
1
1
1
1
1
1
1
1
1
1
1
1
1
1
0.75
1
1
1
1
1
1
1
1
1
1
1
1
1
1
1
1
1
1
1
1
1
1
1
1
1
1
1
1
1
1
1
0.666666666666667
1
1
1
1
1
1
1
1
1
1
1
1
1
0.1
1
1
1
1
1
1
1
1
1
1
1
1
1
1
1
1
1
1
0.125
1
1
1
1
1
1
1
1
1
1
0.5
1
1
1
1
1
1
0.333333333333333
1
1
1
1
1
1
1
1
0.00651465798045603
1
1
1
1
1
1
1
1
1
1
1
1
1
1
1
1
1
1
1
1
1
1
1
1
0.333333333333333
1
1
1
1
1
1
0.25
1
1
1
1
1
1
1
1
1
1
1
1
1
1
1
1
1
1
1
1
1
1
1
1
1
1
1
1
1
1
1
0.5
1
1
1
1
1
1
1
1
1
0.5
1
1
1
1
1
1
1
1
1
1
1
1
1
1
1
1
1
1
1
1
1
1
1
1
1
1
1
1
1
1
1
1
1
1
1
1
1
1
1
1
1
1
1
0.0032626427406199
1
1
1
1
1
1
1
1
0.0196078431372549
1
1
1
1
1
1
1
1
1
1
1
1
1
1
1
1
1
1
0.25
1
0.032258064516129
1
0.0666666666666667
1
1
1
1
1
1
1
1
1
1
1
1
1
1
1
1
0.00234741784037559
1
1
1
1
0.0147058823529412
1
1
1
1
1
1
1
1
1
1
1
1
1
0.5
1
1
1
1
1
1
1
1
1
1
1
1
1
1
1
1
1
1
1
1
1
1
1
1
1
1
1
1
1
1
1
1
1
1
1
1
1
1
1
1
1
1
1
1
1
1
1
0.0769230769230769
1
1
1
1
1
1
0.0144927536231884
1
1
1
1
1
1
1
1
1
1
1
1
1
1
1
1
1
1
1
1
0.5
1
1
1
1
1
1
1
1
1
1
1
1
1
1
1
1
1
1
1
1
1
1
1
1
1
1
1
1
1
1
1
1
1
1
1
1
1
1
1
1
0.00320512820512821
1
1
1
1
1
0.5
1
1
0.666666666666667
1
1
1
1
1
1
1
0.5
0.5
1
1
1
1
1
1
1
1
1
1
1
1
1
1
1
1
1
1
1
1
1
1
1
1
1
1
1
1
1
1
1
1
1
1
1
1
1
1
1
1
1
1
1
1
1
1
1
1
1
1
1
1
1
1
1
1
1
1
1
1
1
0.5
1
1
1
1
1
1
1
1
1
1
1
1
1
1
1
0.5
1
0.5
1
1
1
1
1
1
1
1
1
1
1
1
1
1
1
1
1
0.4
1
1
1
1
1
1
1
1
1
1
1
1
1
1
1
1
1
1
1
1
0.857142857142857
1
1
1
1
1
1
1
1
1
1
1
1
1
1
1
1
1
1
1
1
1
1
1
1
1
1
1
1
1
0.0225988700564972
1
1
1
1
1
1
1
1
0.666666666666667
1
0.333333333333333
1
0.2
1
0.0285714285714286
1
1
1
1
1
0.00497512437810945
0.142857142857143
1
1
1
1
1
1
1
0.25
1
1
1
1
1
1
1
1
1
1
1
1
1
1
0.2
1
1
1
0.5
1
1
1
1
1
1
1
1
1
1
1
1
1
0.333333333333333
1
0.333333333333333
1
1
1
1
1
1
1
1
1
1
1
1
1
1
1
1
1
1
1
1
1
1
0.2
1
1
1
1
1
1
0.166666666666667
1
1
1
1
1
0.333333333333333
1
1
1
1
1
1
1
1
1
1
1
1
1
1
1
1
1
1
1
1
1
1
1
1
1
1
1
0.5
1
0.5
1
1
1
1
1
1
1
1
1
1
1
1
1
1
1
1
1
0.5
1
1
1
1
1
1
1
1
1
1
1
1
1
1
1
1
1
1
1
1
1
1
1
1
1
1
0.5
1
1
0.5
1
1
1
1
1
1
1
1
1
1
1
1
1
1
1
1
0.5
1
1
1
1
1
1
1
1
1
1
1
1
1
1
1
1
1
1
1
1
1
1
1
0.333333333333333
1
1
1
1
1
1
1
1
1
1
1
1
1
1
1
1
1
1
0.5
1
1
1
1
1
1
1
1
1
1
1
1
1
1
0.5
1
1
1
1
1
1
1
1
1
1
1
1
0.5
1
1
1
0.02
1
1
1
1
1
1
1
1
1
1
1
1
1
1
1
1
0.00183150183150183
1
1
1
1
1
1
1
1
1
1
1
1
1
1
1
1
1
1
1
0.125
1
1
1
1
1
1
1
1
1
1
1
1
1
1
1
1
1
1
1
1
0.5
1
1
1
1
1
1
1
1
1
1
1
1
1
1
1
1
1
1
1
1
1
1
1
1
1
1
1
1
1
1
1
1
1
1
1
1
1
1
1
1
1
1
1
1
1
1
1
1
1
1
1
1
1
1
1
1
1
1
1
0.5
1
1
1
0.00442477876106195
0.5
1
1
0.5
1
1
1
1
0.75
1
1
1
1
1
1
1
1
1
1
1
1
1
1
1
1
1
1
1
1
1
1
1
1
1
1
1
1
1
1
1
1
1
1
1
1
1
1
0.142857142857143
1
1
1
1
1
0.0116279069767442
1
0.5
1
1
1
1
1
0.5
1
1
1
1
1
1
0.333333333333333
1
1
1
1
1
0.1
1
0.0384615384615385
1
1
1
1
1
1
1
1
1
1
1
1
1
1
1
1
1
1
1
1
1
1
1
0.5
1
1
1
1
1
1
1
1
1
1
0.5
1
1
1
0.037037037037037
1
1
1
1
1
1
1
1
1
1
1
1
0.0212765957446809
1
1
1
0.0476190476190476
1
1
1
1
1
1
1
1
1
1
0.0526315789473684
1
1
1
1
1
1
1
1
1
1
1
0.04
1
1
1
1
1
1
1
1
1
1
1
1
1
1
1
1
1
1
1
1
1
1
1
1
1
1
1
1
1
1
0.0769230769230769
1
1
1
0.166666666666667
1
1
1
1
1
1
1
1
1
1
1
1
1
1
1
1
1
1
1
1
1
1
1
1
1
1
1
1
1
1
1
1
1
1
0.1
1
1
1
1
1
1
1
1
1
1
1
1
1
1
1
1
1
1
1
1
1
1
1
1
0.0149253731343284
1
1
1
1
1
1
1
1
1
0.5
1
1
1
1
1
1
1
1
1
1
1
1
1
1
0.333333333333333
1
1
1
1
1
1
1
1
1
1
1
1
1
1
1
0.5
1
1
1
1
1
1
1
1
1
1
1
1
1
1
1
1
1
1
1
1
1
1
1
1
1
1
1
1
1
1
1
0.0434782608695652
1
1
1
1
1
1
1
1
1
1
1
1
1
1
1
0.333333333333333
1
1
1
1
1
1
1
1
1
1
1
1
1
1
1
1
1
1
1
1
1
1
1
1
1
1
1
1
1
1
1
1
0.333333333333333
1
1
1
1
1
1
1
1
1
0.222222222222222
1
0.25
1
1
1
1
1
1
1
1
1
1
1
1
1
1
1
1
0.5
1
1
1
1
1
1
1
1
1
1
1
1
1
1
1
1
1
1
1
1
1
1
1
0.05
1
1
1
1
1
1
1
1
0.2
1
1
1
1
1
1
1
1
1
0.5
1
1
1
0.0384615384615385
1
1
1
1
0.2
1
0.0078740157480315
1
1
1
1
1
1
1
1
1
0.00144927536231884
1
1
1
0.5
1
1
1
1
1
1
1
1
1
1
1
1
1
1
1
1
1
1
1
1
1
1
1
1
1
1
1
1
1
1
1
1
1
1
1
1
1
1
1
1
1
1
1
1
1
1
1
1
1
1
1
1
1
1
1
1
1
1
1
1
1
1
1
1
1
1
1
1
0.0028169014084507
1
1
1
1
1
1
1
1
1
1
1
1
1
1
1
1
1
1
1
1
1
0.0555555555555556
1
1
1
1
1
1
0.166666666666667
1
1
1
1
1
1
1
1
1
1
1
1
1
1
1
0.5
1
1
0.0217391304347826
1
1
1
1
1
1
1
1
1
1
0.0625
1
1
1
1
1
1
1
1
1
1
1
1
1
1
1
1
1
0.0078125
1
1
1
0.5
1
1
1
1
1
0.333333333333333
1
1
1
1
1
1
0.5
1
1
1
1
1
1
1
1
1
1
1
1
1
1
1
1
0.25
1
1
1
1
1
1
1
1
1
1
1
1
1
1
1
1
1
1
1
0.5
1
1
1
0.5
1
1
1
1
1
1
1
1
1
1
1
1
1
1
1
1
1
1
1
0.5
1
1
1
1
1
1
1
1
1
0.25
1
1
1
0.2
1
0.0078125
1
1
1
1
1
1
1
1
1
1
0.117647058823529
1
1
1
1
1
1
1
1
1
1
1
0.25
1
1
1
1
1
1
1
1
1
1
1
1
1
1
1
1
1
1
1
0.166666666666667
1
1
1
1
1
1
1
1
1
1
1
1
1
1
1
1
1
0.25
1
1
1
0.0555555555555556
0.00900900900900901
0.2
0.0384615384615385
1
1
1
0.0625
1
1
1
1
1
1
1
1
1
1
1
1
1
1
1
1
1
1
0.5
0.333333333333333
1
1
1
0.5
1
1
1
1
1
1
1
1
1
1
1
1
0.666666666666667
1
1
1
1
1
1
1
1
1
0.333333333333333
1
1
1
1
1
1
1
1
1
1
1
1
1
1
1
1
1
0.5
1
1
0.25
1
1
1
1
1
1
1
1
1
1
1
0.0104166666666667
1
1
1
1
1
1
1
0.5
1
0.0909090909090909
1
1
1
1
1
0.5
1
1
1
1
1
0.5
1
0.0625
1
1
0.333333333333333
1
1
0.05
1
1
1
1
1
1
1
1
1
1
1
0.333333333333333
1
1
1
1
1
1
1
1
1
1
1
1
1
1
1
1
1
1
1
1
1
1
1
1
0.5
1
1
1
1
1
1
1
1
1
1
1
1
1
1
1
1
0.5
1
0.004149377593361
1
1
1
1
1
1
1
1
1
1
1
1
1
1
0.5
1
0.333333333333333
1
0.5
1
1
1
1
1
1
1
1
0.5
1
1
1
0.111111111111111
1
1
1
1
1
1
1
1
1
1
1
1
1
1
0.333333333333333
1
0.5
1
1
1
1
0.5
0.142857142857143
1
0.0344827586206897
1
1
1
1
1
1
1
0.333333333333333
1
1
1
0.0072992700729927
1
0.5
1
1
1
1
1
1
0.111111111111111
1
1
1
1
1
1
1
1
0.00218818380743982
1
1
1
0.0416666666666667
1
1
1
0.142857142857143
1
0.0454545454545455
1
0.4
0.333333333333333
1
0.333333333333333
1
1
1
1
1
1
1
0.5
0.0555555555555556
1
1
1
1
1
1
1
1
1
1
1
1
1
1
0.5
1
1
1
0.333333333333333
1
1
1
1
1
1
1
1
1
0.0909090909090909
1
1
1
1
1
1
1
1
1
1
0.0177514792899408
1
1
1
1
1
1
1
1
1
0.25
1
1
1
1
1
1
1
1
1
1
1
1
1
1
0.2
1
1
1
1
1
1
1
1
1
0.5
1
1
1
1
1
1
1
1
1
1
1
1
1
1
