0
0
0
1
0.875
0
0.964285714285714
0.735294117647059
0.914893617021277
0
0.813559322033898
0.5
0.5
0
0.934782608695652
0.75
0.75
0
0.75
0.5
0
0.5
0.0384615384615385
0.758620689655172
0.933333333333333
0
0.44
0.909090909090909
0.833333333333333
0
0
0
0.5
0
0.04
0.981132075471698
0.857142857142857
0.51
0.666666666666667
0
0
0
0
0
0
0.98780487804878
0.5
0.5
0
0
0
0.9375
1
0.909090909090909
0
0.666666666666667
0.75
0.630769230769231
0
0.400907715582451
0.958333333333333
1
0.795053003533569
0.825
0.857142857142857
0.1875
0.935064935064935
0.75
0.95
1
0
0.940298507462687
0
0
0.909090909090909
0.5
0.5
0.961165048543689
0.5
0
0.666666666666667
0.5
0.666666666666667
0
0
0.888888888888889
0.5
0.393906420021763
0
0
0
0.962962962962963
0
0
0
0
1
0
0
0
0.5
0.875
0
0
0
0.35
0.4
0.571428571428571
0
0
0.875
0.928571428571429
0
0
0
0.923076923076923
0.214285714285714
0.142857142857143
0
0
0.983606557377049
0.833333333333333
0
0
0.333333333333333
0
0.8
0.833333333333333
0.941176470588235
0.970588235294118
0
0
0.888888888888889
0
0
0.8
0
1
0
0
0.8
0.0384615384615385
0
0
0.96875
0.285714285714286
0.5
0
0
0
0
0.75
0.0120481927710843
0
0.5
0.972477064220184
0
0.875
0.952380952380952
0
0
0.833333333333333
0.888888888888889
0
0
0
0.8
0
0
0.8
0
0
0
0
0.5
0.588235294117647
0
0.291139240506329
0
0
0.286885245901639
0
0
0
0.0454545454545455
0.944444444444444
0.941176470588235
0.972972972972973
0.5
0
0.736842105263158
0
0.833333333333333
0.4
0.454545454545455
0
0.882352941176471
0.875
0.857142857142857
0.547826086956522
0.5
0
0.666666666666667
0.875
0.065989847715736
0.8
0.9
0.5
0
0
0.5
0
0.666666666666667
0.5
0
0
0
0.272727272727273
0.448598130841121
0
0
1
0
0
0
0.923076923076923
0.254901960784314
0
0
0
0.75
0.5
0
0
0
0.666666666666667
0.9375
0.25
0
0.593023255813954
0
0
0
0.285714285714286
0
0.984375
0
0.875
0.0833333333333333
0.666666666666667
1
0
0.222222222222222
0.641025641025641
0
0.5
0.75
0
0.928571428571429
0.333333333333333
0.5
0.75
0
0.666666666666667
0
0
0.878048780487805
0.666666666666667
0.848484848484849
0
0
0
0
0
0
0.923076923076923
0.5
0
0
0
0.666666666666667
0
1
0
0
0
0
0.142857142857143
0.970588235294118
0
0
0.5
0.9375
0.785714285714286
0.972222222222222
0.833333333333333
0
1
0
0
0.935483870967742
0
0.4
0
0
0
0
0
0
0.666666666666667
0
0
0
0.5
0.823529411764706
0.0206185567010309
0.833333333333333
0.833333333333333
0
0
0
0.5
1
0
0.933333333333333
0
0
0.857142857142857
0
0.235294117647059
0.674698795180723
0.25
0
0
0.5
0
0
0.888888888888889
0
0.5
0
0
0
0
0
0
0
0
0.909090909090909
0.888888888888889
1
0.538461538461538
0.5
0.0625
0
0.5
0
0
0
0.933333333333333
0.7
0.157894736842105
0
0
0.933333333333333
0.5
0
0
0.5
0
0
0
0
0
0.0091324200913242
0
0.172995780590717
0.75
0.105769230769231
0
0.930672268907563
0.5
0.285714285714286
0.857142857142857
0
0.833333333333333
0
0.666666666666667
0.166666666666667
0
0.5
0.666666666666667
0
0
0
0
0.166666666666667
0.188235294117647
0.12
0
0
0
0
0
0.91304347826087
0.0666666666666667
0.75
0.5
0
0.968586387434555
0
0.0689655172413793
0
0
0.875
0.9375
0.933333333333333
0
0
0.75
0
0
0.733333333333333
0.909090909090909
0.279279279279279
0
0.857142857142857
0.785714285714286
0
0.961538461538462
0
0.833333333333333
0.928571428571429
0.142857142857143
0.0740740740740741
0.6
0
0.666666666666667
0
0
0.8
0.916666666666667
0
0
0
0.928571428571429
0.2
0
0.5
0.875
0.966565349544073
0
0
0
0
0.777777777777778
0
0.333333333333333
0
0
0
0
0
0.666666666666667
0.5
0
0
0
0.5
0
0
0
0
0
0
0.818181818181818
0
0.826086956521739
0
0.3
0
0.117647058823529
0.75
0.5
0
0
0
0
0
0
0
0.025
0.666666666666667
0.711111111111111
0.8
0.137931034482759
0
1
0
0
0
0
0.5
0.928571428571429
0.0217391304347826
0
0
0.115384615384615
0
0
1
0
1
0
0
0
0
0.5
0
0.5
0.972222222222222
0.666666666666667
0
0
0.857142857142857
0.5
0
0.292857142857143
0
0
0
0.416666666666667
1
0
0.8
0.6
0.962962962962963
0.775925925925926
0.666666666666667
0.5
1
1
0
0
0.271794871794872
0
0.05
0
0
0
0
0.75
0
0.466666666666667
0
0
0.833333333333333
0
0.875
0
0
0.75
0.5
0
0
0
0
0.5
0.5
0.769230769230769
0
0
0
0.2
0
0.291666666666667
0.976744186046512
1
0.75
0
0
0.5
0
1
1
0.8
0.5
0
0.5
0
0.768292682926829
0.888888888888889
0.867647058823529
0
0
0
0
0
0
0.75
0
0.5
0
0.666666666666667
0.666666666666667
0
0.942748091603053
0
0
0
0
0.5
0.857142857142857
0.333333333333333
0.916666666666667
0.5
0
0.0571428571428571
0.958904109589041
0.5
0.666666666666667
0
0.5
0
0.68953488372093
0
0.666666666666667
0.333333333333333
0.5
0.5
1
0
0.857142857142857
0.95
0.916666666666667
0.5
0
1
0
0
0.5
0
0
0.941176470588235
0.9
0
0
0
0
0
0
0.9
0
0
0.666666666666667
0.5
0
0
0
0.666666666666667
0
0
0.833333333333333
0.8
0
0
0
0.5
0
0
0
0
0.666666666666667
0
0.5
0.666666666666667
1
0.0158730158730159
0
0
0.0384615384615385
0
0
0.974025974025974
0
0.916666666666667
0
0
0.888888888888889
0
0
0
0
0
1
0
0.0227272727272727
0
0
0
0
0
0
0
0
0
0
1
0
0.933333333333333
0.857142857142857
0.0434782608695652
0.8
0
0.4
0.916666666666667
0
0
0
0
0
0.0851851851851852
0
0.666666666666667
0
0
0.833333333333333
0
0.875
0
0.666666666666667
0.294117647058824
0
0.8
0.666666666666667
0
0
0
0
0.5
0
0.191780821917808
0.5
0
0.5
0
0
0.966666666666667
0.75
0
0
0
0
0
0.666666666666667
0
0
0.025
0.846153846153846
0.75
0
0.928571428571429
0
0.875
0
0
0
0.5
0
0
1
0
0
0
0
0.333333333333333
0
0.888888888888889
0
0.0260869565217391
0
0.5
0
0.588235294117647
0.9375
0.807692307692308
0
0
0
0
0.869565217391304
0
0
0
0
0
0
0
0.833333333333333
0
0
0
0
0
0
0
0.05
0.857142857142857
0
0
0
0
0.666666666666667
0.5
0
0
0
0
0
0
0
0.111111111111111
0.0625
0.333333333333333
1
0.00613496932515337
0.333333333333333
0
0
0
0
0
0
0
0.575757575757576
0
0.833333333333333
0
0.129032258064516
0.666666666666667
0
0.5
0
0
0
0
0.916666666666667
0.5
0
1
0.890697674418605
0
0
0.777777777777778
0
0
0
0
0
0
0
0
0
0
0
0
0
0.6
0
0
0
0
0.892857142857143
0.5
0.666666666666667
0
0.00371747211895911
0.166666666666667
0
0
0.5
0
0
0.6
0
0.9
0
1
0.857142857142857
0
0.75
0.8
0
0
0.106382978723404
0
0
0
0.8
0
0
0
0
0
1
0
0.75
0
0
0.857142857142857
0
0
0
1
0.5
0.75
0
0.857142857142857
0
0
0.375
0.5
0.5
0.933333333333333
0
0
0
0.923076923076923
0
0
0
0
1
1
0
0
0
0
0.555555555555556
0
0
0.5
0.666666666666667
0
0.4
0
0.4
0
0
0
0.9
0
0
0
0
0
0.833333333333333
0
0
0
0.875
0
0
0
0
0
0
0
0
0
0.5
0
0
0
0.666666666666667
0
0.928571428571429
0
0.75
0.5
0.954545454545455
0.2
0
0
0
0
1
0
0
0.5
0.5
0
0
0
0.785714285714286
0
0.666666666666667
0
0
0.96551724137931
0
0.5
0
0.666666666666667
0.833333333333333
0.857142857142857
0.516129032258065
0.5
0
0
0
0.198744769874477
0
0.8
0.966666666666667
0
0.24
0
0
0
0
0.75
0.666666666666667
0
0
0
0
0
0
0.9
0.490909090909091
0.714285714285714
0
0
0.9
0
0
0.5
0.0714285714285714
0.833333333333333
0.0212765957446809
0.6
0
1
0.5
1
0
0
0.181818181818182
0.0952380952380952
0.5
0
0
0
0
0.75
0
0.823529411764706
0
0
0
0.88
0.5
0.529411764705882
0
0
0.5
0
0.833333333333333
0
0.5
0.5
0
0.0909090909090909
0
0
0
0
0.909090909090909
0.888888888888889
0.666666666666667
0
0
0.5
0.909090909090909
0.2
0
0
1
0.5
0.430769230769231
0.75
0.5
0
0
0.8
0
0
0
0
0
0.666666666666667
1
0.2
0.5
0.285714285714286
1
0
0
0
0
0
0.833333333333333
0.5
1
0
0.75
0
0.9
0
0
0.722222222222222
0
0.5
0
0
0
0
0.91131498470948
0.833333333333333
0.228971962616822
0
0
0.5
0
0
0.333333333333333
0.5
0
0
0.666666666666667
0
0
0
0
0
0.5
0.666666666666667
0.469387755102041
0
0
0
0.5
0
0
0.75
0.171974522292994
0
0
1
0.5
0
0.75
0
0
0.8
0
0
0.8
0
0
0
0
0
0
0.75
0.75
0.8
0
0.928571428571429
1
0.5
0.5
0.5
0
0
0.666666666666667
0.857142857142857
0
0
1
0
0
0.333333333333333
0
0
0
0.833333333333333
0.2
0.5
0
0
0
0.952380952380952
0.884615384615385
0
0
0
0
0.888888888888889
0.785714285714286
0
0
0
0
0
0
0
0.5
0.373188405797101
0.666666666666667
0.666666666666667
0.952380952380952
0
0
1
0
0
0
0.333333333333333
0.5
0
0
0
0
0.5
0
0
1
0.875
0.75
0.75
0
0
0
0.857142857142857
0
0
0.666666666666667
0.666666666666667
0
0
0
0
0
0.6
0.5
0.888888888888889
0
0.666666666666667
0
0
0.8
0.222222222222222
0.909090909090909
0
0
0
0
0
0.666666666666667
0.75
0
0
0
0.464912280701754
0.333333333333333
1
0
1
0.115942028985507
0.666666666666667
0.964285714285714
0
0
0.666666666666667
0
0.5
0.75
0
0.0833333333333333
0
0
0.0909090909090909
0.928571428571429
0
0.5
0
0
0
0.666666666666667
0
0.5
0
0
0.666666666666667
0.666666666666667
0.929824561403509
0
0
0.833333333333333
0
0
0.116504854368932
0
0.5
0
1
0
0
1
0
0.909090909090909
0.111111111111111
0.666666666666667
0.926229508196721
0
0.75
0
0
0.5
0
0
0.75
0.166666666666667
0
0
0
0
0
0
0.952380952380952
0.857142857142857
0.75
0.333333333333333
0.875
0
0
0
0
0
0
0
0
0
0
0
1
0
0
0.8
0.824561403508772
0.857142857142857
0.333333333333333
0
0
0
0
0
0
0
0
0.857142857142857
0.5
0
0
0
0.5
0
0.857142857142857
0
0.581395348837209
0.142857142857143
0.5
0.5
0
0.962962962962963
0.666666666666667
0
0
0.833333333333333
0.789473684210526
0
0.5
0.8
0
0
0
0
0
0
0.75
0.9
0
0
0.5
0.75
0
0
0
0
0
0
0.75
0
0
0
0
0
0.271844660194175
0
0.666666666666667
0
0
0
0.25
0
0
1
0.75
0.8
0.5
0
0
0
0
0
0.333333333333333
0.75
0
0
0.8
0
0
0.666666666666667
0.75
0.235294117647059
0
0.0769230769230769
0
0
0
0.333333333333333
0.666666666666667
0.736842105263158
0.8
0
0
0
0.666666666666667
0
0
0
0.666666666666667
0.666666666666667
0.674013010318528
0
0
1
0
0
0
0.666666666666667
0
0.647058823529412
0.5
0
0.857142857142857
0.666666666666667
0.25
0.375
0
0.5
0.6
0
0.333333333333333
0
0
0
0.5
0
0.75
0
0
1
0
0
0
0
0
0
0.8
0
0
0
0
0
0
0
0
1
0.777777777777778
0.5
0
0
1
0
0.75
0.8
0
0.5
0
0
0
0.947368421052632
0.833333333333333
0
0.388464800678541
1
0.5
0.25
0
0.5
0.5
0.75
0.75
0
0
0.428571428571429
0
0
0
0.28
1
0
0
0
0
0
0.833333333333333
0.833333333333333
0
0.5
0.666666666666667
0
0.75
0.5
1
0
0.875
0.888888888888889
0
0
0.1875
0
0
0
0
0
0
0.5
0
0.75
0
0
0.8
0
0.333333333333333
0.75
0
0.909090909090909
0.666666666666667
0
1
0
0
0
0
0
0.5
0.324894514767932
0
0.12
0.8
0
0
0
0
0
0.888888888888889
0.75
0.0909090909090909
0.666666666666667
0.909090909090909
0.5
0
0.666666666666667
0.990469208211144
0.777777777777778
0.5
1
0
0
0.674698795180723
0
0
0
0
0.465116279069767
0
1
0
0.833333333333333
0.833333333333333
0.0321100917431193
0.5
0
0.279661016949153
0
0
0
0
0.75
0
0
0
0
0
0.333333333333333
0
0.644444444444444
0
0.666666666666667
0.936170212765957
0
0.5
0
1
0.888888888888889
0
0.5
0.8
0
0.909090909090909
0
0.857142857142857
0.6
0
0.9
0
1
0
0
0
0.888888888888889
0.5
0
0
0
0
0
0
0.5
0
0
0.895104895104895
0.7
0
0
0.666666666666667
0
0
0
0
0
0
0
0
0
0.666666666666667
0
0
0
0
0.5
0
0
0
0.75
1
0
0
0
0
0
0
0.8
0
0.5
0
0
0
0.333333333333333
0.5
0
0
0.1
0
0
0
0.688311688311688
0
0
0.2
0
0.375
0
0
0
0.666666666666667
0.5
0
0
0.5
0
0
0
0
0.5
0.666666666666667
0.5
0
0
0
0
0
0
0.4
0.5
0
0
0
0
0.5
1
0
0
0
0
0.5
0
0
0
0
1
0
0.5
0.666666666666667
0.833333333333333
0
0
0
0
0
0
1
0
0.6
0
0
0
0
0
0.5
0
0.666666666666667
0.666666666666667
0
0
0
0
0
0
0
0
0.5
0.833333333333333
0
0.222222222222222
0
0.5
0
0
0
0.25
0
0
0
0.116279069767442
0.908713692946058
0
0
0
0
0
0
0.5
1
0
1
0
0
0
0
0.5
0.5
0
0
0
0.5
0.929577464788732
1
0.896551724137931
0.5
0.75
0
0
0.5
0.9
0
0.927536231884058
0
0.5
0
0
0
0
0
0
0
0.666666666666667
1
0.666666666666667
0.671171171171171
0.5
0
1
0.666666666666667
0
0
0
0
0.333333333333333
0
0
0.857142857142857
0
0
0
0.0837004405286344
0
0.5
0
1
0
0.75
0
0
0
0.4
0.8
0
1
0
0
0.666666666666667
0.666666666666667
0
0.666666666666667
0
0.5
1
0.769230769230769
0.125
0
0
0
0
0
0
1
0
0.714285714285714
0
0.777777777777778
0
0.5
0.166666666666667
0.0172413793103448
0
0
0
0
0.666666666666667
0
0.5
0
0
0
0
0
0
0
0.857142857142857
1
0
0
0
0
0
0
0
0
0
0
0
0
0.4
0
0
0
0
0.666666666666667
0
0
0.166666666666667
0
1
0
0
0.666666666666667
0.5
0
0.666666666666667
0
0
0
0.5
0
0
0.818181818181818
0
0.666666666666667
1
0.823529411764706
0
0
0
0
0
0.833333333333333
0
1
0.8
0
0.681818181818182
0
0
0
0
0
0
0.5
0
0.972222222222222
0.15
0
0
0.333333333333333
0
0
0
0
0
0.5
0
0
0
0
0
0.5
0.666666666666667
0
0
0
0
0.5
0
0.666666666666667
0
0
0
0
0.6
0.915322580645161
0.5
0.5
0
0
0.5
0
0.8
0
0.5
0
1
0.807017543859649
0.5
0
0.0099009900990099
0.75
0.2
0.0416666666666667
1
0.875
0
0
0
0
0
0.666666666666667
0
0
0.75
0
0
0
0
0
0
0
0
0
0.0120845921450151
0
1
0.5
0.75
0
0.5
0
0
0
0.666666666666667
0.857142857142857
0.333333333333333
0
0.666666666666667
0
0.835351089588378
0
0.888888888888889
0
0.857142857142857
0
0
0
0.989583333333333
0.75
0
0.0333333333333333
0
0.666666666666667
0
0
0.0701754385964912
0.666666666666667
0.875
0
0.5
0
0
1
1
0.810810810810811
0.5
0
0
0
0.666666666666667
0
0.8
0.75
0
0
0
0
0
0
0
0.181818181818182
0
0.5
0.571428571428571
0.5
0.75
0
0.75
0
0
0.692307692307692
0.822660098522167
0
0
0
0
0
0
0.75
0
0
0
0
0
0.955555555555556
0
1
0
0
0
0
0.772486772486772
0.261904761904762
0
0
1
0
0.833333333333333
0
0
0
0
0
0
0
0
0
0.6
0
0.735735735735736
0
0.5
0
1
0
0
0.5
0
0.5
0
0.4
0
0.5
0.75
0.5
0
0
0
0.8
0.272727272727273
0.25
1
1
0.5
0
0
0
0.5
0
0
0
0
0
0.956521739130435
1
0
0
0
0
0.910714285714286
0
0
0.666666666666667
0
1
0.666666666666667
0
0
0
0
0
0
0
0.9375
0
0.5
0
0.0303030303030303
0.25
0
0
0
0
0.171397379912664
0.1
0
0.5
0
0
0.8
0
0
1
0
0
0
0
0
0
0.5
0.117647058823529
0.333333333333333
0
0
0.5
0
0.857142857142857
0.333333333333333
0
0
0
0
0
0
0
1
0
0
0.75
0
0
0
0
0
0
0
0
1
0
0
0
0
0.5
0
0.5
0
0.454545454545455
0
0
0
0.484536082474227
0.5
0
0
0
0
0.666666666666667
0
0.5
0
0
1
1
0
0.666666666666667
0
0
1
0
0
0
0
0
0
0.5
1
0
0.5
0
0
0.5
0
0.6
0
0.8
0
0
0.5
0
0
0.833333333333333
0
0
0
0
0
0
0
0
0
0.5
0
0.666666666666667
0
0.5
0
0
0.75
0
0
0.111111111111111
0
0.222222222222222
0
0
0
0
0.245098039215686
0.75
0
0.666666666666667
0.75
0
0
0
0.833333333333333
0.75
0
0
0.5
0
0
0.5
0
0
0
0.5
0
0
0.25
0.5
0
0.666666666666667
0.5
0
0
0
0
0
0
0
0.5
0
0.916666666666667
0
0
0.5
0.833333333333333
0
0
0
0.8
0
0
1
0.142857142857143
0.8
0
0.142857142857143
1
0
0.8
0
0
0
0
0
0
0
0
0
0
0
0
0.333333333333333
0.666666666666667
0
1
0
0
0.5
0
0.666666666666667
0
0
0
0
0
0
0
0
0.888888888888889
0
0.5
0
0
0
0.75
0
0.9
0
0
0
0
0
0.5
0
1
0
0
0
0
0
0
0
0.888888888888889
0
0
0
0.5
0
0
0
0.5
0
0
0.5
0
0
0
0
0
0
0.883116883116883
1
0
0
0
0.5
0
0
0
0
0
0
0
1
0.5
0
0
0
0
0
0.5
0
0.705882352941177
0
0.833333333333333
0
0
0.571428571428571
0
0
0.0303030303030303
0.571428571428571
0
0.833333333333333
0
0
0.5
0
0
0
0
0
0
0
0.142857142857143
0.714285714285714
0.666666666666667
0
0
0
0
0.666666666666667
1
0
0.5
1
0
1
0.333333333333333
0
0
0
0
0.806451612903226
0
1
0.818181818181818
0.921686746987952
0.666666666666667
0
0.8
0
1
0.5
0
0
0
0
0
0
0
0
0
0
0
0
0
0
0.88
0.5
0.25
0.5
1
1
0.5
0
0.666666666666667
0.6875
0.666666666666667
0
0.5
0
0
0
0.354838709677419
0
0.666666666666667
0
0
0
0
1
0.666666666666667
0
0
0
0
0.75
0
0
0
0
0
0
0
0.666666666666667
0
0
0.666666666666667
0
0.5
0
0
1
0.666666666666667
0
0
0.25
0
0
0.666666666666667
0
0.5
0
0
0.5
0.5
0
0
0.5
0
0
0
0
0
0
0
0
0.428571428571429
0
0
0
0.666666666666667
0
0
0
0
0
0
0
0
0
0.375
0
0.875
0
0
0
0.385518590998043
0
0
1
0
0.725490196078431
0
0.857142857142857
0.333333333333333
0
0
0.333333333333333
0
0
0
0.75
0
0
0
0.25
0
0
0.933333333333333
0
0
0
0
0
0.384615384615385
0.75
0.6
0
0
0.666666666666667
0
0.75
0
0
0
0.5
0.5
0
0
0
0.172413793103448
0.0526315789473684
0
0
1
0
0
0
0.86954261954262
0.572383400661036
0
0
1
0
0
0
0
0
0
0
0
0
0
0.25
0.857142857142857
0.875
0
0
0
0
0
0
0
0
0
0
0
0.846153846153846
1
0.5
0
0.5
1
0
0
0
0.641975308641975
0
0
1
0
1
0
0
0.928571428571429
0.5
0
0
0.5
0.5
0.5
0
0
0
0.5
0
1
0
0
0
0
0
0
0
0.666666666666667
0.5
0
0
0.833333333333333
0
1
0
0.363636363636364
0
0
0.5
0.866141732283465
0.5
0.625
0
0
0
0.785412262156448
0
0
0
0
0.1
0
0
0
0
1
0.5
0.15
0
0
0
0.666666666666667
0.75
0.75
0
0
0
0.5
0
0.5
0.159663865546218
0
0
0.5
0
0
0
0
0
0.5
0
0.5
0.5
0.5
0
0
0
0
0
0
0
0.5625
0.5
0
0
0
0
0
0
0
0
1
0
0.5
0
0
0
1
0.8
0
0.5
0
0
0
0
0
0.428571428571429
0.666666666666667
0.888888888888889
0
0
0
0
0
0
0
0.666666666666667
0.5
0
0
0
0.75
0
0
0
0
0
0
0
0
0.666666666666667
0
0
0
0.027027027027027
0
0.5
0
0
0
0
0
0.666666666666667
0.5
0
0
0
0
0.5
1
0
0
0
0
0
0
0
0
0.116438356164384
0
0
0
0
0.571428571428571
0
0
0
0
0.333333333333333
0
0
0.75
0
0
0
0
0
0
0
0.5
0
0
0.833333333333333
0
0
0
1
0.0582010582010582
0
0
0.5
0
0.666666666666667
0
0
0
0.666666666666667
0
0
0
0
0
0.666666666666667
0
1
0.5
0
0
0
1
0
0
0.5
0.125
0
0
0
0.666666666666667
0
0
0.714285714285714
0
0
0
0
0.5
0
0.666666666666667
1
1
0
0
0
0
0
0.5
0
0
0
0
0
0.5
0
0.666666666666667
0
0.246376811594203
0.5
0
0
0.5
0
0
0.75
1
1
0
0
0
0.4
0.5
0.8
0
0
0.5
0
0
0
0
0
0
0.714285714285714
0
0.75
0
0
0
0.666666666666667
0
0
0
0.5
0.857142857142857
0
0
0
0.75
0
0
0
0
0
0.8125
0
0
0
0
0
0.932098765432099
0
0.333333333333333
0.333333333333333
0.5
0
0
0.743243243243243
0
0
0
0
0
1
0
0
1
0
0
0.5
0.5
0
0.5
0.75
0
1
0
0
0
0
0
0
0
0
0
0
0
1
0
0.5
1
0
1
0
0
0
0
0
0
0
0
0
0
0
0
0.5
0.333333333333333
0
0
0
0
0
0
0.666666666666667
0.0357142857142857
0
0.25
0
0
0
0.511111111111111
0.5
0
0
0
1
0.25
0
0.666666666666667
0
0
0
0
0
0
0
0
0
0.666666666666667
0
0
0
0
0
0.5
0
0
0
0
0
0
0
0.5
1
0
0.25
0
0
0
0.5
0
0
0.833333333333333
0
0
0.5
0.857142857142857
0
0
0
0
0
0
0
0
0
0
0
0
0.13622754491018
0
0
0
0
0.25
0
0.5
0.0606060606060606
0
0
0
0
0
0
0.333333333333333
1
0
0.5
0
0.936936936936937
0
0
0
0
1
0
0
0
0
1
0
0.133333333333333
0
0
0
0.649627263045793
0
0
0
0.333333333333333
0
1
0
0
0
0
0
0
0
0
0
0.5
0.5
0
0
0
0
1
0
0.916279069767442
0
0.666666666666667
0.5
0.875
0
0.5
0.0833333333333333
0
0
0
1
0
1
0
0.75
0
0
1
0.791666666666667
0
0
0.666666666666667
0
0
0.833333333333333
0.5
0
0.666666666666667
0.527777777777778
0.4
0
0
0
0.75
0.333333333333333
0.5
0.5
0
0.5
0
0.5
0
0
0
0
0
0.666666666666667
0
1
0.333333333333333
0
0
0.75
0
0.6
0
0
0.333333333333333
0
0
0
0.666666666666667
0
1
0.5
0.5
0
0
0
0
0
0.8
0
0
0.75
0
0
0.5
0
1
0
0
0
0
0
0
0
0.25
0
0
0
0.5
0.666666666666667
0
0
0.666666666666667
0.5
0
0.5
0
0
0
0.5
0
0
0
0
0
0
0
0
0
0
0
0
0
0
0
0
0.333333333333333
0
0
0.666666666666667
0
0
0
0.871287128712871
0
0
0.333333333333333
0
0
0
0
0
0.0588235294117647
0.5
0.857142857142857
0
0
0
1
1
0
0.388888888888889
0.6
0
0
0
0
0
1
0
0
0.5
0.111111111111111
0.5
0
0
0
0.0919540229885057
0
0
0
0.75
0.740740740740741
0
0
0.666666666666667
0
0.666666666666667
0.305
0
0.718446601941748
0
0.5
0
0.909090909090909
0
0
0
0.666666666666667
0.848484848484849
0
0
0
0
0
0
0
0
0
0
0
0
0
0
0.666666666666667
0
0.822157434402332
0
0
0
0
0.5
0
0
0
0
0
0.6
0.384615384615385
0
0
0
0
0
1
1
0.308823529411765
0
0
0
0
0
0
0.0276243093922652
0
0
0
0
0.916666666666667
0
0
0.277777777777778
0.826086956521739
0
0.777777777777778
0
0
0.5
0
0
0
0.954954954954955
0.75
0
0
0
0.714285714285714
0
1
0
0.5
0
0
0
0
0.0952380952380952
0
0
0
0.75
0
0
0
0
0
0
0
0
0
0
1
0
0
0
0
1
0
0
0
0
0
0
0
0.773121387283237
0
0
0.666666666666667
0
0
0
0
0
0.756287944492628
0
0
0
0
0
0.315789473684211
0
0
0
0
0
0.666666666666667
0
1
0
0.5
0
1
0
0.5
0
0
0
0.75
0.5
0
0
0.5
0
0
0
0
0
0
0.186666666666667
0.887179487179487
0
0
0
0
0.0638297872340425
0
0
0
0
0.666666666666667
0
0
0
0
0.5
0
0
0.5
0
0
0
0.0133333333333333
0
0.4
0.875
0
0.5
0
0
0.5
1
1
0
0
0
0
0
0
0
0
0
0
0
0.666666666666667
0
0
0
0
0.5
0
0
0
0.4
0
0.520408163265306
0
0
1
0.0358974358974359
1
0
0
0
0.75
0
0
0
0
0
0
0
0
0
0
0.5
0
0
0
0.5
0
0
0
1
0
0
0
0
0
0.176
0.333333333333333
0
0.333333333333333
0
0
0
0
0.75
0
0.5
0
0.5
0.5
0.8
0.5
0.714285714285714
0.0102040816326531
0
0
0.142857142857143
0.666666666666667
0
0
0.923076923076923
0.8
0
0
0
0
0
0
0
0
0
1
0
0
1
0.5
0
0
0
0.75
0
1
0
0
0
0
0
0
0.12751677852349
0.8
0
0
0
0.5
0
0
0
1
0
0.0882352941176471
0
0
0
0
0
0
0
0.5
0
1
0
0.980392156862745
0
0
0.933333333333333
1
1
0
0
0
0
0
0
0.666666666666667
0.5
0
0
0
0
0
0
0
0
1
0
0.666666666666667
0
0
0
1
0
0.5
0
0
0
0
0
0.5
0
0
0.6
0
0
0
0
0.75
0
0
0
0
0
0
0
0
0
0
0
0.5
0.5
0
0
0
0.5
0.857142857142857
0.5
0
0
0.65
0.0721649484536082
0.5
0.377777777777778
0
0
0
0
0
0.8
0
0
0
0.5
0
1
0
0
0
0
0.109489051094891
0
0
0
0
0.5
1
0
0
0
0
0
0
0
0.625354777672658
0
0
0
0
0
0
0.5
0
0
0
0.5
0
0
0.5
0
0
0
1
0.5
0.666666666666667
0
0
0
0
0
0
0
0
0
0
0.814814814814815
0
0
0
0
0
0
0
0
0
0
0.857142857142857
0.75
0
0
0
0
0
0
0
0.857142857142857
0
0
0
0
0
0
0
0
1
1
0
0
0
0.5
0.813380281690141
0.592592592592593
0
0
0
0
0
0
0.8
0.75
0
0
0.736842105263158
0
0
1
0
0.666666666666667
0
0
0
0
0
0
0
0
0
0
0
0
0
0
0
0
0
0
0
1
0.408253808806295
1
0
0.0586145648312611
0.5
0
0.5
0
0
0.5
0
0
0.833333333333333
0
0
0
0
0
0
0
1
0
1
0.5
0
0
0
0
0
0.75
0
0
0
0
0
0
1
0.936507936507937
0
0
0.0585585585585586
1
0
0
0
0.5
1
0.5
0
0.43956043956044
0
0
0
1
0
0
0
0
0
0.333333333333333
0
0.5
0
0.5
0
0
0
1
0.5
0
0.885245901639344
0
0.857142857142857
0
0
0.4
0.5
0
0
0
0
0
0.75
0.5
0
0.5
0
0
0
0
0
0
0
0.5
0
0
0
0.5
1
1
1
0
0
0
0
0
0
0
0.777777777777778
0
0
0
0
0
1
0.4
0.5
0
0
0
0
0
0
0
0.885714285714286
0
0.5
0
1
0.25
0
0.5
0
0
0
0
1
0
1
0
0
0
1
0.967836257309941
0
0
0
0
0.909090909090909
0.5
0.5
0
0
0
0
1
0.666666666666667
0.666666666666667
0.5
0
0
0
0
0
0.875
0
1
0
0.5
0
0
0
0.5
0
0
0
0.8
0
0
0
0.5
0
0
0
0
0
0
0.5
0.5
0
0
0
0
0
0
0
0
0
0
0
0
0
0
0
0
0
0
0
0
0
0
0
0
0
0
0
0.948717948717949
0
0
1
0
0.5
0
0
0
0
0
0
0
0
0
0
0
0.5
0
0.681362725450902
0
0
0
0.875912408759124
1
0
0
0
0
0.75
0.5
1
0
0
0.666666666666667
0.8
0.185185185185185
0
0
0
0
0
0
0
0.666666666666667
0
0
0
0
0
0
0
0
0
0
1
1
0
0
0
0
0
0
0
0
0
0
0
0
0
0
0.8
0
0
0
0
0
0
0
0
0.333333333333333
0
0
0
0
0
0.555555555555556
0
0.5
0
0
0
0
0
0
0.666666666666667
0
0
0.5
0
0
0
0
0
0.25
0
0
0.666666666666667
0
0
0
0
0
0
0
0
0
0
0
0
0
0
0
0.5
0
0
0
0.646017699115044
0
1
0
0.666666666666667
0
0
0
0
0.5
0
0.666666666666667
0
1
0.825
0
0
0.5
0
0
0
0.8
0
0
0.4
0
0
0
0
0.5
0
0.849586776859504
0.5
0.5
0
0
0
0
0
0
0
0
0
0
0
0
0
1
0
0
0
0
0.865767698437021
0
0
0
0
0.761557177615572
0
0
0.666666666666667
0
0.0666666666666667
0
0
0.361111111111111
0
0.96
0
0.5
0
0.666666666666667
0
0
0
0
1
0
0
0
0
1
0
0.285714285714286
0
0
0
0
0
0
0
0
0
0.5
0
0
0
1
0
0
0
0
0.5
0
0.25
0.25
0
0
0
0
0
0
0
0
0
0
0.947368421052632
0
0
0.5
0
0
0
0
0
0
0
0.666666666666667
0
0
0
0
0
0
0
0
0
0
0
0
0
0
0
0
0.5
0
1
0
0
0.636363636363636
0
0.5
0
0.5
0
0
1
0
0
0
0
0
0.25
0
0
0.5
0
0
0.5
0
0
0
0.666666666666667
0
0
0
0.666666666666667
0
0
0
0.5
0.5
0
0
0
0
0.5
0.75
0
0
0
0
0
0.75
0
0
0.5
0
0
0
0
1
0
0.0730337078651685
0
0
0
0
0
0
0
0
0
0
0
0.5
0
0
0
0
0
0.666666666666667
0
0
1
0
0
0
0
0
1
0
0.5
0
0.857142857142857
0
0
0
0
0
0
0
0
0.5
0
0.75
0
0
0
0
0
0
0
0
0
0.5
0
0
0
0
0
0
0
0
1
0.5
0
0.666666666666667
0
0
0.230769230769231
0
0
0
1
0
0
0
0
0
0
0
0
0
0
0
0
0
1
0
0
0
0.2
0
0
0
0
0
0
0
1
0
1
0
0.75
1
1
0
0
0
0
0
0
0
0
0
0.933333333333333
0.28960396039604
0
0.5
0
0.857142857142857
0
0.6
0.5
0
0
0
0
0
0
0
0
0
0
0
0
0.6875
0
0
0
0
0
0
0
0.0714285714285714
0
0
0
0.5
0
0.837209302325581
0.5
0
0
0
0
0
0
0
0
0
0.5
0.75
0
0
0.5
0
0
0
0
0
0
0
0
0
0.5
0
0
0
0
0
0
0
0
0
0
0
0.166666666666667
0
0
0.75
0.333333333333333
0
0
0
0
0.210810810810811
0.0909090909090909
0
0
0
0
0
0
0
0
1
0
0
0
0
0
0
0
0
0.5
0.87
1
0
0
0
0
0
0.74
1
0
0.5
0.5
0
0
0.5
0
0
0
1
0
0
1
0.315614617940199
0.5
0
0
0
0.942857142857143
1
0
0
0
0
0
0
0.181818181818182
0.171641791044776
0.5
0
0
0
0
0
0
0.5
0
0.88
0
0
0
0
0
0
0
0.5
0
0.1
0
0
0
0
0.201754385964912
0.5
0
0
1
0
0
0
0
0
0
0
0
0
0
0
0
0
0.5
0
0
0.839285714285714
0
0
0
0
0
0
0.364438839848676
0
0.5
0.5
0
0.666666666666667
0
0
0
0.666666666666667
0
0
0
0
0
0.5
0.75
0
0
0
0
0.333333333333333
0
0
0
0
0
0.237569060773481
0
0.5
0
0
1
0
0
0.5
0
0
0
0
0.5
0.5
0
0
0
0
0
0
1
0
0
0
0
0.5
0
0
0.833333333333333
0
0
0
0
0
0.633901705115346
0
0
0
0
0
0
0
0
0
0
0.472727272727273
0
0
0.5
0
0
0
0
0
0
0
0
0
0
0
0
0
1
0
0.0078740157480315
0
1
0
0
0
0
0
0
0.333333333333333
0
0
0
0
0
0
0
0
0
0
0
0.5
0.5
0
1
0.571428571428571
0.111111111111111
0
0
1
0
0
0
0
0
0
0
0
0
1
0.964285714285714
0
0
0
0
0
0
0.5
0.620666213460231
0
0
0
0.3375
0.5
0.0062111801242236
0.794223826714801
0
0
0
0
0
1
0
0
0
0
0
0
0
0
0
0
0
0
0
0
0
0
0
0
0
0
0
0
0
0
0
0
0
0
0
0
1
0
0
0
0
1
0
0
0.666666666666667
0
0
0
0.5
0
0
0.206896551724138
0
0
0
0.49490538573508
0
0.5
0
0
0
0.861788617886179
0
0
0
0.5
0
0
0.268115942028986
1
0
0
0
0
0
1
0
0
0
0
0.5
0
0
0
0
0
0
0.5
0.5
0
0
0
0
0
0
0
0
0.1
0
0
0.571428571428571
0.5
0
0
0
0
0
0
0
0.5
0
0.166666666666667
0.5
0.568181818181818
1
0
0
0
0
0
0
0.75
0
0.4
0
0
0.714285714285714
0
0
0
0
0
0
0
0
0.666666666666667
0
0
0
0
0.5
0
0
0
0
0
0
0
0.0168776371308017
0.151571164510166
0
0.5
0.5
0
0
0
0
0.988732394366197
0
0
0
0
0
0
0
0
0
0
0.149253731343284
0
0
0
0
0
0
0
0
0.514925373134328
0
0.375
0
0.913461538461538
1
0
1
0
0
0
0
0.5
0
0.919689119170985
0
0
0
0.75
0.5
0
0.5
0
0
0
0
0
0
0
0
0.25
0
0
0
0
0.333333333333333
0
0
0
0
0.5
0
0
0
0.857142857142857
1
0
0
0
0
0.555555555555556
0
0
0
0
0
0
0
0
0.896551724137931
0
0.166666666666667
0
0
0
0
0
0
0
0
0
0
0
0
0
0
0
0
0
0
0.5
0
0
0
0.666666666666667
0.666666666666667
0
0
0.5
0.0454545454545455
0.5
1
0
0
0
0
0.918181818181818
0
1
0
1
0
1
0
0.25
0.6
0
0
0.5
0
0
0
0
0
0
0.88515406162465
0
0
0
0
0
0.75
0
0
0
0
0
0
0
0
0.75
0
0
0.962962962962963
0
1
0
0
0
0
0
0
0.5
0.5
0
1
0
0
0
0
0
0
0
0
0.862745098039216
0
0
0
0.5
0
0
0
0
0
0
1
0
0
0
0
0
0
1
0
0
0
0
0
0
0
1
0
0.5
0
0
0.5
0
1
0
0
0
0
0
0
0
1
0
0
0.5
0.5
0
0
0.666666666666667
0
0
1
0
0.833333333333333
0
0
0
0
0.666666666666667
0
0
0
0
0
0
0.714285714285714
0
0
0
0
0
0
0
0
0
0
0
0
0
0.8
0.5
0
0
0
0
0
0
0
0
0
0
0.75
0
0
0.5
0
0
0
0
0
0
0
0
0
1
0
0
0.995412844036697
1
0.75
0
0.5
0
0
0
0
0
0.5
0.666666666666667
0
0
0
0
0.291390728476821
0
0
0
0
0
0.5
0.8125
0
0.142857142857143
0
0
0
1
0
0
0.5
0
0
0
0
0
0.333333333333333
0
0
0
0
0
0
0.830466217900773
0
0
0
0
0
0.1
0
0
0
0
0
0
0
0.952631578947368
0
1
0
0
0
0
0
0.5
0.5
0
0
0
0
0
0
1
0
0
0
0
0
0
0
0.5
0
0
0
0
0
0
0.474576271186441
0
0
0
0
0
0
0
0
0
0
0.166666666666667
0
0
0
0
0.909090909090909
0
0
0
0
0
0.5
0
0
0
0
0
0
0
0
0
0.5
0
0
0
0
0
0.5
0.666666666666667
0
0
1
0
0
0
0.5
0
0
0
1
0
0
0
0.078125
0.5
0
0
0
0
0
0
0.75
0
0
0
0
0
0
0
0.8
0
0
0
0
0
0
0
0
1
0
0
0
0
0
0
0
0
0
0
0
0
0
0.423076923076923
0
0
0
0
0
0
0
0
0
0
1
0
0
0
0
0
0
0
0.666666666666667
0
0
0
1
0
0
1
0
0
0
1
0
0
0.5
0
0
0
0
0.5
0
0
0
0
0
0
0.8125
0
0.392857142857143
0
0
0
0
0
0
0
0
1
0
0
0
0
0.333333333333333
0.209585121602289
0
0
0
0
0
0
0
0.666666666666667
1
0
0
0
0
0.5
0
0
0
0
0
0.0851063829787234
0
0
1
0
0.0298507462686567
0
0
0
0
0
0
0
0
0
0.15
0
0
0
0
0.666666666666667
0.666666666666667
0
0
1
0.5
0.666666666666667
0
0
0
0
0
0
0.153846153846154
0.539634146341463
0
0
0
0
0
0.5
0
0
0
0
0
0
0
0.109677419354839
0
0
0
0
0
0
0
0
0.713691026827012
0
0
0
0
0
0.555555555555556
0.037037037037037
0
0
0.5
0
0
0.167400881057269
1
0
0.5
0
0
0.87719298245614
0
1
0
0
0.5
0.886363636363636
0
0
0
0
0.5
0
0
0
0.347826086956522
0
0.5
0
0
0
0
0.8
0
0.75
0
0
0
0
0
0
0
0
0
0.5
0
0
0
0
0
0
0
0
0
0.5
0
0
0
0
0
0
0.571428571428571
0
0
0
0
0
0
0
0
0
0
0
0
0
0
0
0
0
0
0
0
1
0
0.333333333333333
0
0
0
0
0
0
0
0
0
0
0
0
0
0
0
0
0.908011869436202
0
1
0.666666666666667
1
0
0
0
1
0
0
0
0.294117647058824
0
0
0
0
0
0
0
0
0
0
0
0
0
0
0.777448071216617
0
0
0
0
0
0
0
0
0
0.0714285714285714
0
0.666666666666667
0
1
0
0
1
0
0
0
0
0
0
1
0
0
0
0
0
0
0
0
0
0
0.5
1
0
0
0
0
0
0
0.133333333333333
0
0
0
0
0
0
0
0
0
0
0
0
0
0
0
0
1
0
0
0
0
0
0
0
0
0
0
0.5
0
0.804368471035138
0
0
1
0
0.666666666666667
0
0
0
0.5
0
0
0
1
0.666666666666667
0.5
0
0
0
0
0
0
0
0.5
0.333333333333333
0.21
0.666666666666667
0
0
0.0181818181818182
0
0
0.5
0
0
0
0
0
0
0
0
0
0.866197183098592
0
0
0
0
0
0
0
0.5
0
0
0
0
0.8
0
0
0
0.148148148148148
0
0
0.5
0
0
0
0
0
0
0
0
0
1
0
0
0
0
0
0
0
0.5
0
0
0
0
0.5
0
0
0
0
0
0
0.111111111111111
0
0
0.0217391304347826
0
0
1
0
0
0
0
0.5
0
0.801282051282051
0
0
0
0
0.5
0.5
0
0
0
0
0
0
0.122448979591837
0
0
0
1
0
0
0
0
0.5
0
0
0
1
0
0
0
0
0.5
0.583333333333333
0
0.5
0
0
0
0
0
0
0
0
0
0
0
0
1
0
0
0
0
0
1
0
0
0
0
0
0.730769230769231
0
0.875
0.333333333333333
0
0
0
0
0
0
0
0
0
0
1
0
0
0
0
0
0
0
0
0
1
0.666666666666667
0
0
1
0
0
1
0
0
0
0
0
0
0.5
1
1
0
0
0
1
0
0
0
0
0
0.5
0
0
0
0
0
0
0.5
0
0
0
0
0
0
0
0
0.5
0
0.666666666666667
0
0.130952380952381
0.96
0
0
0.5
0
0
0
0
0
0
0
0
0
0
0
0
0
0
0.811881188118812
0
0
0.5
0
0.666666666666667
0.5
0
0
0
0
0
0
0
0
0
0
0
0
0.960960960960961
0.5
0
0.744186046511628
0
0.5
0
0.258620689655172
0
0
0
0
0
0
0
0
1
0.5
0
0.5
0
0.666666666666667
0
0
0.333333333333333
0
0
1
0
0
0.5
0
0
0.875
0
0
0
0
0
0
0
0
0
0.857142857142857
0
0
0
0.384615384615385
0.5
0
0
0
0
0
0
0
0
0
0.333333333333333
0
0
0.5
0.5
0
0
0
0.5
0
0
0
0.5
0
0
0
0
0.5
0.5
0.682926829268293
0
0
0
0
0
0
0
0
0
0
0
0
0
0
0
0
0
0.333333333333333
0
0
0
0
0.636904761904762
0
0
0
0.666666666666667
0.5
0.5
0
0
0
0
0
0
0
1
0
0
0
0
0
0
0
0
0
0
0
0
0
0
0
1
0
0
0
0
0.5
0
0
0
0
0.911786237188873
0
0
0
0.5
0
0
1
0.684210526315789
0
0
0
0
0
0
0
0
0
0.666666666666667
0
0.333333333333333
0.666666666666667
0.333333333333333
0
0
0
0
0
0
0
0
0
0
0
0
0
0
0
0
0
0
0
1
0
0
0
0
0
0
0
0
0
0.5
0.333333333333333
0
0
0
0
0
0.5
0
0
0
1
0
0
0
0
0
0
0
0
0
0
0
0
0
0.948717948717949
0
0
0
0.5
0
0
0
0
0
0
0
0
0.5
0
0.5
0.5
0
0
0
0
0
0
0
0
0
0
0
0
0
0
0.419354838709677
0
0
0
0
0
1
0
0
0
0
0
0
0
0.840909090909091
0
0.5
0
0
0
0
0
0
0
0.237623762376238
0
1
0
0.5
0
0
0
0
0
0
0
0
0.971014492753623
0.4
0
0
0
0
0
0
0
0.932773109243698
0
0.5
0
0
0
0
0
0
0
0
0
0
0
0
0
0
0
0.0952380952380952
0
0.5
0
0
0
0.5
0
0.933333333333333
0
0
0.5
0
0
0
0
0
0
0
0
0
0
0
0
0
0
0
0
0
0
1
0
0
0
0
0
0
0
0
0.5
0
0
0.333333333333333
0.909090909090909
0
0
0
0
0
0
0
0
0
0
0
0
0
0
0
0
0
0
0
0
0
0
0
0
0
0
0
0
0
0
0
0
0
0
0
0
0
0
0
0
0
0
0
0.0727272727272727
0
0.864864864864865
0
0
0
0
0
0.415094339622642
1
0
0
0
0
0
0
0.666666666666667
0
0
0
0
0
0.333333333333333
0
1
0
0
0.333333333333333
0
0
0.5
0.25
0
0.5
0
0
0
0
0
0
0
0.5
0
0
0
0
0
0
0
0
0
0
0
0
0.4
0
0
0
0
0
0
0
0
0
0
0
0
0
0
0
0
0
0.666666666666667
1
0
0.934042553191489
0.5
0
0
0
0.5
0
0
0
0
0
0.881422924901186
0
0
0
0
0
0
0
0
0
0
0
0
0
0.0843373493975904
1
0
0
0
0
0
0
0.0416666666666667
0
0.118421052631579
1
0
0
0
0
0.0593220338983051
0
0.5
0
0
0
0
0
0
0
0
0
0.976071784646062
0
0
0
0
0
0
0
0
0.027027027027027
0
0
0
0
0
0
0
1
0
0
0
0
0
0
0
0
1
0
0
1
0
0
0
0
0
0.944444444444444
0
0.5
0
0
0
0
0.5
0
1
0
0
0
0
0
0.968539325842697
0
1
0.5
0
0.75
0
0
0.5
0
0.142857142857143
1
0
0
0
0
0
0
0
0
0.5
0.985542168674699
0
0.5
0
0
0
0
0
0
0
0
0
0.674698795180723
1
0
0
0
0
0.860927152317881
0
0.477987421383648
0
0
0
0
0
0
0.244274809160305
0
0
0
0
0
0
1
0
0
0
0
0
1
0.666666666666667
0
0
0
0
0
0
0
0
0
0
0
0.775583482944345
1
0
0.5
0
0
0
0
0
0
0.967567567567568
0
0
0
0
0
0
0
0
0
0
0
0
0
0.987951807228916
0
0.5
0
0
1
0
0
0
0
1
0
0
0
0
0
0.12962962962963
0
0
1
0.206349206349206
0
0
0.25
0
0
0
0.333333333333333
0
0
0
0
0
0
0
0
0
0
0
0
0
0
0
1
0
0.917478510028653
0
0
0
0
0
0.5
0
0
0
0
0
0
0
0
0
0
0.849118942731278
0
0
0
0
0
0
0.0666666666666667
0
0
0
0
0
0
0
0
0.879939209726444
1
0
0
0
0
0
0.5
0
0
0
0
0.880597014925373
0
0
0
0
0
0
0
0
0
1
0.763464337700146
0
0
0
0
0.361111111111111
0
0
0
0
0
0
0
0
0
0
0
0.5
0
0
0
0
0
0
0
0
0
0
0
0
0.902439024390244
0
0
0
0.25
0
0
0
0.5
0
0
0
0.847619047619048
0
0
0.5
0
0
0
0
0
0
0
0
0
0
0
0
0
0
0
0
1
0
0
0
0.0425531914893617
0
0
0
0
0
0
0
0
0
0
0
0
0
0
0
0
0
0
0
0
1
0
0
0
0
0
1
0
0
0
0
0
0
0
0.5
0
1
0
0
0
0
0
0
0
0
0
0
0
0
0
0
0
0
0
0
0
0
0
0
0
0
0
0.96875
0
0
0
0
0
0
0
0
1
0
0
0
1
0
0.5
0
0
0
0.5
0
0
0
0.5
0.729032258064516
0
1
0
0.5
0
0
0
0
0
0
0
0
0
0
0
0
0
0.0686274509803922
0
0
0
0
0
0
0
0.5
0
0
0
0.5
0
0
0
0
0
0
0
0
0.6
1
0
0
0
0
0
0
0
0
0.5
0
0
0
0
0.5
0
0
0
0
0
0
0
0
0
0.5
0
0
0
0
0
0
0
0
0
0
0
0
0
0
0
0
0
0
0
0
0
0
0
0
0
0
0
0.363636363636364
0
0
0.5
0
1
0
0
0
0
0
0
0
0
0
0
0
0
0
0
0
0
0
0.5
0
0.5
0
0
0
0
0.333333333333333
0
0
0.333333333333333
0
0
0
0
0.5
0
0
0
0.243362831858407
0
0
0
0
0
1
0.0194174757281553
0
0
0.666666666666667
0
0
0.5
0
0
0
0
0
0
0
0
0
1
0
0
0
0.785714285714286
0
0
0
0
0.879310344827586
0
0
0
0
0.00101419878296146
0
0
0
0.5
0
0
0
0
0
0
0
0
0
0
0
0
0
0
0
0
1
0
0
1
0
0
0
0
0
0
0
0
0
0
0
0.5
0
0
0
0.727272727272727
0
0
0.951219512195122
0
0
0
0
0
0
0
0
0
0
0
0
0
0.5
0
0
0
0.944767441860465
0
0
0
0
0
0
0
1
0
0
0.222222222222222
0
1
0
0
0
0
0
0
0
0
0
0
0
0
0
0
0
0
0
1
0
0
0
0
0
0
0
0
0
0.666666666666667
0
0
0
0
0
0
0
0
0
0
0
0
0
0
0
0
0
0
0
0
0
0
0
0
0
0
0
0
0
0.5
0
0
0
0
0.921739130434783
0
0
0
0
0
0
0
1
0
0
0
0
0
0.5
0
0
0
0
1
0
0
0
0
0
0
0
0.5
1
0
0
0
1
0
0
0
0
0
0
0
0.142857142857143
0.5
0
1
0
0
0
0
0
0
0
0
0
0
0
0
0
0
0
0
0.5
0
0.666666666666667
0
0
0.3
0
0
0
0
0
0
0
0
0
0
0
0
0
0
0
0
0.5
0
0
0.60625
0
0
0
0
0
0
0
0
0
0
0
0.19672131147541
0
0
0
0
1
0
0
0
0
0
0
0
1
1
0
0
0
0
0
0.5
0
0
0
0
0.333333333333333
0
0
0
0
0
0
0
0
0
0
0
0
0
0
0
0
0
0
0
0
0
0
1
0.751196172248804
0
0
0
0.5
0
0
0
0.847852760736196
0
0
0.318181818181818
0
0
0
0
0
0
0
0
0
0
0
0
0
0
0
0
0
0
0
0
0
0
0
0.5
0
0
0
1
0
0
0
0
0
0
0
0
0
0
0.859649122807018
1
0
1
0
0
0.819767441860465
0
0
0
0
0
0
0
0.5
0
0
0
0
0
0
0
0
0
0
0
0
0
0.5
0
0
0
0
0.5
0
0
0
0
1
0
0
0
0
0
0
0
0
0
0
0
0
0
0
0.5
0
1
0
0
0
0
0
0
0.333333333333333
0
0
0
0
1
0
0
0
0.5
0
0
0
0
0
0
0
0
0
0
0
1
0
0
0
1
0
0
0
0.333333333333333
0
0
0
0
0.937984496124031
0
0
0.0149532710280374
0
0
0
1
0
0.818181818181818
0
1
0
0
0.782608695652174
0
0
0
0
0.0169491525423729
0
0
0
0
0
0
0.142857142857143
0
0
0
0
0
0.5
0
0
0
0
0
0
0
0
0
0
0
0
0
0
0
0
0
0
0
0.834567901234568
0
0
0.0144927536231884
0.666666666666667
0
0
0
0
0
0
0
0
1
0
0
0
0
0
0
0
0
0
0
0
0
0.0921052631578947
0
0
0
0
0
0.153846153846154
0
1
0.192405063291139
0
0
0
0
0
0
0
0.5
0
0
0
0
0
0.5
0
0
0
0
0
0
0
0.380281690140845
0
0
0
0
0.5
0
0
0
0
0
1
0
0
0
0.0909090909090909
0
0
0
0
0
0
0
0
0
0.919540229885057
0
0
0
0
0
0
0
1
0
0
0
0
0
0
0.111111111111111
0
0.5
0
0.231788079470199
0
0
0
0
0
1
0
0
0
0
1
0
0.111111111111111
0
0
1
0
0
0
0
0
0
0
0
0
0
0.0614525139664804
1
0
0.0555555555555556
0
0
0
0
0
0
0
0
0
0
0
0
0.646536412078153
0
0.037037037037037
0
0
0
0
0
0
0
0
0
0
1
0
0
0
0
0
0
0
0
0
0
0
0
0
0
0
0.5
0
0
0.510204081632653
0
0
0
0.5
0
0
1
0
0
0
0
0
0
0
0
0.5
0
0
0
0
0
0
0
0
0
0
0
0
1
0
0
0
0.5
0
0
0
0
1
0
0
0
1
0
0
0.5
0
0
0
0
0
0
0
0
0
0
0
0
1
0.5
0
0
0
0
0
0
0
0
0
0
0
0
0
0
0
0
0
0
0
0
0
0
0.867174647155598
0
0
0
0
0
0
0
0
0
0
0
0
0
0
0
0
0
0
0
0
0
0
0
0
0
0
0
0.818965517241379
0
0
0
0.6
0
0
0
0
0
0
0
0
0
0
0
0
0.794573643410853
0.25
0
0
0.881578947368421
0
0
0
0.714285714285714
0.5
0
0
0.0140845070422535
0
0
0
0
0
0
0
0
0
0
0
0
0
0
0
0
0
1
0
0
0.90625
0
0
0
0
0.5
0
1
0
0
0
0
0.70506329113924
0
0
0
0
1
0
0
0
0.5
0
0
0
0.5
0
0
0
0
0
0
0
0
0
0
0
0
0
1
0
0
0
1
0
0
0
0
0.945652173913043
0
0
0
0
0
0
0
0
0
0
0
0
0
0
0
1
0
0
0
0
0.772972972972973
0
0
0
0
0
1
0
0
0
0
0
0
0.259842519685039
0
0
0
0
0
0
0
0
0
0
0
0
0
0
0
0
0
0
0
0
0
0
0
0
0
0
0
0
1
0
0
0.333333333333333
0
0
0.5
0
0
0
0
0
0
0
0
0
0.211267605633803
1
0
0
0
0
0
0
0
0
0
0
0
0
0.875
0.333333333333333
0
0
0
0
0
0
1
0
0
0
0
0
0
0
0
0
0
0
0
0
0
0
1
0
0.984848484848485
0
0
0
0
0
0.934782608695652
0
0
0
0
0
0
0
0
0
0
0
1
1
0
0.666666666666667
0
0
0
0
0
0
0
0
0
0
0
0
0
0
0
0
0
0
0
0
1
0
0
0
0
0
0
0
0
0
0
0
0
0
0
0
0
0
0
0
0
0
0
0
0.142857142857143
0
0
0
0
0
0
1
0
0
0
1
0
0.5
0
0
0
0
0
0
0
0
0
0
0
0
0
0
0
0
0
0
0
0
0
0
0
0
0
0
1
0
0
0
0
0
0
0
0
0
0.888888888888889
0
0
0
0
0
0
0
0
0
1
0
0
0
0
0
0
0
0
0
0
0
0
0
0
0
0
0
0
0
0
0
0
0
0
0
0
0
0
0
0
0
0
0
0
0.5
0
0
1
0
0
0
0
0.0943396226415094
0
0
0
0
0
0
0
0
0
0
0
0
0
0
0
0
0
0
0
0
0
0
0
1
0
0
0
0
1
0
0
0
0
0
0
0
0
0.591397849462366
0
0
0
0
0
0
0
0
0
0
0
0
0
0
0
0
0
0.5
1
0
0
0
0
0
0.148148148148148
0
0
0
0
0
0
0
0
0
0
0
0
0
0
1
0
0
0
0
0
0
0
0
0
0
0
0
0
1
0
0
0
0
0
0
0
0
0.8
0
0
0
0.888888888888889
0
0
0
1
0
0
0
0
0
0
0
0
0
0
0
0
0
0
0
0
0
0
1
0
0
0
0.0476190476190476
0
0
0
0
0
0
0
0
0
0
0
0
0
0.5
0
0
0
0
0
0.5
0
1
1
0
0
0
0
0
0
0
0
0
0
0
0.267241379310345
0
0
0
0
0.363636363636364
0
0
0
0
0
0
0
0
0
1
0
0
0
1
0
0
0
0
0
0
0
0
0
0
0
0
0
0
1
0
0
0
0
0.5
0
0
0
0
0
0
0
0
0
0
0
0
1
0.666666666666667
0
0
0
0
0
0
1
0
0
0.5
0
0
0
0
0
0
0
0
0
0.5
0
0
0
0.957446808510638
0
0
0
0
0
0
0
0
0
0
0
0
0
0
1
0
1
0
0
0
0.931818181818182
0
0
0
0
0
0
0
0.666666666666667
0
0
0
0
0
0
0
0
0
0
0
0
0
0
0
0
0
0
0
0
0
0
0
0
0
0
0
0
0
0
0
0
0
0
0
0
0
0
0
0
0
0
0
0
0
0
0
0
0
0
0
0
0
0
0
0
0
0
0
0
0
0
0
0
0
0
0
0
0
0
0
0
0
0
0
0
0
0.0125
0
0
0
0
1
0
0
0
0
0.126016260162602
0.881969587255612
0
0
0
0
0
0
0
0
0
0
1
0
0
0
0
0
1
0
0
0
0
0
0
1
0
0
0
1
0
0
0
0
0.619047619047619
0
0
0
0
0
0
0
0
0
0
0
0
0
0
0
0
0
1
0
0
0
0
0
0
0
0
0
1
0
0
0
0
0
0
0
0
0
0
0
0
0
0.5
0
0.925
0
0
0.5
0
0
0.459459459459459
0
0.5
0
0
0
0
0
0.887399463806971
0
0
0
0
0
0
1
0
0
0
0
0.5
0
0
0
0
0
0
0
0.5
0
0
0
0
0
0.2
0
0
0
1
0
0
0
0
0
1
0
0
1
1
0
0
1
0
0
0
0
0
0
1
0
0
0
0
0
0
0
0
0
0
0
0
0
0
0
0
1
0
0
0
0
0
0
1
0
0
0
0
0.0172413793103448
0
0
0
0.333333333333333
0
0
0
0
0
0
0.5
0
0
1
0
0
0
0.5
0
0
0
1
0
0
0
0
0
0
0
0
0
0
0
1
0
0
0
0
0
0
0
0
0
0
0
0
0
0
0
0
0
0
1
0
0
1
0
0
0
0
0
0
0
0
0
0
0
0
1
0
0
0
0
0
0
0
0
0
0
0
0
0
1
0
0.5
0
0
0
0
0
0
0
0
0
0
0
0
0
0
0
0
0
0
0
0
0
0
0.842105263157895
0
0
0
0
1
0
0
0
0
0
0
0
0.00970873786407767
0
0
0
0
0
0
0
0
0.163922155688623
0
0
0
0
0
0.5
0
0
0
0
0
0
1
0
0
0
0
0
0
0
0
0
0.990727532097004
0
0
0
0
0
0
0
0
1
0
0
0
0
0
0
0
0
0
0
0
0
0
0
1
0
0
0
0
0.940846824408468
0
0
0
0
0.795454545454545
0
0
0
0
0
0
0
0
0
0
0
0
0
0
0
0
0.833333333333333
0
0
0.5
0
0
0
0
0
0
0
0
0
0
0
0
1
0
0.875
0
1
0
0
0
0
0
0
1
0
0
0
0
0
0
0
0
0
0
0
0
0
0
0
0
0
0
0
0
0
0
0
0
0
0
0
0
0
0
0
0
0
0
0
0
0
0
0
0
0
0
0
1
0
0
0
0
0
0
0
0
0
0
0
0
0
0
0.975609756097561
1
0
0
1
0
0
0
0
0.8
0
0.0843373493975904
0
0
0
0
0
0
0
0
0
0
0
0
0
0
0
0
0
0
0
0
0
0
0
0
0
0.917391304347826
0
0
0.00704225352112676
0
0
0
0
0
0
0
0
0
0
0
0
0
0
0
0
0
0
0
0
0
0
0
0
0
0
0.813186813186813
0
0
0
0
0
0
0.838095238095238
0
0.5
0
0
0
0
0
0
0
0
0
0
0
1
0
0
0
0
0
0
0
0
0
0.893617021276596
0
0
0
0
0
0
0
0
0
0
0
0
0
0
0
0
0
0
0
0
0
0.0212765957446809
0
0
0
0
0
0
0
0
0
0
1
0
0
1
1
0
0
0
0
0
0
0
0
0
0
0
0.174846625766871
0
0
0
0
0
0
0
0
0
0
0
0.9
0.3125
0
0
0
0
0
0
0
0
0
0
0
0
0
0.722222222222222
0
0
0
0
0
0
0
0
0
0
0
0
0
0
0
0
0
0
1
0
1
1
0
0
0
0
0
0
0
0
0
0
0
0
0
0
0
0
0
0
0
0
0
0
1
0
0
0
0
1
0
1
0
0
0
0
0.66749149396845
0.6
0
0
0
0.132352941176471
0
0
0
0
0.6
0
0
0
1
0
0
0.222222222222222
0
0
0
0
0
0
0
0
0
0
0
0
0
0
0
0
0
0
0
0.666666666666667
0
0
0
0
0
0
0
0
0
0
0
0
0
0
0
0
0
0
0
0
0
1
0
1
0
0
0
0
0
0
0
0
0
0
0.571428571428571
0
0
0
0
0
0
0
1
0
0
0
0
0
0
0
0.5
0
0.162162162162162
0
0
0
0
0
0
0
0
0
0
0.190082644628099
0
0
0
0
0
0
0
1
0
1
0
0
0
0
0
0
0
0
0
0
0
0
0
0
0
0
0
0
0.0454545454545455
0
0
0
0
0
0.0357142857142857
0
1
0
0
0
0
0
0
0
0
0
0
0
1
0
0
0.375
0
0
0
0
0
0
0
0
0
0
0
0
0
0.9
0
0
0
0
0
0
0
0
0
0
0
0
0
0
0
1
0
0
0
0
0
0
0
1
0
0
0
0
0
0
0
0
0
0
0
0
0
0
0
0
0.363636363636364
0.931506849315068
0
1
1
0
0
0
0
0
0.75
0
1
0
0
0
0.0558213716108453
0
0
0
0
0
0
0
0.0163934426229508
0
0
0.229838709677419
0
0
0
0
0
1
0
0.75
0
0
0
0
0
0
0
0
1
0.0465116279069767
0
0
0
0
0
0
1
0
0
0
0
0
0
0
0
0
0
0
0
0
0
0
0
0
0
0
0
0
0
0
0
0
0
0
0
0
0
0
0
0
1
0
1
0
0
0
0
0
0
0
0
0
0
0
0
0
1
0
0
0
0
0
0
1
0
0
0
0
0
0
0
0
0
0
0
0
0
0
0
0
0
0
0
0
0
0
0.80952380952381
0
0
0
0
0
0
0
0
0
0.5
0.25
0
0
0
0
0
0
0
0
0.875
0
0
1
0
0
0
0
1
0
0
0
0
0
0
0
0
0
0.797101449275362
0
0
0
1
0
0
0
0
0
0
0
0
0
0
0
0
0
0
0
1
0
0
0.827464788732394
0
0
0
0
0
0
0
0.364864864864865
0
0
0.83739837398374
0
0
0
1
0
0
0
0
0
0
0
0
0
0
0
0
0.142857142857143
0
0
0
0
0
0
0
0.666666666666667
0
0
0
0
0
0
0
0
0
0
0
0
0
0
0
1
0
0.848936170212766
0
0
0
0
0
0
0
0
0
0
0
0
0
0
0
1
0
0
0
0
0
0
0
0
0
0
0
0
0
0.0714285714285714
0
0
0
0
0
0
0
0
0
0
0
0
0
0
0
0
0
0
0
0
0
0
0
0
0
0.1
0
0
0
0
0
0
0
1
0.333333333333333
0.12972972972973
0
1
0.911764705882353
0
1
0
0
0
0.866666666666667
0
0
0
0
0
0
0
0
0
0
0
0.5
0
0
0
0
0
1
0
0
0
0
0
0
0
0
1
0
0
0
0
0
0
0
0
0
0
0
0
0
0
0
0
0
0.428571428571429
0
0.927642090846839
0
0
0
0
0
0
0
0
0
0
0
0
0
0
0
0
0
0
0.4
0
0
0
0
0.5
0
0
0
0
0
0.5
0
0.971751412429379
0
0
0
0
0
0
0
0
0.903225806451613
0
0
0
0
0
0
1
0
0
0
0
0
0
0
0
0
0
0
0
0
0
0
0.666666666666667
0
0
0
0
0
0
0
0.2
0
0
0
0
0
0
0
0
0
0
0
0
0.193181818181818
0
0
0
0
0
0
0
0
0.2
0
0
0
0
0
0
0
0
0
0.978809738503156
0.9
0
0
0
0
0
0
0
0
0
1
0
0
0
0
0
0
0
0
0
0
0
0
0
0
0
0
0
0
0
0
0
0.255813953488372
0
1
0
0
0
0
0
0
0
0
0
0
1
0
0
0
0
0
0
0
0
0
0
0
0
0
0
0
0
0
0
0
0
0
0.5
0
0
0
0
0
0
0
0
0
0
0
0
0
0
0.696969696969697
0
0.666666666666667
0
0
0
0
0
0.875
1
0
0
0
0
0
0
0
0
0.427804295942721
1
0.541095890410959
0.78
0
1
0
0
0
0
0
0
0
0
0.46969696969697
0
0
0.692307692307692
0
0
0
0.5
0.785714285714286
0
0
0
0
0
1
0
0
0
0
0
0
0
0
0
0
1
0
0
0
0
0
0
1
0
0
0
0
0
0.758620689655172
0
0
0
0
0
0
0
0
1
0
0
0
0
0
0.968354430379747
0
0
0
0
0
0
0
0
0
0
0
0
0
0
0
0
0.6
0
0
0
0
0
0
0
0
0.959322033898305
0.484848484848485
0
1
0
0
0.245454545454545
0
0
0
1
0
0
0
0
0
0
0
0
0
0
0.964285714285714
0
0
0
0
0
0
0.507692307692308
0
0
0
0
0
0
0
0
0
0
0
0
0
1
0
0.115107913669065
0.00657894736842105
0
0
0
0
0
0
0
0.219298245614035
0
0
0
0.136363636363636
0
0
0
0
0
1
0
0
1
0
0
0
0
0
0
0
0
0
0
0
0
0
1
0
0
0
0
0
0
0
0
0
0
0
0.0784313725490196
0
0
0
0
0
0.035799522673031
0
0
0
0
0
0
0
0.857142857142857
0
0
0
0
0
0.127118644067797
0
0
0
0.5
0
0
0
1
0
0
0
0
0
0
0
0
0
0
0
0
0
0
0
0
0
0
0
0
0
0
0.865384615384615
0
0
0
0
0
0
0.05
0.5
0
0
0
1
0
0.5
0
0
0
1
1
0
0.928571428571429
0
0
0
0.5
0
0
0
0
0
0
0
0
0
0
0
1
0
0
0.5
0.866666666666667
0
0
0.571428571428571
0
0
0
0
0
0
0
0.903225806451613
0.0833333333333333
0
0
0
0.666666666666667
0
0
0
0.333333333333333
0
1
0
0
0
0.25
0
0
0
0
0
0
0
0
0
0
0
0
0.5
0
1
0.333333333333333
0.0909090909090909
0.244444444444444
0.15
0
0.5
0
0
0
0.25
0
0
0
0
0
0
0.5
0
0
0
0
0
0
0
0
0
0
0
0
0
0
0
0.142857142857143
0.8
0
0.65
0
0
0
0.285714285714286
0
0.5
0
0
0.666666666666667
0.5
0
0
0
0
0
0
0
0
0
0
0
0
0
0
0
0
0
0.5
0.5
0
0
0
0
0
0
0.758620689655172
0.5
0
0.5
0
0
0
0
0
0
0.608695652173913
0
0
0
0
0
0
0
0
0
0
0
0.5
0
0
0
0
0
0
0
0
0.5
0
0
0
0
0
0
0
0.666666666666667
0
0
0
0
0
0.577777777777778
0
0
0
0
0
0
0
0
0
0.730496453900709
0
0
1
0
0
0
0
0
0
0
0
0
0
0
0
0
0
0
0.173076923076923
0
0
0
0
0
0
0
0
0
0
0
0
0
0
0
0
0
0
0
0
0
0
0
0
0
0
0
0.5
0
0
0
0
0
0
0
0
0.5
0.00493827160493827
0
0
1
0
0
0
0
0.956521739130435
0
0
0
0
0
0
0
0
0
0
0.705882352941177
0
0
0
0
0
0
0
0
0
0
0
0
0
1
0
0
0
0
0
0
0
0
0
0
0
0
0
0
0
0
0
0
0.303030303030303
1
0
0
0
0.333333333333333
0.855513307984791
0
0
0
0
0
1
0
0
0
0
0
0
0
0
0
1
0
0
0
0
0
0
0
0
0
0
0
0
0
1
0
0
0
0
0
0
0
0
0
0
0
0
0
0
0
0
0
0.95
0
0
0
0
0
0
0.982149940499802
0
0
0
0
0
0
0
0
0
0
0
0
0
0
0
0
0
0
0
0
0
0
0
0
1
0
0
0
0
0
0
0
0
0
0
0
0
0
0
0
0
0
0
0
0
0
0
0
0
0
0
0
0
0
0
0
0
0
0
0
0
0
0
0
0
0
0
0
0
0
0
0
0
0
0
0
0
0
0
0
0
0
0
0
0
0
0
0
0
0
0
0
0
0
0
0
0
0
0
0
0
0
0
0
0
0
0
0
0
0
0
0
0
0
0
0
0
0
0
0
0
0
0
0
0
0
0
0
0
0
0
0
0
0
0
0
0
0
0
0
0
0
0
0
0
0
0
0
0
0
0
0
0
0
0
0
0
0
0
0
0
0
0
0
0
0
0
0
0
0
0
0
0
0
0
0
0
0
0
0
0
0
0
0
0
0
0
0
0
0
0
0
0
0
0
0
0
0
0
0
0
0
0
0
0
0
0
0
0
0
0
0
0
0
0
0
0
0
0
0
0
0
0
0
0
0
0
0.285714285714286
0
0
0
0
0
0
0
0
0
0
0
0
0
0
0
0
0
0
0
0
0
0
0
0
0
0
0
0
0
0
0
0
0
0
0
0
0
0
0
0
0
0
0
0
0
0
0
0
0
0
0
0
0
0
0
0
0
0
0
0
0
0
0
0
0
0
0
0
0
0
0
0
0
0
0
0
0
0
0
0
0
0
0
0
0
0
0
0
0
0
0
0
0
0
0
0
0
0
0
0
0
0
0
0
0
0
0
0
0
0
0
0
0
0
0
0
0
0
0
0
0
0
0
0
0
0
0
0
0
0
0
0
0
0
0
0
0
0
0
0
0
0
0
0
0
0
0
0
0
0
0
0
0
0
0
0
0
0
0
0
0
0
0
0
0
0
0
0
0
0
0
0
0
0
0
0
0
0
0
0
0
0
0
0
0
0
0
0
0
0
0
0
0
0
0
0
0
0
0
0
0
0
0
0
0
0
0
0
0
0
0
0
0
0
0
0
0
0
0
0
0
0
0
0
0
0
0
0
0
0
0
0
0
0
0
0
0
0
0
0
0
0
0
0
0
0
0
0
0
0
0
0
0
0
0
0
0
0
0
0
0
0
0
0
0
0
0
0
0
0
0
0
0
0
0
0
0
0
0
0
0
0
0
0
0
0
0
0
0
0
0
0
0
0
0
0
0
0
0
0
0
0
0
0
0
0
0
0
0
0
0
0
0
0
0
0
0
0
0
0
0
0
0
0
0
0
0
0
0
0
0
0
0
0
0
0
0
0
0
0
0
0
0
0
0
0
0
0
0
0
0
0
0
0
0
0
0
0
0
0
0
0
0
0
0
0
0
0
0
0
0
0
0
0
0
0
0
0
0
0
0
0
0
0
0
0
0
0
0
0
0
0
0
0
0
0
0
0
0
0
0
0
0
0
0
0
0
0
0
0
0
0
0
0
0
0
0
0
0
0
0
0
0
0
0
0
0
0
0
0
0
0
0
0
0
0
0
0
0
0
0
0
0
0
0
0
0
0
0
0
0
0
0
0
0
0
0
0
0
0
0
0
0
0
0
0
0
0
0
0
0
0
0
0
0
0
0
0
0
0
0
0
0
0
0
0
0
0
0
0
0
0
0
0
0
0
0
0
0
0
0
0
0
0
0
0
0
0
0
0
0
0
0
0
0
0
0
0
0
0
0
0
0
0
0
0
0
0
0
0
0
0
0
0
0
0
0
0
0
0
0
0
0
0
0
0
0
0
0
0
0
0
0
0
0
0.00852272727272727
0
0
0
0
0
0
0
0
0
0
0
0
0
0
0
0
0
0
0
0
0
0
0
0
0
0
0
0
0
0
0
0
0
0
0
0
0
0
0
0
0
0
0
0
0
0
0
0
0
0
0
0
0
0
0
0
0
0
0
0
0
0
0
0
0
0
0
0
0
0
0
0
0
0
0
0
0
0
0
0
0
0
0
0
0
0
0
0
0
0
0
0
0
0
0
0
0
0
0
0
0
0
0
0
0
0
0
0
0
0
0
0
0
0
0
0
0
0
0
0
0
0
0
0
0
0
0
0
0
0
0
0
0
0
0
0
0
0
0
0
0
0
0
0
0
0
0
0
0
0
0
0
0
0
0
0
0
0
0
0
0
0
0
0
0
0
0
0
0
0
0
0
0
0
0
0
0
0
0
0
0
0
0
0
0
0
0
0
0
0
0
0
0
0
0
0
0
0
0
0
0
0
0
0
0
0
0
0
0
0
0
0
0
0
0
0
0
0
0
0
0
0
0
0
0
0
0
0
0
0
0
0
0
0
0
0
0
0
0
0
0
0
0
0
0
0
0
0
0
0
0
0
0
0
0
0
0
0
0
0
0
0
0
0
0
0
0
0
0
0
0
0
0
0
0
0
0
0
0
0
0
0
0
0
0
0
0
0
0
0
0
0
0
0
0
0
0
0
0
0
0
0
0
0
0
0
0
0
0
0
0
0
0
0
0
0
0
0
0
0
0
0
0
0
0
0
0
0
0
0
0
0
0
0
0
0
0
0
0
0
0
0
0
0
0
0
0
0
0
0
0
0
0
0
0
0
0
0
0
0
0
0
0
0
0
0
0
0
0
0
0
0
0
0
0
0
0
0
0
0
0
0
0
0
0
0
0
0
0
0
0
0
0
0
0
0
0
0
0
0
0
0
0
0
0
0
0
0
0
0
0
0
0
0
0
0
0
0
0
0
0
0
0
0
0
0
0
0
0
0
0
0
0
0
0
0
0
0
0
0
0
0
0
0
0
0
0
0
0
0
0
0
0
0
0
0
0
0
0
0
0
0
0
0
0.0258215962441315
0
0
0
0
0
0
0
0
0
0
0
0
0
0
0
0
0
0
0
0
0
0
0
0
0
0
0
0
0
0
0
0
0
0
0
0
0
0
0
0
0
0
0
0
0
0
0
0
0
0
0
0
0
0
0
0
0
0
0
0
0
0
0
0
0
0
0
0
0
0
0
0
0
0
0
0
0
0
0
0
0
0
0
0
0
0
0
0
0
0
0
0
0
0
0
0
0
0
0
0
0
0
0
0
0
0
0
0
0
0
0
0
0
0
0
0
0
0
0
0
0
0
0
0
0
0
0
0
0
0
0
0
0
0
0
0
0
0
0
0
0
0
0
0
0
0
0
0
0
0
0
0
0
0
0
0
0
0
0
0
0
0
0
0
0
0
0
0
0
0
0
0
0
0
0
0
0
0
0
0
0
0
0
0
0
0
0
0
0
0
0
0
0
0
0
0
0
0
0
0
0
0
0
0
0
0
0
0
0
0
0
0
0
0
0
0
0
0
0
0
0
0
0
0
0
0
0
0
0
0
0
0
0
0
0
0
0
0
0
0
0
0
0
0
0
0
0
0
0
0
0
0
0
0
0
0
0
0
0
0
0
0
0
0
0
0
0
0
0
0
0
0
0
0
0
0
0
0
0
0
0
0
0
0
0
0
0
0
0
0
0
0
0
0
0
0
0
0
0
0
0
0
0
0
0
0
0
0
0
0
0
0
0
0
0
0
0
0
0
0
0
0
0
0
0
0
0
0
0
0
0
0
0
0
0
0
0
0
0
0
0
0
0
0
0
0
0
0
0
0
0
0
0
0
0
0
0
0
0
0
0
0
0
0
0
0
0
0
0
0
0
0
0
0
0
0
0
0
0
0
0
0
0
0
0
0
0
0
0
0
0
0
0
0
0
0
0
0
0
0
0
0
0
0
0
0
0
0
0
0
0
0
0
0
0
0
0
0
0
0
0
0
0
0
0
0
0
0
0
0
0
0
0
0
0
0
0
0
0
0
0
0
0
0
0
0
0
0
0
0
0
0
0
0
0
0
0
0
0
0
0
0
0
0
0
0
0
0
0
0
0
0
0
0
0
0
0
0
0
0
0
0
0
0
0
0
0
0
0
0
0
0
0
0
0
0
0
0
0
0
0
0
0
0
0
0
0
0
0
0
0
0
0
0
0
0
0
0
0
0
0
0
0
0
0
0
0
0
0
0
0
0
0
0
0
0
0
0
0
0
0
0
0
0
0
0
0
0
0
0
0
0
0
0
0
0
0
0
0
0
0
0
0
0
0
0
0
0
0
0
0
0
0
0
0
0
0
0
0
0
0
0
0
0
0
0
0
0
0
0
0.925824175824176
0
0
0
0
0
0
0
0
0
0
0
0
0
0
0
0
0
0
0
0
0
0
0
0
0
0
0
0
0
0
0
0
0
0
0
0
0
0
0
0
0
0
0
0
0
0
0
0
0
0
0
0
0
0
0
0
0
0
0
0
0
0
0
0
0
0
0
0
0
0
0
0
0
0
0
0
0
0
0
0
0
0
0
0
0
0
0
0
0
0
0
0
0
0
0
0
0
0
0
0
0
0
0
0
0
0
0
0
0
0
0
0
0
0
0
0
0
0
0
0
0
0
0
0
0
0
0
0
0
0
0
0
0
0
0
0
0
0
0
0
0
0
0
0
0
0
0
0
0
0
0
0
0
0
0
0
0
0
0
0
0
0
0
0
0
0
0
0
0
0
0
0
0
0
0
0
0
0
0
0
0
0
0
0
0
0
0
0
0
0
0
0
0
0
0
0
0
0
0
0
0
0
0
0
0
0
0
0
0
0
0
0
0
0
0
0
0
0
0
0
0
0
0
0
0
0
0
0
0
0
0
0
0
0
0
0
0
0
0
0
0
0
0
0
0
0
0
0
0
0
0
0
0
0
0
0
0
0
0
0
0
0
0
0
0
0
0
0
0
0
0
0
0
0
0
0
0
0
0
0
0
0
0
0
0
0
0
0
0
0
0
0
0
0
0
0
0
0
0
0
0
0
0
0
0
0
0
0
0
0
0
0
0
0
0
0
0
0
0
0
0
0
0
0
0
0
0
0
0
0
0
0
0
0
0
0
0
0
0
0
0
0
0
0
0
0
0
0
0
0
0
0
0
0
0
0
0
0
0
0
0
0
0
0
0
0
0
0
0
0
0
0
0
0
0
0
0
0
0
0
0
0
0
0
0
0
0
0
0
0
0
0
0
0
0
0
0
0
0
0
0
0
0
0
0
0
0
0
0
0
0
0
0
0
0
0
0
0
0
0
0
0
0
0
0
0
0
0
0
0
0
0
0
0
0
0
0
0
0
0
0
0
0
0
0
0
0
0
0
0
0
0
0
0
0
0
0
0
0
0
0
0
0
0
0
0
0
0
0
0
0
0
0
0
0
0
0
0
0
0
0
0
0
0
0
0
0
0
0
0
0
0
0
0
0
0
0
0
0
0
0
0
0
0
0
0
0
0
0
0
0
0
0
0
0
0
0
0
0
0
0
0
0
0
0
0
0
0
0
0
0
0
0
0
0
0
0
0
0
0
0
0
0
0
0
0
0
0
0
0
0
0
0
0
0
0
0
0
0
0
0
0
0
0
0
0
0
0
0
0
0
0
0
0
0
0
0
0
0
0
0
0
0
0
0
0
0
0
0
0
0
0
0
0
0
0
0
0
0
0
0
0
0
0
0
0
0
0
0
0
0
0
0
0
0
0
0
0
0
0
0
0
0
0
0
0
0
0
0
0
0
0
0
0
0
0
0
0
0
0
0
0
0
0
0
0
0
0
0
0
0
0
0
0
0
0
0
0
0
0
0
0
0
0
0
0
0
0
0
0
0
0
0
0
0
0
0
0
0
0
0
0
0
0
0
0
0
0
0
0
0
0
0
0
0
0
0
0
0
0
0
0
0.25
0
0
0
0
0
0
0
0
0
0
0
0
0
0
0
0
0
0
0
0
0
0
0
0
0
0
0
0
0
0
0
0
0
0
0
0
0
0
0
0
0
0
0
0
0
0
0
0
0
0
0
0
0
0
0
0
0
0
0
0
0
0
0
0
0
0
0
0
0
0
0
0
0
0
0
0
0
0
0
0
0
0
0
0
0
0
0
0
0
0
0
0
0
0
0
0
0
0
0
0
0
0
0
0
0
0
0
0
0
0
0
0
0
0
0
0
0
0
0
0
0
0
0
0
0
0
0
0
0
0
0
0
0
0
0
0
0
0
0
0
0
0
0
0
0
0
0
0
0
0
0
0
0
0
0
0
0
0
0
0
0
0
0
0
0
0
0
0
0
0
0
0
0
0
0
0
0
0
0
0
0
0
0
0
0
0
0
0
0
0
0
0
0
0
0
0
0
0
0
0
0
0
0
0
0
0
0
0
0
0
0
0
0
0
0
0
0
0
0
0
0
0
0
0
0
0
0
0
0
0
0
0
0
0
0
0
0
0
0
0
0
0
0
0
0
0
0
0
0
0
0
0
0
0
0
0
0
0
0
0
0
0
0
0
0
0
0
0
0
0
0
0
0
0
0
0
0
0
0
0
0
0
0
0
0
0
0
0
0
0
0
0
0
0.25
0
0
0
0
0
0
0
0
0
0
0
0
0
0
0
0
0
0
0
0
0
0
0
0
0
0
0
0
0
0
0
0
0
0
0
0
0
0
0
0
0
0
0
0
0
0
0
0
0
0
0
0
0
0
0
0
0
0
0
0
0
0
0
0
0
0
0
0
0
0
0
0
0
0
0
0
0
0
0
0
0
0
0
0
0
0
0
0
0
0
0
0
0
0
0
0
0
0
0
0
0
0
0
0
0
0
0
0
0
0
0
0
0
0
0
0
0
0
0
0
0
0
0
0
0
0
0
0
0
0
0
0
0
0
0
0
0
0
0
0
0
0
0
0
0
0
0
0
0
0
0
0
0
0
0
0
0
0
0
0
0
0
0
0
0
0
0
0
0
0
0
0
0
0
0
0
0
0
0
0
0
0
0
0
0
0
0
0
0
0
0
0
0
0
0
0
0
0
0
0
0
0
0
0
0
0
0
0
0
0
0
0
0
0
0
0
0
0
0
0
0
0
0
0
0
0
0
0
0
0
0
0
0
0
0
0
0
0
0
0
0
0
0
0
0
0
0
0
0
0
0
0
0
0
0
0
