1
1
1
1
24
1
56
204
47
1
59
2
6
1
92
4
4
3
4
2
27
2
26
29
15
1
25
11
6
28
1
27
6
1
25
53
7
100
3
1
20
2
4
23
1
82
2
2
21
3
4
16
3
11
5
3
8
130
2
661
24
2
566
80
7
16
77
4
20
17
1
67
1
8
11
2
2
103
2
1
3
2
3
15
9
9
2
919
49
8
1
54
1
4
1
1
1
1
1
2
2
64
2
3
1
40
15
7
5
2
8
154
1
4
12
13
14
14
1
1
61
6
1
3
3
34
5
6
17
34
2
1
9
1
1
5
3
2
14
1
5
26
3
1
32
21
2
8
3
1
1
4
83
38
2
109
5
8
21
1
1
6
9
1
1
1
5
1
1
5
1
2
1
1
2
17
17
79
1
1
122
27
7
1
132
18
17
37
2
4
19
1
18
5
11
14
17
8
7
115
6
3
3
8
197
5
10
2
16
2
2
115
3
2
15
1
2
11
107
5
3
2
1
1
1
13
51
5
2
11
4
2
1
1
4
3
16
4
1
86
1
1
1
7
4
64
1
8
72
3
25
1
36
39
12
4
4
1
14
3
2
4
2
3
3
1
41
12
33
1
1
4
2
1
1
13
2
2
1
48
3
1
1
1
1
1
1
14
34
12
5
2
16
14
36
6
1
1
26
1
31
1
5
1
22
1
2
3
2
3
1
1
18
2
17
97
6
6
3
1
1
2
2
2
15
1
2
7
1
17
83
4
1
7
2
1
1
9
8
2
8
3
1
161
1
1
1
1
11
9
2
13
2
16
1
2
88
7
1
60
10
38
7
23
30
2
2
5
2
23
4
3
1
1
219
1
237
4
208
1
476
2
7
7
5
6
5
3
12
9
2
3
4
13
7
1
6
85
25
1
1
1
13
6
23
15
4
2
3
191
2
29
1
1
8
16
15
1
1
4
1
20
15
11
222
3
7
14
1
52
1
6
14
7
27
5
1
3
1
1
15
12
1
2
1
14
5
1
2
8
329
1
1
41
1
9
3
3
1
2
1
1
4
3
2
5
5
1
2
3
1
1
1
4
1
11
12
23
3
30
1
17
8
2
2
1
1
1
1
1
1
40
18
45
5
29
13
1
1
2
1
14
2
14
92
1
8
26
1
2
2
6
8
1
1
1
1
2
1
2
36
3
1
9
7
2
1
140
1
1
1
60
5
1
5
5
27
1080
3
2
1
2
3
1
195
1
20
1
1
1
1
4
3
15
1
6
6
18
8
2
1
4
8
7
1
2
5
2
4
13
2
1
1
5
1
24
43
6
4
13
1
2
2
4
8
5
2
1
2
1
82
9
68
1
2
7
1
95
6
8
20
2
11
3
3
3
262
1
1
1
1
2
7
33
12
2
1
70
73
2
3
1
4
1
860
1
3
3
2
2
1
2
7
20
12
2
1
8
1
1
2
90
2
17
120
1
1
1
1
1
1
10
1
2
3
2
1
31
1
3
1
1
6
10
1
1
1
2
1
12
1
10
3
16
2
3
5
63
5
4
260
1
7
77
2
12
1
3
9
1
13
1
1
1
1
1
44
16
2
6
3
1
1
4
1
5
1
2
1
15
7
23
5
1
10
12
1
1
1
1
1
270
1
3
3
1
6
1
8
21
6
136
1
10
3
5
1
1
5
4
1
73
2
3
2
25
1
30
4
40
1
1
1
34
3
1
8
40
13
4
5
14
5
16
31
38
53
2
1
1
2
2
13
1
2
36
1
9
1
115
1
2
1
51
16
26
1
1
9
1
23
3
1
1
1
3
1
1
6
1
1
46
1
7
1
4
20
7
1
1
5
1
3
2
19
4
1
1
8
2
40
9
32
3
4
326
3
1
4
1
1
1
2
3
33
1
6
3
62
3
1
2
1
1
3
1
12
2
6
1
430
4
1
36
1
1
1
7
1
1
31
1
3
5
1
1
1
5
2
1
1
1
28
2
3
1
269
42
3
10
2
2
2
5
1
10
1
3
7
1
4
5
7
1
47
13
1
1
10
1
1
1
1
3
6
2
4
1
1
7
1
3
4
1
2
4
1
7
20
1
8
2
2
15
1
2
1
13
1
15
1
1
1
2
1
2
1
1
9
1
3
2
3
7
10
13
5
1
1
1
10
1
1
1
3
5
6
1
3
3
8
1
1
1
1
1
1
1
5
5
4
1
1
1
3
1
28
1
4
2
44
5
1
1
1
5
7
1
1
2
2
1
1
1
14
1
6
8
1
29
1
2
1
3
6
7
31
2
1
1
1
478
1
5
120
5
25
2
25
1
1
4
6
36
1
6
87
2
4
10
55
7
1
6
10
1
1
2
14
6
47
5
1
1
2
1
1
4
176
21
2
1
6
1
1
4
14
17
1
1
3
25
2
17
1
1
2
2
6
5
2
2
1
11
1
1
1
3
11
9
6
1
1
2
11
5
1
1
8
2
65
4
2
1
1
5
3
1
1
1
1
6
4
5
2
7
2
2
4
1
1
7
6
2
1
1
4
1
10
1
3
54
1
2
8
2
6
1
327
12
642
3
1
2
2
1
3
2
1
1
3
5
1
1
1
1
2
3
49
1
1
1
2
1
1
4
314
1
1
2
38
1
4
3
33
5
1
2
10
4
6
3
3
1
1
4
4
5
1
14
1
2
2
2
1
1
3
7
2
1
1
2
1
3
1
1
1
6
5
2
1
1
2
21
26
1
5
1
1
9
14
1
1
1
1
1
1
2
2
828
3
3
21
2
2
1
1
1
1
3
2
4
1
2
3
2
6
2
1
8
4
4
6
3
1
7
3
2
3
3
1
2
1
1
1
10
2
9
1
18
1
1
5
9
11
1
1
3
1
1
6
4
1
1
1
2280
3
13
6
5
69
9
28
25
2
3
1
2
4
1
12
2
1
11
14
2
4
1
3
1
3
1
4
1
8
6
3
57
11
1
6
3
1
103
1
4
1
2
1
3
5
1
11
9
6
732
1
4
1
2
2
2
1
4
12
2
1
1
1
1
7
21
7
4
3
8
1
1
1
1
1
1
1
1
1
3
1
1
1
4
5
57
14
3
1
2
1
4
1
1
1
3
7
2
1
2
1
4
1
7
8
172
7
2
2
78
27
3
1
1
6
19
1
2
5
1
1
2
3
1
2
4
10
3
2
2
4
1
1
1
1
1
1
4
1
1
1
1
1
103
1
3
1
29
1
4
1
1
1
4
5
2
2
1
1
1
1
3
4
1
1
5
1
1
3
4
17
51
13
1
1
1
3
3
19
5
1
2
1
3
1
1
1
3
3
17832
1
1
3
1
14
1
3
2
34
2
2
7
3
4
8
2
2
5
1
6
4
1
1
2
3
4
1
4
2
2
1
1
1
3
1
5
1
10
1
2
4
1
2
1
1
18
2
1
1
1
1
4
5
1
2
4
1
1
57
6
1
1179
1
2
4
1
2
2
4
4
1
1
7
14
1
1
100
2
1
2
1
1
1
12
6
1
2
3
1
4
2
1
2
8
9
1
3
32
2
1
1
3
1
1
2
6
4
8
7
5
13
3
4
6
11
3
1
1
6
1
1
8
10
2
237
5
25
5
2
1
2
1
1
9
4
11
3
11
2
1
3
1364
9
2
6
9
1
83
1
1
1
1
43
1
7
3
6
24
218
2
5
118
1
2
1
1
4
5
1
2
5
1
3
1
45
1
3
47
1
2
1
1
18
1
4
5
1
66
2
7
5
1
10
1
2
1
15
2
9
2
1
10
1
1
2
4
2
230
1
286
10
1
1
3
3
1
1
1
1
1
1
21
1
3
33
1
2
35
2
1
1
1
4
1
4
1
1
1
1
1
5
1
2
1
1
1
3
4
1
4
10
4
2
1
77
1
1
5
3
8
1
1
1
3
2
1
1
4
1
1
1
1
2
3
2
17
2
1
1
1
1
5
2
1
1
1
3
2
1
1
2
20
1
2
3
9
4
1
1
1
2
3
6
1
1
13
1
1
1
1
1
10
2
1
1
4
1
2
1
3
3
1
1
9
1
1
1
1
1
2
6
1
9
3
2
1
6
1
4
1
1
1
43
241
1
1
1
1
5
1
2
2
1
1
21
9
1
1
2
2
1
1
4
2
71
2
29
4
4
1
27
2
10
1
69
1
4
1
1
1
1
1
1
2
3
4
3
222
2
1
1
3
9
2
1
1
6
2
3
7
1
3
1
227
1
2
1
1
1
4
1
1
2
5
5
1
3
30
1
3
6
1
3
1
2
1
13
8
2
1
1
1
3
1
2
1
7
1
9
1
2
6
116
1
1
1
1
3
2
2
1
1
1
1
1
1
1
7
1
1
2
1
4
1
1
4
1
1
1
1
2
5
1
1
313
1
3
1
1
6
10
1
1
1
3
6
1
6
1
1
4
2
1
1
11
1
3
1
102
1
1
1
1
1
6
67
1
5
1
22
2
1
1
1
1
1
2
1
72
20
1
1
6
1
1
1
1
1
2
1
1
1
1
1
2
3
1
3
2
1
2
2
3
1
2
1
1
5
496
2
2
1
1
2
1
5
2
2
1
2
57
2
1
101
4
5
24
13
8
5
1
1
2
1
3
5
1
4
1
1
1
1
1
1
1
1
1
331
1
1
2
4
4
2
1
1
1
3
7
3
1
9
1
413
1
9
1
7
8
11
1
96
4
2
60
1
3
1
2
57
3
8
1
2
1
1
1
1
37
2
1
1
1
3
1
5
4
1
1
1
1
1
1
1
143
3
2
7
2
4
1
4
10
3
13
203
3
1
7
1
3
1
4
1
3
1
4
36
45
1
1
1
1
1
1
567
42
16
1
1
1
12
2
2
2
2
1
1
4
1
2
5
1
333
1
2
1
10
1
1
2
1
2
1
5
1
2
4
2
1
1
2
5
11
4
1
1
2
350
1
1
216
6
2
1
1
2
23
1
1
1
1
5
392
1
1
3
1
3
3
1
1
1
1
1
2
1
16
1
2
1
132
4
1
1
1
1
916
10
1
2
1
1
5
1
4
4
1
3
1
5
3
1
2
17
3
1
1
2
2
7
3
1
1
1
1
1
2
1
1
3
1
4
3
1
1
1
1
2
3
1
3
1
2
1
1
2
1
2
1
11
1
1
1
97
2
10
10
1
3
3
1
2
1
1
3
2
1
3
1
1
3
5
1
1
1
3
5
2
1
4
2
1
1
2
1
5
1
5
1
1
2
1
1
6
1
1
1
1
1
1
1
1
1
2
1
3
1
2
1
1
4
2
1
27
1
45
1
1
1
2
102
4
1
3
4
2
3
1
6
4
1
98
2
35
5
2
1
1
1
2
1
1
4
2
8
3
2
1
1
7
1
1
1
1
2
4
24
1
1
2
12
1
1
4
5
1
1
5
7
5
1
28
2
1
5
1
2
1
1
1
1
1
1
1
1
1
3
3
3
1
8
3
1
2
3
3
1
1
1
4
1
1
1
1
9
1
2
2
1
1
4
1
10
1
1
1
1
1
2
4
1
1
3
1
1
1
1
1
9
1
1
1
2
2
1
2
2
1
1
2
1
1
3
1
1
1
77
1
1
1
1
2
1
1
1
1
1
1
1
2
2
1
1
1
1
4
2
1
17
1
6
1
1
7
1
5
33
7
1
6
1
1
2
6
3
1
1
1
2
1
14
7
3
1
2
1
1
3
1
1
2
1
3
1
3
6
3
2
1
31
1
1
44
166
3
1
5
1
1
2
1
1
1
1
1
1
1
1
1
1
1
4
1
1
125
2
4
2
1
3
2
1
3
16
3
1
2
7
1
1
124
31
3
1
1
1
5
1
3
1
1
3
1
48
1
1
1
1
2
1
1
3
6
2
3
1
2
1
1
2
3
2
1
4
1
1
3
4
2
1
1
2
2
1
7
2
1
3
1
1
1
3
1
1
7
1
1
1
3
1
1
1
1
1
4
1
2
1
8
2
8
2
1
1
511
1
5
9
6
102
1
7
3
1
23
3
1
1
2
4
1
1
64
4
3
1
15
2
2
1
1
3
13
4
5
1
1
3
2
4
1
1
1
10
2
1
1
2
116
19
3
3
1
5
1
1
1924
27230
1
1
1
14
1
2
1
2
122
1
1
1
1
4
7
8
1
1
1
1
1
1
23
1
1
1
1
13
4
2
1
2
1
1
1
1
81
6
1
5
1
1
1
1
14
2
1
1
2
2
2
1
1
1
2
1
1
1
1
1
1
1
1
1
3
2
1
1
6
1
3
1
99
1
1
2
381
2
8
1
1
5
946
2
1
1
4
20
2
1
1
1
1
2
200
1
1
1
3
4
4
1
1
5
2
1
2
119
1
1
2
1
1
1
1
1
2
1
2
2
2
1
1
1
1
1
1
1
16
2
1
1
7
1
1
1
3
12
2
1
4
2
1
1
4
5
1
2
1
4
1
4
1
7
3
9
1
1
1
1
4
14
1
3
2
2
1
2
4
1
19
1
1
1
2
1
2
3
1
1
1
111
1
2
6
3
1
1
21
3
2
1
1
1
1
2
2
1
2
4
1
1
2
1
1
292
1
1
1
1
7
1
1
1
3
3
1
1
4
1
1
1
1
1
1
2
2
1
27
6
1
1
1
2
189
2
2
2
1
6
1
1
1
3
1
1
1
1
1
3
1
1
2
1
1
1
2
1
1
2
16
1
1
1
3
1
3
7
1
1
1
3
2
1
3
2
1
1
1
1
1
1
2
1
1
1
1
1
2
3
3
1
69
2
1
1
2
3
5
4
2
1
1
2
1
5
2
5
2
1
2
1
2
1
1
2
1
7
7
4
1
1
4
3
31
3
1
2
14
145
3
1
4
1
1
1
3
1
16
1
1
1
1
1
162
1
3
3
2
1
6
74
1
10
1
1
1
1
2
4
1
1
1
2
2
1
2
12
1
1
1
1
1
1
1
1
1
1
3
1
1
1
13
2
4
1
1
1
6
1
1
8
1
1
95
1
1
1
2
2
3
1
1
1
2
1
1
3
28
1
4
2
1
4
45
2
1
1
1
2
8
1
3
1
1
2
1
1
1
1
3
1
3
2
1
1
2
1
2
2
1
1
1
1
1
2
2
1
1
8
1
1
2
2
1
1
6
1
1
2
7
1
1
1
1
1
4
5
1
1
1
1
1
668
1
14
1
1
4
2
2
33
1
2
1
1
1
1
3
1
1
2
1
111
1
1
1
2
5
1
1
1
1
11
1
15
1
1
1
939
2
1
4
3
2
2
1
1
1
1
1
1
1
1
1
10
2
2
3
1
3
6
1
215
1
3
2
8
1
2
12
1
3
1
3
1
1
1
4
1
1
1
24
1
1
3
1
2
6
2
1
3
36
85
1
1
6
4
3
2
2
1
2
1
2
1
2
1
1
1
3
1
2
3
1
1
4
4
5
1
1
3
1
1
2
3
1
4
2
2
1
3
1
1
1
5
1
5
4
3
1
2
1
3
2
5
1
1
1
6
1
8
1
1
1
2
3
1
1
3
2
4
2
1
1
1
2
1
1
1
1
1
3
1
1
1
2
1
3
1
1
1
1
3
1
58
3
1
2
1
101
2
1
3
1
1
1
3
2
17
2
7
4
1
2
3
1
1
18
5
1
2
1
1
1
1
1
1
2
18
2
1
2
1
87
1
1
1
4
27
2
1
3
2
3
600
1
103
1
4
13
11
6
1
6
3
33
2
2
1
1
1
1
1
2
1
9
2
2
1
1
3
1
343
1
1
2
1
2
1
1
9
1
1
5
65
1
1
1
2
1
1
1
136
1
1
2
1
2
1
181
1
1
1
1
24
1
1
36
46
1
9
25
3
2
1
1
3
111
4
1
1
1
7
1
2
1
2
1
1
1
2
42
2
1
1
4
1
1
1
1
1
3
2
13
1
1
1
1
1
1
7
1
4
1
2
1
1
1
1
1384
1
2
3
1
1
3
2
1
1153
1
2
1
1
1
95
1
1
1
2
1
3
1
1
3
2
20
1
1
2
1
2
1
4
2
7
1
2
2
1
2
4
3
1
75
1170
1
3
1
1
47
3
1
3
2
3
1
1
1
1
2
1
1
2
1
1
1
75
1
5
8
1
2
8
1
2
2
2
1
1
1
1
1
2
2
1
2
11
1
3
1
1
1
1
2
35
1
1
5
1
196
1
1
1
390
1
1
1
1
4
1
1
1
1
7
1
1
1
2
1
2
1
3
1
2
1
1
1
1
1
1
1
1
5
125
3
1
3
1
1
2
1
4
1
2
3
2
2
5
2
7
98
1
1
7
3
1
1
13
5
1
1
1
107
1
1
4
1
1
1
2
2
2
2
1
1
1
4
1
4
1
1
1
1
1
1
149
5
1
1
1
2
1
1
1
1
1
34
1
1
1
1
1
1
1
4
1
1
1
51
1
2
15
7
1
1
1
6
1
1
1
3
2
1
1
1
1
1
1
1
1
1
1
3
1
6
1
2
1
2
1
1
2
2
1
2
1
1
5
1
1
1
1
4
28
2
1
1
1
2
1
1
1
1
1
2
2
1
1
2
2
7
2
2
6
20
97
2
45
1
1
5
3
1
5
2
1
1
2
2
1
1
1
1
1
137
1
1
1
1
2
2
1
1
1
1
1
1
1
2114
1
3
1
1
1
1
2
1
1
1
2
6
3
2
2
1
1
1
2
3
1
2
1
1
12
1
1
1
1
1
27
1
1
1
1
1
1
1
1
1
8
7
4
4
1
3
1
1
1
1
7
1
5
1
1
1
1
3
1
2
1
1
1
1
2
568
4860
1
295
1
2
1
1
5
4
1
1
19
1
2
2
1
3
1
4
1
1
1
1
1
1
1
1
2
1
1
4
1
2
1
1
1
1
11946
1
1
1126
2
4
2
1
1
2
24
3
6
1
1
1
1
1
4
3
1
1
2
2
1
1
1
1
1
4
1
1
1
1
1
1
3
63
1
1
222
1
1
1
1
2
1
2
1
91
2
1
1
1
1
1
1
1
1
6
1
2
1
2
1
3
1
2
2
1
61
1
7
3
1
5
2
1
1
3
1
1
4
2
1
2
1
1
3
2
1
1
1
2
1
1
1
2
1
1
1
1
1
2
1
3
1
29
27
1
1
1
2
1
1
5
4
1
1
2
1
1
1
1
35
1
2
1
1
4
1
2
1
1
2
1
2
2
3
1
1
1
2
342
1
1
1
1
11
4
2
22
2
1
1
1
3
3
2
1
4
3
1
6
8
1
2
2
2
1
1
1
2
1
1
1
10
1
1
1
2
1
1
1
1
1
1
2
2
1
1
1
4
76
1
1
6
1
1
1
1
1
2
1
1
1
1
1
1
1
5
2
1
5
1
1
39
1
55
1
1
2
5
1
1
1
1
1
50
1
1
2
1
2
1
499
36
2
1
137
1
1
1
1
1
4
2
1
1
1
6
5
27
1
3
1
1
25
1
1
3
1
1
1
2
1
1
1
1
1
1
2
3
1
1
1
1
1
2
2
109
1
1
1
1
1
1
30
1
1
1
1
1
1
1
1
3
1
1
1
1
4
9
2
2
1
2
1
1
2
1
3
1
1
4
1
1
1
5
1
4
3
1
3
2
1
5
1
1
2
1
2
2
1
1
1
1
1
2
2
1
1
2
113
1
1
1
3
1
1
1
1
2
2
3
1
1
120
1
1
2
2
1
8
5
1
2
5
1
1
1
3
2
1
1815
2
2
1
1
3
1
1
1
1
1
2
1
1
1
1
1
1
1
1
1
3263
1
1
2
1
411
1
1
3
1
30
1
1
36
1
50
1
2
1
3
1
2
1
1
3
1
1
1
1
1
1
7
1
1
1
1
1
1
1
1
1
2
1
5
3
1
1
1
2
1
2
1
4
4
1
1
1
1
1
1
1
1
3
2
57
1
4
2
1
1
1
1
1
1
1
3
3
3
1
1
1
1
1
1
1
2
1
1
1
1
1
2
2
9
2
1
2
44
1
2
1
2
3
1
1
3
1
2
1
1
4
3
1
2
1
2
2
1
2
1
3
1
1
1
3
1
1
1
2
2
1
1
1
1
2
8
1
1
2
1
1
4
1
1
2
1
1
4
1
5
1
178
1
1
1
1
1
6
3
16
1
1
1
2
123
1
1
1
1
6
4
1
1
1
1
5
1
1
1
1
2
1
7
1
1
1
6
1
1
1
2
2
3
4
1
1
1
1
2
1
1
4
1
2
1
1
1
1
2
1
1
1
1
2
1
3
1
1
13
1
1
1
5
1
1
32
1
1
1
1
1
1
3
1
1
1
1
1
5
1
5
1
1
4
1
1
1
2
2
2
1
1
4
2
1
1
1
1
1
1
1
1
3
1
15
404
1
2
1
7
1
5
2
1
1
2
1
1
1
1
2
1
2
1
2
32
1
1
2
1
1
1
1
70
1
2
1
2
1
43
2
1
85
2
1
1
6
1
1
1
2
4
1
1
2
1
1
1
1
1
2
1
1
1
2
1
33
1
1
1
2
1
1
1
4
27
6
1
1
4
3
1
1
1
1
740
11
4
1
1
1
1
1
1
1
1
1
1
1
1
3
2
1
1
2
100
2
1
1
4
1
1
100
1
1
2
2
1
1
2
1
1
1
1
1
1
1
301
4
1
1
1
805
1
1
1
1
1
1
1
11
134
2
1
1
1
1
1
1
2
2
150
620
2
1
1
1
1
1
2
1
10
2
11
1
24
114
2
1
1
2
1
1
4
1
1
2
1
1
1
1
1
1
1
2
1
1
56
1
1
2
1
1
1
793
1
2
2
1
3
1
1
1
3
1
1
2
5
1
2
4
1
1
1
1
3
1
3
2
1
1
362
1
2
1
1
1
1
1
2
1
1
2
1
2
2
6
1
1
2
1
1
1
1
1
1
61
2
1
1
6
1
1
1
13
3
997
1
1
1
1
22
1
5
1
1
12
110
1
3
2
1
1
1
1
1
110
1
1
1
1
1
1
1
1
1
254
1
1
1
1
1
1
1
1
3
1
1
1
1
1
1
2
2
1
1
1
2
2
1
1
28
9
2
1
3
1
1
1
1
1
1
1
2
11
1
84
2
1
2
1
1
1
2
1471
1
1
1
80
2
161
277
1
1
1
2
1
1
1
2
1
1
1
1
7
1
1
1
1
1
2
1
1
1
1
1
1
2
1
1
1
1
1
1
1
1
1
2
1
1
1
1
1
1
1
1
3
2
1
1
2
2
1
29
1
1
1
687
1
2
1
1
1
123
1
1
1
2
3
2
138
1
1
1
1
1
1
1
1
1
1
1
2
1
1
1
1
1
1
2
4
1
1
1
1
1
1
1
1
10
1
1
7
2
1
1
1
2
1
1
1
2
1
6
2
88
2
1
1
6
2
1
2
4
1
5
1
1
7
1
1
1
1
6
1
1
1
3
2
2
1
1
2
1
1
1
1
1
1
1
237
541
2
2
2
1
1
3
3
1775
2
1
1
1
1
1
1
1
1
2
67
1
1
6
1
1
3
1
1
134
3
8
1
208
1
1
2
1
1
1
1
2
1
386
1
1
2
4
2
1
2
1
1
1
1
1
1
1
1
4
1
1
1
2
3
1
1
1
1
2
1
1
1
14
2
1
1
1
1
9
1
1
1
1
1
1
1
3
464
3
6
1
1
1
1
1
1
1
1
1
1
1
1
2
1
1
1
1
1
2
1
1
1
3
3
1
1
2
22
2
1
1
1
1
1
110
1
1
1
2
1
1
1
4
5
3
1
2
1
1
1
1
1
1
357
1
1
1
1
1
4
1
1
1
3
1
1
1
2
4
1
1
27
1
1
1
1
1
2
1
1
2
2
1
1
1
1
1
1
1
1
1
1
51
1
1
1
2
1
1
1
8
17
1
1
1
2
1
1
1
1
5
1
1
1
3
1
1
1
1
2
2
1
1
2
1
2
6
1
1
1
1
1
1
2
4
1
2
2
1
1
3
1
1
1
1
6
1
1
1
2
3
1
1
1
1
1
1
7
1
253
1
1
1
1
1
1
1
1
1
1
1
5
2
1
1
1
1
1
1
1
1
1
1
4
1
1
2
2
1
2
1
1
1
1
1
1
1
1
2
218
2
4
1
2
1
1
2
1
1
14
3
1
1
10
1
151
3
1
1
1
1
2
16
1
14
1
1
2
1
1
1
2
1
9
1
3
1
3
1
1
1
3
3
1
12033
1
1
2
1
1
10
1
1
1
2
1
1
1
950
1
1
1
1
1
1
2
2
2
10
1
1
1
1
1
1
1
1
1
1
2
1
1
2
1
1
1
2
1
1
59
1
1
1
1
1
1
1
2
1
1
6
27
1
1
1
22
1
1
1
1
1
2
1
1
1
1
1
1
1
1
1
2
1
1
1
1
1
2
3
1
1
1
1
1
1
2
1
2
1
1
1
1
1
256
2
1
1
1
1
1
1
4
1
7
2
1
1
1
1
5
1
1
1
4
1
1
1
1
1
1
1
1
1
1
1
1
1
1
1
1
1
1
78
2
1
1
1
1
1
1
1
1
1
2
1
1
10
1
1
1
1
3
1
2
1
1
1
1
1
3
1
2
107
1
1
2
1
2
1
1
2
1
1
1
1
1
1
16
1
56
1
1
1
1
1
1
1
3
1
1
1
2
1
3
6990
1
2
1
2
1
1
1
3
1
2
2
1
1
2
1
1
1
1
1
47
1
4
2
1
67
1
1
1
1
1
1
1
1
1
240
1
1
1
1
3
3
1
1
1
2
3
1
1
1
1
1
1
52
328
1
1
2
1
2
2
1
1
1
1
1
1
1
155
1
1
1
2
1
1
1
1
2162
1
1
1
1
1
27
54
2
1
2
25
1
227
1
1
2
3
1
57
1
1
1
1
2
132
1
1
1
1
2
2
1
1
23
1
2
1
1
1
1
10
1
4
1
1
1
1
1
1
1
1
1
2
1
1
2
1
3
1
1
1
1
2
1
4
1
1
1
1
7
1
1
2
1
1
2
1
1
12
1
1
1
1
1
1
2
1
1
1
1
1
1
3
3
4
1
1
1
1
1
2
1
7
1
1
1
1
1
2
337
1
6
3
2
1
2
1
1
1
1
1
17
208
1
2
2
1
1
1
1
1
1
1
1
1
1
1011
1
1
2
1
1
4
1
1
1
14
1
3
2
1
5
1
1
1
1
1
1
2
1
1
2
1
1
1
1
1
1
1
1
1
2
1
1
1
1
4
2
1
75
1
1
2
1
2
1
1
1
1
1
1
1
3
2
1
1
1
1
1
1
1
1
1
1
25
3
1
2
1
1053
1
1
1
1
3
1
2
1
2
2
1
1
1
3
2
1
1
1
1
1
1
1
2
3
300
3
1
1
110
1
1
2
1
2
5
1
1
1
1
1
1
426
1
1
1
1
1
1
1
2
1
1
1
1
10
1
2
1
54
1
1
2
1
1
1
1
3
1
1
1
1
1
3
10
1
1
1
1
1
2
2
2
1
2
2
5
1
1
3
1
1
9
2
1
46
3
1
1
1
1
1
1
2
1
156
1
1
1
1
2
2
1
1
1
1
1
1
49
1
1
1
1
1
1
1
1
8
1
2
1
3
2
1
1
39
2
12
1
2
1
1
1
1
1
1
1
1
1
1
1
4
1
1
1
1
6
1
1
1
1
11
1
1
26
17
72
3
1
1
1
1
1
2
1
1
1
1
1
1
1
1
1
1
1
1
1
1
1
3
1
2
3
1
1
1
1
1
1
1
1
1
2
1
2
1
1
1
2
1
1
1
1
1
2
1
1
1
2
33
1
2
2
1
1
2
1
1
1
1
2
1
3
1
84
800
1
1
2
1
1
2
1
1
1
1
1
1
1
1
1
1
1
101
1
1
2
1
3
2
1
1
1
1
1
1
1
1
1
1
1
1
333
2
1
43
1
2
1
58
1
1
1
1
1
1
1
1
1
2
1
2
1
3
1
1
3
1
1
1
1
1
2
1
1
216
1
1
1
1
1
1
1
26
2
21
1
1
1
26
2
1
1
3
1
16
1
1
1
1
3
3
1
2
2
1
1
1
2
1
1
1
2
3
1
1
1
2
2
41
1
1
1
1
1
1
2
1
1
1
2
1
1
1
1
1
1
3
2
3
1
1
168
1
1
1
3
2
4
1
1
1
1
1
1
1
4
1
1
1
1
1
1
1
1
1
1
1
18
1
1
1
1
1
1
1
1
2
1
1
1
1
2732
1
1
1
2
1
1
2
19
1
1
2
1
1
1
1
117
1
3
2
3
3
3
1
1
1
1
1
1
1
2
1
1
1
1
1
1
1
1
1
1
1
2
1
1
1
1
1
1
1
29
1
2
3
1
1
1
1
1
2
1
1
1
1
1
1
1
1
2
1
1
1
1
1
1
1
1
741
2
1
1
2
1
1
1
1
1
2
1
1
2
1
2
2
1
1
1
1
1
2
1
1
1
1
1
1
1
1
31
1
1
1
1
1
6
1
1
1
1
1
1
2
44
1
2
1
1
1
1
1
1
1
202
1
1
1
2
1
1
1
1
1
1
1
1
69
10
1
8
1
1
1
1
1
119
1
2
1
1
1
1
1
1
1
6
1
1
1
1
1
1
1
126
1
2
1
1
1
2
1
30
1
1
2
1
1
1
1
1
1
1
1
1
1
1
1
1
51
1
1
1
1
1
1
1
3
1
1
1
1
1
2
30
1
3
11
2
1
1
1
1
1
1
1
2
2
2
1
1
1
278
1
3
1
1
1
1
1
5
1
1
1
1
1
1
1
1
2
1
1
1
2
1
2
1
1
1
1
2
110
1
37
1
1
1
1
1
53
1
1
1
1
1
1
419
3
1
1
1
1
1
3
1
1
1
1
3
1
1
2
4
1
2
1
3
1
1
1
1
1
2
1
1
1
1
1
1
1
1
1
1
1
1
10
1
1
1
1
1
1
1
1
1
1
1
1
1
1
1
1
1
3
1
1
470
2
1
1
1
2
1
1
1
1
1
253
1
1
1
1
1
1
1
1
1
1
1
1
1
83
2
1
1
1
1
2
1
24
1
76
1
1
1
1
2
118
1
2
1
1
1
1
1
1
1
1
1
2006
49
20
1
1
1
1
2
1
37
1
1
1
1
1
1
2
1
1
1
3
1
1
2
1
1
1
1
1
1
1
1
1
1
1
54
1
2
15
1
1
1
2
1
2
3
1
1
1
1
445
1
2
2
1
4
1
22
2
1
14
1
1
1
1
1
1
4
1
1
2
830
1
2
1
1
1
1
1
1
1
1
1
83
1
1
1
1
1
302
1
318
2
1
1
1
1
1
262
1
1
1
1
3
1
1
1
1
1
1
1
1
3
3
1
1
1
1
1
1
1
1
1
1
557
2
1
2
1
11
1
2
1
1
185
2
1
1
1
1
1
1
1
1
1
1
1
1
83
1
2
1
1
1
1
3
1
1
2
1
1
1
1
1
216
1
1
2
63
34
1
4
1
1
1
6
1
1
1
2
1
1
1
1
1
1
1
1
1
1
11
1
1
1745
1
1
1
1
1
2
1
1
2
1
1
1
1
1
1
1
1816
1
1
1
1
1
2
30
1
1
1
2
1
1
1
1
1974
2
1
1
1
1
1
2
1
1
1
1
134
1
2
1
1
1
1
1
13
1
1
1374
1
1
1
1
72
1
2
4
1
1
1
1
1
1
1
1
2
1
1
1
1
1
1
1
1
1
1
1
1
41
1
1
1
4
1
1
1
2
1
1
1
105
3
1
2
1
1
1
1
1
1
1
1
5
1
1
1
1
2
1
1
2
1
1
1
47
1
1
1
1
1
1
1
1
1
1
1
1
1
1
1
1
1
2
2
1
1
1
1
1
1
1
1
1
1
1
1
1
1
2
2
1
1
1
1
1
1
2
2
1
1
1
1
1
1
1
1
1
1
1
1
1
1
1
2
1
1
1
32
2
1
1
1
1
1
1
1
1
1
1
1
1
1
2
2
8
1
2
1
2
1
2
155
1
1
1
2
1
1
1
1
1
1
1
1
1
2
1
1
1
102
1
1
1
1
1678
1
1
2
1
1
1
2
1
1
1
1
1
1
1
1
5
3
1
1
1
1
1
1
1
1
2
1
1
1
1
2
1
1
1
1
2
1
1
1
1
2
1
1
1
1
1
3
1
2
1
2
2
1
1
1
1
1
1
12
4
6
1
1
1
1
1
1
1
132
1
1
2
10
1
1
1
1
1
2
1
1
1
1
1
1
1
1
1
1
2
1
52
1
2
1
1
1
1
3
1
1
3
2
1
1
1
2
2
4
1
226
1
1
1
1
1
1
103
1
1
3
1
2
2
1
1
1
1
1
1
1
1
1
3
1
2
1
14
1
1
1
1
290
1
1
1
5
986
2
1
1
2
1
1
1
1
1
1
1
1
1
1
1
1
1
1
1
1
1
1
1
1
1
1
1
1
1
1
1
1
1
1
1
2
1
1
1
11
2
1
82
2
1
1
1
1
1
1
1
1
1
1
1
1
2
1
1
1
344
1
1
1
1
1
2
1
1
2
1
9
1
1
1
1
1
1
1
1
1
1
1
1
1
1
1
1
1
1
1
1
5
1
2
1
7
82
1
1
1
3
1
1
1
1
1
1
1
1
1
1
1
1
1
1
1
1
1
69
1
1
1
1
1
1
1
1
1
1
3
2
1
2
1
1
115
1
1
1
1
1
1
1
1
1
1
1
1
1
2
1
1
14
1
1
1
1
1
1
1
1
1
2
1
1
2
1
1
1
1
1
1
1
1
1
14
2
1
1
1
1
1
1
1
17
1
1
1
1
1
1
1
1
1
1
2
1
3
1
1
10
1
1
1
1
1
1
1
1
1
1
1
1
1
1
1
2
2
1
1
320
1
1
1
1
1
1
1
1
1
1
1
61
1
1
1
1
4
1
1
1
1
4
1
1
1
1
1
1
2
1
1
2
24
1
1
1
3
1
1
1
2
2
3
1
2
1
1
1
1
2
1
1
1
1
1
1
1
1
1
1
209
1
1
1
4
1
2
1
815
1
1
22
2
1
1
1
1
1
1
1
1
1
1
1
1
1
1
1
1
1
1
1
1
1
1
2
1
2
1
1
1
1
1
2
1
1
1
1
1
1
57
2
1
1
1
1
172
1
1
3
1
1
1
1
2
1
1
1
1
1
2
1
1
1
1
1
1
1
2
1
2
1
3
2
1
1
1
1
2
1
1
1
1
1
1
2
1
1
1
1
1
1
1
2
1
1
1
2
1
1
1
1
3
1
1
1
1
1
1
1
1
2
1
1
2
1
1
1
1
1
1
2
1
1
1
1
1
2
1
1
1
3
1
1
1
1
129
1
1
535
2
1
1
1
1
55
1
1
1
1
23
1
2
1
1
59
1
1
1
1
1
1
98
1
1
1
1
1
2
3
1
1
2
1
1
1
1
1
1
1
1
1
1
1
1
1
1
1
405
1
1
69
3
1
32
1
1
1
1
1
1
1
1
1
2
1
2
5
1
1
2
1
1
1
76
2
1
1
1
1
13
1
1
395
1
1
1
1
1
1
1
2
1
1
1
1
1
2
1
1
1
1
1
1
1
71
1
1
1
1
2
1
1
1
1
1
1
1
1
1
55
1
1
1
2
1
1
1
1
1
348
1
1
1
1
1
2
1
1
1
1
1
1
1
1
9
4
2
1
302
1
1
1
1
1
1
1
1
1
1
1
1
9
1
1
1
1
1
1
1
1
1
1
1
1
1
179
1
1
18
1
1
1
1
1
1
1
1
1
3
1
1
563
1
27
1
1
1
2
1
1
1
1
1
1
1
1
1
2
1
1
1
1
1
1
1
1
1
1
1
1
2
1
1
49
1
1
1
2
1
1
1
1
1
1
1
1
1
1
1
2
1
2
1
1
4
2
1
1
1
1
1
1
1
1
1
1
2
1
1
1
1
2
1
1
1
1
1
1
2
1
1
1
1
1
1
1
1
1
1
1
2
1
4
1
1
1
1
1
1
1
1
1
3
1
1
4
2
2
1
1
1
1
1
1
2
11549
1
1
1
1
1
1
1
1
1
1
1
1
1
1
3
1
1
1
1
1
3
1
1
1
1
1
1
348
1
1
1
5
1
1
1
1
1
1
1
1
1
2
1
1
1548
4
1
1
76
1
1
1
7
2
1
1
213
1
1
1
2
1
2
1
1
1
1
1
1
1
2
1
1
1
1
1
1
64
1
2
1
1
2
1
1
1
2
1
1
790
1
1
1
1
1
1
1
1
2
1
1
1
2
1
1
2
1
1
1
1
1
1
1
1
1
1
2
1
1
1
2
1
1
1
1
460
27
1
1
1
1
1
1
26
1
1
1
1
1
1
1
1
1
1
1
1
185
1
1
1
1
1
1
2
1
1
1
1
1
127
1
1
14
1
1
7
1
1
1
1
1
1
1
40
1
36
1
1
1
1
1
1
1
1
1
1
1
1
1
1
1
3
1
1
2
1
1
1
3
1
3
1
1
95
71
1
1
1
1
1
1
1
1
1
1
2
1
1
8
9
1
1
1
1
1
1
1
1
1
1
1
1
1
1
1
1
1
1
1
1
1
1
1
1
66
1
1
1
1
1
230
1
1
1
1
1
1
1
2
1
1
1
2
1
2
3
4
1
1
1
1
1
1
1
1
2
1
1
1
1
1
1
1
1
1
1
2
2
1
1
1
1
1
1
1
1
2
1
2
1
1
1
1
1
1
1
1
1
2
1
14
1
1
1
1
1
1
3
1
1
1
1
1
2
1
1
1
1
2
1
1
1
1
1
1
1
1
1
1
1
1
1
1
1
1
2
1
1
1
1
1
1
1
1
1
1
1
1
1
1
9
1
1
1
1
1
1
1
1
1
1
1
1
1
1
1
1
1
1
1
1
1
1
2
1
1
1
1
1
1
1
1
1
1
1
1
1
2
1
1
1
1
1
1
1
2
1
1
1
1
3
1
1
53
1
1
2
1
1
1
1
2
1
1
1
1
1
1
1
1
2
1
1
1
1
1
1
1
1
1
1
1
1
1
2
1
7
1
1
1
2
93
1
1
1
1
1
2
1
2
1
1
1
1
1
14
1
1
1
2
1
1
1
1
1
1
108
1
2
1
1
1
1
1
1
1
1
1
1
1
1
1
1
1
1
1
1
1
1
1
1
1
3
1
1
1
1
1
1
1
6
2
1
1
5
5
1
1
216
1
1
1
1
1
1
1
1
1
1
2
3
1
1
1
1
1
1
1
1
1
14
1
1
1
1
21
1
1
1
1
1
1
1
1
1
1
1
1
1
2
1
1
1
1
1
2
1
1
1
1
1
1
1
1
1
1
1
1
1
1
116
1
1
1
1
11
1
1
1
1
1
1
2
5
1
2
1
1
1
1
1
1
1
1
1
1
1
1
5
1
2
1
1
1
1
1
1
1
1
2
1
1
1
1
1
1
1
29
1
1
1
1
2
9
1
1
1
1
3
1
1
1
1
2
1
1
1
1
1
1
1
77
1
2
1
1
1
47
1
1
1
1
1
1
1
1
1
1
1
1
99
1
2
1
3
1
1
1
88
1
3
1
1
1
1
1
6
1
1
1
1
1
1
1
1
1
1
1
1
1
1
1
1
1
1
1
1
1
2
1
1
1
2
1
1
1
1
1
1
1
1
1
1
1
1
1
1
1
1
1
1
2
1
1
1
1
1
1
1
1
1
1
3
1
1
1
1
1
2
1
1
2
1
1
1
1
1
1
1
1
1
1
1
1
80
1
6
1
1
1
1
1
1
1
246
1381
1
1
1
3
1
1
1
1
1
1
1
1
1
1
1
1
2
1
2
3
1
1
1
1
1
1
3
1
1
1
1
1
105
1
1
1
1
1
1
1
1
1
1
1
1
1
1
1
1
1
1
1
1
1
1
1
1
1
1
1
1
1
1
1
1
1
1
1
1
1
1
1
1
1
2
2
40
90
1
2
1
1
37
1
2
1
1
1
1
1
373
2
1
1
1
1
1
1
1
2
1
1
2
1
3
1
1
1
40
1
2
1
1
1
1
1
5
1
1
1
1
1
1
1
1
1
1
1
1
1
1
1
58
1
1
1
1
1
1
1
1
23
1
1
1
1
1
1
1
1
1
1
1
1
2
1
1
1
1
1
1
1
1
1
1
2
1
1
1
58
1
1
1
3
1
1
1
34
1
1
2
1
1
1
1
1
1
2
2
10
1
1
1
1
1
1
14
1
1
1
1
1
1
1
1
1
1
1
1
1
1
1
1
1
1
1
1
1
2
1
1
1
1
1
1
1
1
1
1
1
1
1
1
1
1
1
1
1
1
1
1
1
1
1
1
1
1
1
1
1
1
1
1
1
2
1
1
1
1
1
1
1
1
1
1
42
1
1
1
1
1
1
1
1
1
1
1
19
1
1
1
1
1
1
1
1
1
1
1
1
206
1
1
1
1
1
1
1
1
1336
1
1
1
1
1
4
1
1
1
1
1
1
1
1
1
1
1
2
1
1
1
1
2804
1
1
1
1
1
1
1
1
2
1
1
1
1
2
1
1
1
1
1
1
1
1
1
1
2
1
1
1
1606
1
1
1
1
44
1
1
1
5
1
1
2
17
1
1
1
1
1
1
1
1
6
1
1
2
1
1
6
1
1
1
1
1
1
1
1
1
1
1
32
1
1
1
1
1
1
1
10
1
1
1
1
1
1
17
1
1
1
2
1
1
1
1
1
1
1
1
1
1
1
1
1
1
1
1
1
1
1
1
1
2
1
1
1
2
1
1
7
1
1
1
1
1
1
1
1
1
1
1
1
1
1
1
1
1
1
1
123
1
1
1
2
8
1
1
1
10
1
332
1
1
1
1
1
10
1
1
1
1
1
1
1
1
1
1
5
1
1
1
1
1
1
1
1
230
1
1
426
1
1
1
1
1
1
1
1
1
1
1
1
2
1
1
1
1
1
1
1
1
1
1
1
96
1
91
1
1
1
1
1
1
105
1
2
1
1
1
1
1
1
15
1
1
1
1
1
1
1
1
1
1
1
1
1
1
47
1
1
1
1
1
1
1
1
1
1
1
1
1
1
1
4
2
1
1
2
1
94
1
1
1
1
1
2
1
1
1
1
1
1
3
1
2
1
7
1
1
1
1
1
1
2
1
1
326
1
1
1
1
1
1
1
27
1
1
1
60
32
1
1
1
1
1
1
1
1
1
1
1
1
1
18
84
1
1
1
1
1
1
1
2
1
1
1
1
2
1
1
1
1
1
1
1
1
1
1
1
1
1
1
1
1
1
1
1
1
1
1
1
1
8
1
1
1
1
3
1
1
1
1
1
2
1
2
1
1
1
1
6466
5
1
1
1
68
1
2
1
1
15
1
1
1
1
1
1
9
1
1
12
1
1
1
1
1
1
1
1
1
1
1
1
3
29
1
1
3
1
1
1
1
1
1
1
1
1
1
1
2
1
1
1
1
1
1
1
1
1
1
1
2
1
1
1
1
33
1
1
1
1
1
7
1
1
1
1
1
1
1
1
1
1
1
1
1
1
1
2
2
37
1
1
23
1
1
1
1
1
1
1
121
1
1
1
1
1
1
1
2
133
1
1
1
13
1
1
1
1
2
1
1
1
1
1
36
1
1
3
1
44
1
1
1
1
1
28
1
1
1
1
1
1
1
1
1
1
1
1
1
1
2
1
16
1
1
1
1
1
1
1
1
2
1
1
7
1
10
1
4
1
1
1
1
1
1
1
1
1
1
1
1
1
1
1
1
1
1
1
1
2
1
1
1
1
1
1
1
1
1
1
1
1
1
1
1
1
1
22
73
1
1
1
1
1
1
1
1
12
1
1
1
1
1
627
1
1
1
1
1
1
1
122
1
1
248
1
1
1
1
2
1
1
48
1
1
2
1
1
1
1
1
1
43
1
1
1
1
1
1
1
1
1
1
1
1
1
1
1
1
1
1
1
1
1
1
1
1
1
1
1
1
1
1
1
1
1
1
1
1
1
1
1
1
1
1
1
1
1
1
1
1
1
1
1
1
1
1
1
1
1
1
1
1
1
1
1
1
1
1
1
1
1
1
1
1
1
1
1
1
1
1
1
1
1
1
1
1
1
1
483
2
1
1
1
1
1
1
1
1
2
4
2
1
1
1
1
1
1
1
16
1
1
1
1
1
1
1
1
1
1
1
1
1
78
1
1
1
69
1
19
1
1
1
1
1
1
1
1
2
1
1
1
37
1
1
1
1
1
1
1
284
1
1
1
2
1
1
1
148
1
1
123
1
1
1
1
1
1
1
1
1
1
2
1
1
38
2
1
7
1
1
1
1
1
1
1
3
2
1
1
1
2
1
1
1
1
1
1
1
1
1
1
1
1
470
1
1
1
1
1
1
47
1
1
1
4
1
56
1
1
1
23
1
1
1
1
1
1
1
1
1
1
1
1
14
1
1
1
1
1
1
1
1
1
1
1
1
1
1
1
1
1
1
1
1
1
1
1
1
1
10
1
1
1
1
1
1
1
1
3
185
1
1
102
1
1
1
1
1
15
2
1
1
1
1
1
1
1
14
1
1
2
1
1
1
1
1
1
1
3
1
1
1
1
1
1
1
1
1
2
1
1
1
3
1
1
1
1
1
1
1
1
1
1
42
1
4381
1
1
1
1
1
1
1
1
1
1
1
1
1
1
1
1
1
1
5
1
1
1
1
2
1
1
7
1
1
2
1
177
1
1
1
1
1
1
1
1
31
1
2
1
1
1
1
1
1
15
1
1
1
1
1
1
4
1
1
1
1
1
1
6
1
1
1
1
1
1
1
5
1
1
1
1
1
1
1
1
1
1
1
1
88
1
1
1
1
1
1
1
1
115
1
1
1
1
1
1
1
1
1
2218
10
1
1
1
1
1
1
1
1
1
1
1
1
1
1
1
3
1
1
1
1
1
1
2
1
1
1
1
1
1
1
1
43
1
1
1
1
1
1
1
1
1
1
1
1
1
1
1
1
1
1
1
1
1
1
1
1
1
1
1
1
1
1
1
1
1
1
2
1
1
1
1
1
1
1
1
1
1
1
1
1
1
66
1
3
1
1
1
1
1
32
1
1
1
1
1
1
1
1
1
1676
1
146
50
1
2
1
1
1
1
1
1
16
3
66
1
1
13
1
1
1
2
14
1
1
1
1
1
1
1
1
1
1
1
1
1
1
1
1
1
1
1
1
1
1
1
1
1
1
1
1
2
29
1
1
1
1
1
1
1
1
1
1
1
1
1
1
158
1
1
1
1
1
1
2
1
1
1
1
1
1
1
1
1
5
1
1
1
1
1
1
1
1
1770
33
1
1
1
1
1540
1
1
1
1
1
1
1
1
1
1
1
1
1
1
28
1
1
1
1
1
1
130
1
15
1
1
1
1
1
1
1
1
1
1
1
1
1
278
152
1
1
1
1
1
2
1
114
1
1
1
22
1
156
1
1
1
1
1
1
1
1
1
1
1
1
1
1
1
1
1
1
1
1
1
1
1
1
1
1
1
1
1
1
1
1
51
1
1
1
1
1
419
1
1
1
1
1
1
1
7
1
1
1
1
1
118
1
1
1
2
1
1
1
1
1
1
1
1
1
1
1
1
1
1
1
1
1
1
1
1
1
5
1
1
1
1
104
1
1
1
1
1
10
20
8
1
1
1
12
2
2
1
18
10
13
2
1
14
6
6
16
6
3
1
2
1
1
1
3
1
14
18
1
3
11
1
2
15
1
1
7
2
109
1
1
14
10
123
31
12
1
1
1
3
1
2
1
3
1
10
1
3
1
4
2
1
13
1
12
1
1
1
11
1
1
1
2
2
1
3
11
45
20
1
2
22
1
27
4
1
1
15
1
1
1
2
2
1
214
1
1
187
1
2
8
2
1
1
31
1
4
14
5
119
160
1
2
1
7
1
2
2
13
3
2
3
2
1
1
1
1
2
1
1
1
2
3
1
1
4
1
1
2
2
5
110
273
1
1
1
29
4
1
2
2
116
175
1
1
35
23
1
1
2
20
2
2
2
1
1
1
1
2
1
1
1
220
184
1
1
2
2
1
1
1
1
1
3
2
3
1
2
1
2
2
45
136
2
1
1
2
1
1
1
89
141
2
1
1
1
1
3
1
1
1
9
1
1
1
1
2
1
40
2
104
32
1
1
1
1
1
4
2
1
2
25
1
1
2
1
2
1
1
2
1
1
33
1
1
1
1
2
2
1
1
1
1
3
1
1
1
2
405
2
1
1
3
2
1
1
69
1
1
1
1
1
1
1
2
1
1
17
1
2
1
1
1
1
3
1
4
1
118
2
1
1
53
1
1
1
1
1
1
1
1
1
24
1
1
32
1
1
1
1
33
1
3
1
1
3
263
1
1
2
1
1
1
2
4
1
1
1
2
2
1
1
2
1
1
1
1
34
1
1
88
1
1
1
1
1
1
1
29
1
1
1
1
2
2
1
1
1
1
1
1
1
1
5
20
1
1
1
1
3
1
2521
1
158
417
1
1
1
1
1
1
1
92
1
1
22
1
2
1
1
1
1
1
3
1
1
1
1
18
1
36
1
1
1
1
1
404
13
1
4
27
1
1
71
6
4
1
45
1
3
6
4
2
7
1
1
1
2
4
1
48
1
1
7
2
1
36
7
1
9
3
1
2
1
1
33
1
1
1
47
1
74
6
2
1
1
9
1
5
1
1
1
1
1
8
1
1
1
1
1
1
2
3
1
1
1
1
30
9
8
1
1
1
1
1
1
2
1
1
1
9
1
1
25
2
1
1
1
1
3
2
1
1
5
1
21
40
6
4
1
2
3
1
1
1
1
1
1
1
34
2
1
3
1
1
1
1
3
1
6
1
1
2
4
1
2
1
1
1
1
1
2
1
1
1
3
1
14
1
1
1
2
1
2
1
4
1
1
1
101
20
9
1
1
1
2
1
1
1
1
2
1
1
1
1
1
1
1
1
2
1
13
2
1
1
3
1
3
1
1
1
1
1
1
1
1
4
7
37
7
1
1
1
4
1
1
1
1
1
41
1
2
1
1
2
1
14
1
1
11
47
1
11
1
1
1
3
9
1
1
1
2
3
2
1
12
1
1
1
5
1
1
1
1
1
1
1
1
1
4
1
1
1
2
1
1
1
2
2
1
10
2
1
1
1
1
1
1
1
2
2
2
101
1
1
1
1
1
1
1
1
1
1
1
1
1
2
1
1
2
1
1
4
1
3
5
2
2
1
1
1
1
2
1
6
7
3
1
1
1
1
4
1
2
1
2
2
1
1
1
1
1
1
1
1
1
1
1
9
2
1
3
1
1
1
1
3
1
1
1
2
1
2
1
4
1
1
1
1
1
1
2
1
1
2
34
1
1
1
1
1
1
1
3
1
1
3
1
1
2
1
1
1
1
1
1
2
1
2
5
2
1
6
4
1
2
1
1
3
1
1
1
1
1
1
1
6
1
1
1
10
1
1
1
1
1
1
1
1
1
4
4
1
1
1
1
1
1
1
1
1
1
1
1
1
1
1
9
1
1
6
1
2
1008
1
6
1
1
1
2
1
2
1
1
1
1
1
1
1
136
1
1
2
1
1
1
4
2
1
1
1
1
1
1
1
1
1
1
1
1
1
1
1
1
1
1
1
1
1
1
1
1
1
1
1
1
5
1
2
1
1
2
1
1
1
1
1
1
1
1
1
1
1
1
1
1
1
1
1
1
1
1
2
1
1
1
1
1
1
1
1
1
4
1
1
1
1
1
1
1
1
1
1
1
1
5
1
1
6
1
1
1
1
1
1
1
2
78
7
1
1
1
1
2
1
4
2
1
3
1
1
1
1
1
1
3
1
1
2
1
1
1
1
1
2
1
2
1
1
1
1
1
1
1
2
1
1
1
1
2
3
1
2
1
1
1
1
14
1
1
1
1
1
1
1
1
1
1
1
1
1
1
1
1
1
2
1
1
11
1
10
1
1
1
1
1
2
1
1
2
1
1
1
1
1
1
1
1
2
1
2
1
3
1
2
1
2
1
1
1
1
1
2
1
1
1
10
1
7
5
1
1
1
1
1
1
1
1
1
1
1
1
1
1
1
1
1
2
1
1
1
1
1
2
1
1
1
1
1
1
1
1
1
1
1
1
1
1
27
1
1
1
1
1
1
3
1
1
2
1
1
3
2
1
1
2
1
1
1
2
1
2
1
1
139
1
1
1
6
1
1
1
1
1
9
1
1
1
1
1
1
1
628
1
1
1
1
1
1
2
1
1
2
1
1
352
1
2
1
1
1
1
2
1
2
1
1
1
20
1
1
1
1
2
1
1
1
1
1
1
1
1
2
1
1
1
1
2
6
1
1
1
1
1
1
1
1
1
2
1
1
1
1
1
1
1
1
1
2
1
1
1
2
1
1
1
1
6
1
1
1
1
1
2
1
1
1
1
1
2
4
1
1
1
1
131
1
1
2
1
1
1
1
1
1
1
1
1
1
1
1
4
1
1
1
1
1
3
1
2
1
2
1
2
1
2
4
1
1
1
1
2
4
1
1
2
1
1
1
1
1
2
1
1
1
1
1
3
1
1
1
2
1
1
1
1
1
1
1
1
1
1
1
1
2
1
1
1
1
1
1
1
1
2
2
1
1
1
2
1
3
1
1
1
2
1
2
2
6
7
1
1
1
1
1
2
1
1
1
1
1
1
1
2
1
1
1
1
1
1
1
1
7
1
1
1
1
2
1
1
1
4
1
1
1
1
2
1
1
1
1
1
1
1
1
1
1
3
4
1
2
1
1
1
1
1
1
1
1
1
1
1
1
3
1
1
1
1
1
1
1
1
1
1
1
1
2
10
2
1
1
1
1
1
1
1
1
1
3
1
1
1
1
1
1
1
8
1
1
2
1
1
1
1
2
1
1
2
1
1
1
1
3
6
3
1
1
1
5
1
1
1
1
307
3
3
1
1
1
1
1
1
1
1
2
1
2
1
1
1
1
2
1
1
1
1
1
1
3
1
1
1
1
1
1
4
1
2
1
1
1
1
1
1
1
1
1
1
1
1
1
1
1
1
1
1
1
1
1
1
1
1
1
1
1
1
1
2
1
1
1
1
1
1
1
1
1
2
1
2
1
1
1
1
1
1
1
1
1
3
1
1
1
1
1
1
1
1
1
1
1
1
1
1
1
1
1
1
1
1
2
1
1
1
1
1
1
1
1
1
1
613
1
1
1
2
1
1
1
1
51
1
1
1
1
1
1
1
3
1
1
1
1
1
1
1
1
1
2
4
1
31
1
15
1
1
2
2
1
1
2
1
4
1
1
2
1
1
1
1
426
1
1
1
1
68
1
2
1
1
1
1
1
1
1
1
1
1
1
2
1
1
1
1
1
2
1
1
3
1
1
1
1
1
2
1
2
1
1
1
1
1
1
1
1
1
1
2
1
1
1
1
1
1
1
1
1
1
2
1
1
1
1
1
1
1
1
13
1
1
2
2
1
4
69
1
1
1
1
1
1
2
1
1
1
1
1
1
1
1
1
1
1
1
1
2
1
1
1
1
1
1
3
2
1
1
1
1
1
1
1
1
1
3
2
1
1
1
1
1
1
3
1
1
1
1
1
1
2
1
1
1
2
1
1
1
312
1
1
1
1
1
2
1
1
3
2
1
1
1
1
1
1
2
2
1
1
1
1
1
1
1
1
1
1
1
2
2
1
1
1
1
1
1
1
1
1
1
1
2
1
1
1
1
1
1
1
1
1
2
1
1
2
1
1
1
1
1
1
2
1
1
2
1
1
1
1
1
3
1
3
1
1
1
1
1
2
1
1
1
1
2
1
1
1
1
1
1
1
1
1
1
2
1
2
1
1
1
1
1
1
1
1
1
1
1
1
1
1
1
2
1
5
2
1
1
1
1
1
1
1
1
1
1
1
1
1
1
1
1
1
1
2
7
1
1
1
1
1
1
1
1
1
1
1
1
1
1
1
1
1
1
1
1
1
1
1
8
2
1
1
1
1
177
1
1
1
1
2
1
1
1
3
1
3
1
5
1
35
1
1
1
1
1
201
7
1
1
1
4
2
1
1
4
1
1
1
1
1
1
1
1
1
1
1
1
1
1
5
1
1
1
2
1
1
1
1
1
2
1
1
1
1
1
1
1
3
1
3
1
1
1
1
1
1
1
1
1
1
1
1
1
1
1
1
1
1
1
1
1
1
5
1
1
1
1
1
1
6
1
1
1
1
1
3
1
1
1
1
1
1
1
1
1
1
1
1
1
3
1
1
2
1
1
1
1
1
1
1
1
2
1
2
2
2
1
1
1
1
1
1
1
1
1
2
2
1
1
1
1
1
1
2
1
1
1
1
1
1
2
1
1
1
1
1
1
1
1
2
1
1
1
1
1
1
1
1
1
1
2
1
1
2
1
1
1
1
1
1
1
1
1
1
1
2
1
1
1
1
2
1
1
2
2
1
1
1
1
1
1
1
1
2
1
1
3
4
1
1
1
1
1
1
3
1
1
1
1
1
1
1
1
1
1
1
1
1
1
1
1
1
1
2
1
1
1
1
1
1
2
1
1
1
1
3
1
1
2
1
1
2
1
1
1
1
1
1
1
1
1
2
1
1
1
50
1
1
1
1
1
1
1
1
1
1
1
1
1
1
1
1
1092
1
1
1
1
1
1
2
1
1
1
1
1
1
1
2
1
2
3
3
8
1
1
1
1
1
1
1
1
1
1
1
1
1
1
1
1
1
2
1
1
2
1
1
1
1
1
1
1
1
1
1
1
1
1
1
1
1
1
2
1
1
1
1
1
1
1
1
1
2
1
1
1
1
1
1
1
1
1
1
1
1
1
1
1
1
1
1
1
1
1
1
1
1
1
1
1
1
1
1
1
2
1
1
1
226
2
1
1
2
1
1
1
1
4
1
1
1
1
1
1
1
1
1
1
1
1
1
1
1
1
1
1
1
1
1
1
1
1
1
1
1
1
1
1
1
1
1
1
1
1
1
1
7
1
1
1
1
1
86
1
2
2
1
1
1
1
2
1
1
1
1
1
1
3
1
1
1
1
1
10
1
26
1
1
1
1
1
1
1
1
1
1
1
1
1
1
1
1
1
1
1
2
1
1
1
2
1
1
1
1
1
1
1
1
1
1
2
1
1
1
27
1
1
1
1
1
1
2
1
1
1
1
1
47
1
1
1
21
1
1
1
1
1
1
1
1
1
1
19
1
1
1
1
1
1
1
1
1
1
1
25
1
1
1
1
1
1
1
1
1
1
1
1
1
1
1
1
3
1
1
1
1
1
1
1
1
1
2
1
1
1
13
3
2
1
6
1
1
1
1
1
1
1
1
1
1
1
1
1
1
1
1
1
1
1
1
1
1
1
1
1
1
1
1
1
1
1
1
1
1
10
1
1
1
1
1
1
1
1
1
1
1
2
1
1
2
1
1
2
1
1
1
1
1
1
67
1
2
1
1
1
1
1
1
1
2
1
1
1
1
1
2
1
1
1
1
1
1
1
1
3
1
1
1
1
1
1
1
1
1
1
1
1
1
1
1
2
2
2
2
1
1
1
1
1
1
1
1
1
1
1
1
1
1
1
1
2
1
1
1
1
1
1
1
1
1
1
1
23
1
1
1
1
1
1
1
1
1
1
2
1
1
1
1
3
1
1
1
1
1
1
1
1
1
1
1
1
1
1
1
1
1
1
1
1
1
1
1
1
1
1
1
1
1
1
2
2
3
1
1
1
1
1
1
1
1
1
9
1
4
1
1
1
1
1
2
1
1
1
1
1
1
1
1
1
2
2
1
1
1
2
1
1
1
1
1
1
1
1
1
1
1
1
1
1
1
1
1
1
1
20
1
1
1
1
1
1
1
1
5
1
1
1
1
1
2
1
1
1
2
1
1
1
26
2
1
1
1
5
1
127
1
1
1
1
1
1
1
1
1
690
1
1
1
2
1
1
1
1
1
1
1
1
1
1
1
1
1
1
1
1
1
1
1
1
1
1
1
1
1
1
1
1
1
1
1
1
1
1
1
1
1
2
1
1
1
1
2
1
1
1
1
1
1
1
1
1
1
1
1
1
1
1
1
1
1
1
1
1
1
1
1
2
355
1
1
1
1
1
1
1
1
1
1
1
1
1
1
1
1
1
1
1
1
1
18
1
1
1
1
1
1
6
1
1
1
1
1
1
1
1
1
1
1
2
2
1
1
2
1
1
46
1
1
1
1
2
1
1
1
1
1
16
1
1
1
1
1
1
1
2
2
2
1
1
1
1
1
1
1
128
1
2
3
2
1
1
1
1
1
3
1
1
1
1
1
1
2
1
1
1
1
1
1
1
1
1
1
1
1
1
1
1
1
4
1
1
1
1
1
1
1
1
1
1
1
1
1
1
1
1
1
1
1
2
1
1
1
2
1
1
1
1
1
1
1
1
1
1
1
2
1
1
1
1
1
1
1
2
1
1
1
1
1
1
1
1
1
4
1
1
1
5
1
128
1
1
2
1
1
1
1
1
1
1
17
1
2
1
1
1
1
1
1
1
1
1
4
1
1
1
1
1
1
1
1
2
1
1
1
1
1
1
1
1
1
1
6
1
1
1
1
1
1
1
2
1
1
1
1
2
1
1
1
1
4
1
1
1
18
111
5
26
1
1
1
16
1
1
1
2
2
1
1
1
1
1
1
1
1
1
1
1
1
1
2
3
1
1
5
2
1
1
1
1
1
1
1
1
1
1
1
1
3
1
1
1
1
1
1
1
1
1
3
1
1
2
1
1
1
1
1
1
1
1
1
1
1
1
1
1
2
1
1
4
1
1
1
1
1
1
1
1
1
1
1
96
1
1
1
2
1
1
1
2
1
11
1
1
1
1
1
2
1
1
1
1
1
2
1
16
1
1
3
1
1
20
2
1
1
1
1
1
1
1
1
2
2
3
1
1
1
1
1
1
1
1
1
1
1
1
1
1
2
1
1
1
1
1
1
1
1
1
2
1
1
1
1
1
1
1
1
1
1
1
1
1
1
1
1
2
1
241
1
1
1
1
1
1
1
1
1
2
1
1
1
2
2
1
3
1
2
1
1
1
1
1
1
2
2
2
1
1
1
9
1
2
1
2
1
1
1
1
1
1
1
1
1
1
3
1
2
1
1
1
1
8
14
1
29
2
5
29
2
2
2
2
3
1
1
1
137
1
2
1
1
1
1
1
1
18
1
1
2
2
2
2
2
1
457
1
1
1
24
1
1
1
7
1
22
2
5
3
1
3
1
1
2
1
1
1
1
2
54
1
2
1
1
1
1
1
1
1
1
1
1
1
1
2
1
1
1
3
1
1
1
1
1
1
1
1
1
11
1
1
1
1
1
1
1
1
2
1
169
1
1
1
1
1
1
1
1
1
4
1
1
1
1
1
1
1
1
1
1
1
1
1
1
5
1
1
1
1
1
2
1
1
2
2
1
1
1
1
1
2
1
1
1
1
1
1
1
1
