clusterTimeSimilarity.txt
clusterHashTagSimilarity.txt
clusterNameEntitySetSimilarity.txt

0.0 0.0 1.0 686: 0.708282
0.0 0.1 0.9 686: 0.781740
0.0 0.2 0.8 686: 0.780431
0.0 0.3 0.7 686: 0.781349
0.0 0.4 0.6 686: 0.780938
0.0 0.5 0.5 686: 0.781144
0.0 0.6 0.4 686: 0.780845
0.0 0.7 0.3 686: 0.781080
0.0 0.8 0.2 686: 0.781796
0.0 0.9 0.1 686: 0.780874
0.0 1.0 0.0 686: 0.518504
0.1 0.0 0.9 686: 0.931758
0.1 0.1 0.8 686: 0.932099
0.1 0.2 0.7 686: 0.927553
0.1 0.3 0.6 686: 0.927389
0.1 0.4 0.5 686: 0.930496
0.1 0.5 0.4 686: 0.928529
0.1 0.6 0.3 686: 0.926009
0.1 0.7 0.2 686: 0.923799
0.1 0.8 0.1 686: 0.926179
0.1 0.9 0.0 686: 0.930225
0.2 0.0 0.8 686: 0.928695
0.2 0.1 0.7 686: 0.928110
0.2 0.2 0.6 686: 0.930074
0.2 0.3 0.5 686: 0.928824
0.2 0.4 0.4 686: 0.927698
0.2 0.5 0.3 686: 0.926278
0.2 0.6 0.2 686: 0.925803
0.2 0.7 0.1 686: 0.925708
0.2 0.8 0.0 686: 0.927696
0.3 0.0 0.7 686: 0.926873
0.3 0.1 0.6 686: 0.928432
0.3 0.2 0.5 686: 0.928015
0.3 0.3 0.4 686: 0.928487
0.3 0.4 0.3 686: 0.925965
0.3 0.5 0.2 686: 0.926803
0.3 0.6 0.1 686: 0.927795
0.3 0.7 -0.0 686: 0.928642
0.4 0.0 0.6 686: 0.928455
0.4 0.1 0.5 686: 0.928037
0.4 0.2 0.4 686: 0.928430
0.4 0.3 0.3 686: 0.926182
0.4 0.4 0.2 686: 0.925664
0.4 0.5 0.1 686: 0.925698
0.4 0.6 -0.0 686: 0.929074
0.5 0.0 0.5 686: 0.926246
0.5 0.1 0.4 686: 0.927373
0.5 0.2 0.3 686: 0.925343
0.5 0.3 0.2 686: 0.926904
0.5 0.4 0.1 686: 0.925122
0.5 0.5 0.0 686: 0.925546
0.6 0.0 0.4 686: 0.928180
0.6 0.1 0.3 686: 0.926008
0.6 0.2 0.2 686: 0.926453
0.6 0.3 0.1 686: 0.926918
0.6 0.4 -0.0 686: 0.928088
0.7 0.0 0.3 686: 0.928034
0.7 0.1 0.2 686: 0.926059
0.7 0.2 0.1 686: 0.928154
0.7 0.3 -0.0 686: 0.928116
0.8 0.0 0.2 686: 0.927159
0.8 0.1 0.1 686: 0.927824
0.8 0.2 -0.0 686: 0.927010
0.9 0.0 0.1 686: 0.928041
0.9 0.1 -0.0 686: 0.928468
1.0 0.0 0.0 686: 0.927697

Max NMI:
0.1 0.1 0.8 686: 0.932099
