clusterTimeSimilarity.txt
clusterHashTagSimilarity.txt
clusterNameEntitySetSimilarity.txt

0.0 0.0 1.0 686: 0.920131
0.0 0.1 0.9 686: 0.927590
0.0 0.2 0.8 686: 0.929711
0.0 0.3 0.7 686: 0.931677
0.0 0.4 0.6 686: 0.932571
0.0 0.5 0.5 686: 0.934155
0.0 0.6 0.4 686: 0.933987
0.0 0.7 0.3 686: 0.935593
0.0 0.8 0.2 686: 0.934911
0.0 0.9 0.1 686: 0.935503
0.0 1.0 0.0 686: 0.885840
0.1 0.0 0.9 686: 0.926235
0.1 0.1 0.8 686: 0.930341
0.1 0.2 0.7 686: 0.932359
0.1 0.3 0.6 686: 0.934952
0.1 0.4 0.5 686: 0.935846
0.1 0.5 0.4 686: 0.937328
0.1 0.6 0.3 686: 0.938335
0.1 0.7 0.2 686: 0.940484
0.1 0.8 0.1 686: 0.942343
0.1 0.9 0.0 686: 0.938235
0.2 0.0 0.8 686: 0.928009
0.2 0.1 0.7 686: 0.933779
0.2 0.2 0.6 686: 0.934897
0.2 0.3 0.5 686: 0.939002
0.2 0.4 0.4 686: 0.940355
0.2 0.5 0.3 686: 0.942649
0.2 0.6 0.2 686: 0.945301
0.2 0.7 0.1 686: 0.944743
0.2 0.8 0.0 686: 0.939194
0.3 0.0 0.7 686: 0.933057
0.3 0.1 0.6 686: 0.936520
0.3 0.2 0.5 686: 0.940047
0.3 0.3 0.4 686: 0.942902
0.3 0.4 0.3 686: 0.943730
0.3 0.5 0.2 686: 0.945419
0.3 0.6 0.1 686: 0.943917
0.3 0.7 -0.0 686: 0.940102
0.4 0.0 0.6 686: 0.935817
0.4 0.1 0.5 686: 0.939276
0.4 0.2 0.4 686: 0.943350
0.4 0.3 0.3 686: 0.944644
0.4 0.4 0.2 686: 0.944157
0.4 0.5 0.1 686: 0.941956
0.4 0.6 -0.0 686: 0.939384
0.5 0.0 0.5 686: 0.937289
0.5 0.1 0.4 686: 0.942241
0.5 0.2 0.3 686: 0.944108
0.5 0.3 0.2 686: 0.943189
0.5 0.4 0.1 686: 0.941430
0.5 0.5 0.0 686: 0.939112
0.6 0.0 0.4 686: 0.939246
0.6 0.1 0.3 686: 0.941548
0.6 0.2 0.2 686: 0.941533
0.6 0.3 0.1 686: 0.940284
0.6 0.4 -0.0 686: 0.937698
0.7 0.0 0.3 686: 0.938157
0.7 0.1 0.2 686: 0.939914
0.7 0.2 0.1 686: 0.939661
0.7 0.3 -0.0 686: 0.936601
0.8 0.0 0.2 686: 0.936564
0.8 0.1 0.1 686: 0.938458
0.8 0.2 -0.0 686: 0.935933
0.9 0.0 0.1 686: 0.934989
0.9 0.1 -0.0 686: 0.934294
1.0 0.0 0.0 686: 0.930488

Max NMI:
0.3 0.5 0.2 686: 0.945419
