clusterTimeSimilarity.txt
clusterHashTagSimilarity.txt
clusterNameEntitySetSimilarity.txt

0.0 0.0 1.0 686: 0.895115
0.0 0.1 0.9 686: 0.902143
0.0 0.2 0.8 686: 0.862204
0.0 0.3 0.7 686: 0.908305
0.0 0.4 0.6 686: 0.911042
0.0 0.5 0.5 686: 0.893850
0.0 0.6 0.4 686: 0.906745
0.0 0.7 0.3 686: 0.909937
0.0 0.8 0.2 686: 0.900635
0.0 0.9 0.1 686: 0.907464
0.0 1.0 0.0 686: 0.887679
0.1 0.0 0.9 686: 0.924928
0.1 0.1 0.8 686: 0.921671
0.1 0.2 0.7 686: 0.923002
0.1 0.3 0.6 686: 0.923667
0.1 0.4 0.5 686: 0.923047
0.1 0.5 0.4 686: 0.922462
0.1 0.6 0.3 686: 0.924666
0.1 0.7 0.2 686: 0.923664
0.1 0.8 0.1 686: 0.922784
0.1 0.9 0.0 686: 0.928794
0.2 0.0 0.8 686: 0.924456
0.2 0.1 0.7 686: 0.921415
0.2 0.2 0.6 686: 0.923670
0.2 0.3 0.5 686: 0.922644
0.2 0.4 0.4 686: 0.922563
0.2 0.5 0.3 686: 0.923044
0.2 0.6 0.2 686: 0.924526
0.2 0.7 0.1 686: 0.921970
0.2 0.8 0.0 686: 0.928841
0.3 0.0 0.7 686: 0.924453
0.3 0.1 0.6 686: 0.922958
0.3 0.2 0.5 686: 0.922661
0.3 0.3 0.4 686: 0.922306
0.3 0.4 0.3 686: 0.922068
0.3 0.5 0.2 686: 0.924659
0.3 0.6 0.1 686: 0.923555
0.3 0.7 -0.0 686: 0.929205
0.4 0.0 0.6 686: 0.924619
0.4 0.1 0.5 686: 0.924609
0.4 0.2 0.4 686: 0.921747
0.4 0.3 0.3 686: 0.922475
0.4 0.4 0.2 686: 0.923659
0.4 0.5 0.1 686: 0.922687
0.4 0.6 -0.0 686: 0.928794
0.5 0.0 0.5 686: 0.924256
0.5 0.1 0.4 686: 0.923268
0.5 0.2 0.3 686: 0.922052
0.5 0.3 0.2 686: 0.921968
0.5 0.4 0.1 686: 0.924770
0.5 0.5 0.0 686: 0.928609
0.6 0.0 0.4 686: 0.924031
0.6 0.1 0.3 686: 0.924247
0.6 0.2 0.2 686: 0.922867
0.6 0.3 0.1 686: 0.923522
0.6 0.4 -0.0 686: 0.929010
0.7 0.0 0.3 686: 0.924174
0.7 0.1 0.2 686: 0.922872
0.7 0.2 0.1 686: 0.922846
0.7 0.3 -0.0 686: 0.929057
0.8 0.0 0.2 686: 0.924513
0.8 0.1 0.1 686: 0.923879
0.8 0.2 -0.0 686: 0.928592
0.9 0.0 0.1 686: 0.924819
0.9 0.1 -0.0 686: 0.928623
1.0 0.0 0.0 686: 0.886535

Max NMI:
0.3 0.7 -0.0 686: 0.929205
