clusterTimeSimilarity.txt
clusterHashTagSimilarity.txt
clusterNameEntitySetSimilarity.txt

0.1 0.1 0.8 686: 0.922919
0.1 0.2 0.7 686: 0.921102
0.1 0.3 0.6 686: 0.922346
0.1 0.4 0.5 686: 0.920310
0.1 0.5 0.4 686: 0.919480
0.1 0.6 0.3 686: 0.922167
0.1 0.7 0.2 686: 0.920545
0.1 0.8 0.1 686: 0.922416
0.2 0.1 0.7 686: 0.922526
0.2 0.2 0.6 686: 0.921987
0.2 0.3 0.5 686: 0.919926
0.2 0.4 0.4 686: 0.919004
0.2 0.5 0.3 686: 0.919769
0.2 0.6 0.2 686: 0.918912
0.2 0.7 0.1 686: 0.921242
0.3 0.1 0.6 686: 0.923471
0.3 0.2 0.5 686: 0.923791
0.3 0.3 0.4 686: 0.920422
0.3 0.4 0.3 686: 0.920305
0.3 0.5 0.2 686: 0.921434
0.3 0.6 0.1 686: 0.923446
0.4 0.1 0.5 686: 0.924298
0.4 0.2 0.4 686: 0.922034
0.4 0.3 0.3 686: 0.920603
0.4 0.4 0.2 686: 0.922594
0.4 0.5 0.1 686: 0.924054
0.5 0.1 0.4 686: 0.923211
0.5 0.2 0.3 686: 0.922589
0.5 0.3 0.2 686: 0.922714
0.5 0.4 0.1 686: 0.924648
0.6 0.1 0.3 686: 0.924103
0.6 0.2 0.2 686: 0.924011
0.6 0.3 0.1 686: 0.924912
0.7 0.1 0.2 686: 0.925668
0.7 0.2 0.1 686: 0.925745

Max NMI:
0.7 0.2 0.1 686: 0.925745
