clusterTimeSimilarity.txt
clusterHashTagSimilarity.txt
clusterNameEntitySetSimilarity.txt

0.0 0.0 1.0 686: 0.920269
0.0 0.1 0.9 686: 0.926596
0.0 0.2 0.8 686: 0.928677
0.0 0.3 0.7 686: 0.928965
0.0 0.4 0.6 686: 0.931205
0.0 0.5 0.5 686: 0.932476
0.0 0.6 0.4 686: 0.933595
0.0 0.7 0.3 686: 0.935089
0.0 0.8 0.2 686: 0.935014
0.0 0.9 0.1 686: 0.934680
0.0 1.0 0.0 686: 0.902972
0.1 0.0 0.9 686: 0.923856
0.1 0.1 0.8 686: 0.928305
0.1 0.2 0.7 686: 0.930382
0.1 0.3 0.6 686: 0.932456
0.1 0.4 0.5 686: 0.935129
0.1 0.5 0.4 686: 0.936173
0.1 0.6 0.3 686: 0.937402
0.1 0.7 0.2 686: 0.941185
0.1 0.8 0.1 686: 0.944970
0.1 0.9 0.0 686: 0.939513
0.2 0.0 0.8 686: 0.926544
0.2 0.1 0.7 686: 0.931613
0.2 0.2 0.6 686: 0.933014
0.2 0.3 0.5 686: 0.935947
0.2 0.4 0.4 686: 0.940680
0.2 0.5 0.3 686: 0.943087
0.2 0.6 0.2 686: 0.944705
0.2 0.7 0.1 686: 0.944513
0.2 0.8 0.0 686: 0.940058
0.3 0.0 0.7 686: 0.930734
0.3 0.1 0.6 686: 0.937373
0.3 0.2 0.5 686: 0.939643
0.3 0.3 0.4 686: 0.942199
0.3 0.4 0.3 686: 0.945267
0.3 0.5 0.2 686: 0.947100
0.3 0.6 0.1 686: 0.945335
0.3 0.7 -0.0 686: 0.940063
0.4 0.0 0.6 686: 0.935730
0.4 0.1 0.5 686: 0.939564
0.4 0.2 0.4 686: 0.943530
0.4 0.3 0.3 686: 0.946258
0.4 0.4 0.2 686: 0.945389
0.4 0.5 0.1 686: 0.943760
0.4 0.6 -0.0 686: 0.939796
0.5 0.0 0.5 686: 0.938069
0.5 0.1 0.4 686: 0.943623
0.5 0.2 0.3 686: 0.944795
0.5 0.3 0.2 686: 0.943477
0.5 0.4 0.1 686: 0.943377
0.5 0.5 0.0 686: 0.939542
0.6 0.0 0.4 686: 0.939389
0.6 0.1 0.3 686: 0.942288
0.6 0.2 0.2 686: 0.943152
0.6 0.3 0.1 686: 0.940874
0.6 0.4 -0.0 686: 0.937958
0.7 0.0 0.3 686: 0.938468
0.7 0.1 0.2 686: 0.939836
0.7 0.2 0.1 686: 0.940610
0.7 0.3 -0.0 686: 0.937679
0.8 0.0 0.2 686: 0.936381
0.8 0.1 0.1 686: 0.938160
0.8 0.2 -0.0 686: 0.935714
0.9 0.0 0.1 686: 0.934389
0.9 0.1 -0.0 686: 0.934725
1.0 0.0 0.0 686: 0.930149

Max NMI:
0.3 0.5 0.2 686: 0.947100
