clusterTimeSimilarity.txt
clusterHashTagSimilarity.txt
clusterNameEntitySetSimilarity.txt

0.0 0.0 1.0 686: 0.918981
0.0 0.1 0.9 686: 0.921706
0.0 0.2 0.8 686: 0.928778
0.0 0.3 0.7 686: 0.929610
0.0 0.4 0.6 686: 0.930944
0.0 0.5 0.5 686: 0.933502
0.0 0.6 0.4 686: 0.933837
0.0 0.7 0.3 686: 0.935986
0.0 0.8 0.2 686: 0.935769
0.0 0.9 0.1 686: 0.934555
0.0 1.0 0.0 686: 0.881737
0.1 0.0 0.9 686: 0.920662
0.1 0.1 0.8 686: 0.927712
0.1 0.2 0.7 686: 0.930687
0.1 0.3 0.6 686: 0.931723
0.1 0.4 0.5 686: 0.934461
0.1 0.5 0.4 686: 0.936367
0.1 0.6 0.3 686: 0.937998
0.1 0.7 0.2 686: 0.940199
0.1 0.8 0.1 686: 0.944947
0.1 0.9 0.0 686: 0.938993
0.2 0.0 0.8 686: 0.925435
0.2 0.1 0.7 686: 0.930310
0.2 0.2 0.6 686: 0.932323
0.2 0.3 0.5 686: 0.935381
0.2 0.4 0.4 686: 0.939918
0.2 0.5 0.3 686: 0.943061
0.2 0.6 0.2 686: 0.944997
0.2 0.7 0.1 686: 0.945730
0.2 0.8 0.0 686: 0.940465
0.3 0.0 0.7 686: 0.929454
0.3 0.1 0.6 686: 0.936197
0.3 0.2 0.5 686: 0.939813
0.3 0.3 0.4 686: 0.941776
0.3 0.4 0.3 686: 0.946581
0.3 0.5 0.2 686: 0.948409
0.3 0.6 0.1 686: 0.945268
0.3 0.7 -0.0 686: 0.940274
0.4 0.0 0.6 686: 0.935368
0.4 0.1 0.5 686: 0.938191
0.4 0.2 0.4 686: 0.943874
0.4 0.3 0.3 686: 0.946234
0.4 0.4 0.2 686: 0.945290
0.4 0.5 0.1 686: 0.943894
0.4 0.6 -0.0 686: 0.940622
0.5 0.0 0.5 686: 0.937909
0.5 0.1 0.4 686: 0.943647
0.5 0.2 0.3 686: 0.944067
0.5 0.3 0.2 686: 0.943606
0.5 0.4 0.1 686: 0.943377
0.5 0.5 0.0 686: 0.939542
0.6 0.0 0.4 686: 0.940120
0.6 0.1 0.3 686: 0.942189
0.6 0.2 0.2 686: 0.943152
0.6 0.3 0.1 686: 0.941209
0.6 0.4 -0.0 686: 0.938712
0.7 0.0 0.3 686: 0.938468
0.7 0.1 0.2 686: 0.939836
0.7 0.2 0.1 686: 0.940610
0.7 0.3 -0.0 686: 0.937679
0.8 0.0 0.2 686: 0.936381
0.8 0.1 0.1 686: 0.938160
0.8 0.2 -0.0 686: 0.936054
0.9 0.0 0.1 686: 0.934389
0.9 0.1 -0.0 686: 0.934725
1.0 0.0 0.0 686: 0.930149

Max NMI:
0.3 0.5 0.2 686: 0.948409
