600
2221
7213
1448456
101070
43318
51206
51671
56401
81349
98919
104750
5791324
714407
5818350
125527
140256
152317
171694
387191
636187
184609
205367
224614
1612086
233660
235920
237239
240104
953335
256058
2120567
295096
302563
307148
308569
1096633
1732348
324733
330934
336379
337994
340910
343270
352390
353787
355302
371329
371565
1621173
389256
416576
425591
1012739
432369
439103
7609791
442337
445370
453760
5144757
462359
483590
486837
490694
495033
501103
509042
523522
533681
535130
538334
595030
6002485
881860
1051555
598563
2289074
4626258
656415
692579
718471
8000522
732997
1934606
746816
754954
765418
8004148
1465711
804663
847995
6416852
3354757
874062
1766131
917277
925808
933453
942323
1257598
968377
976705
989788
1001603
1003680
1006054
1015948
1017296
1027990
1049991
7037417
2634236
2082475
1064465
1080491
1084620
1089621
1115545
1133931
1137247
1140449
1151294
1158180
1173668
1176679
1218092
1220473
1244501
1248598
1255924
1274954
1296522
1303135
1303628
1316754
1320339
2974461
3987675
1332386
1347046
9757617
1364067
3913700
7378332
4970692
4766825
1385741
1422793
1424264
1424520
5329352
6013027
1515592
3783529
6814922
1537941
1542061
1545745
1556907
1563455
1794791
1589754
1600808
11643206
1618386
1633225
1664787
1667393
1698534
1732266
1755372
1756106
1756571
1763713
2007297
1778138
1779076
1803963
1812142
1839237
1842308
1858356
1859352
1860074
1870742
1873584
1875075
1880937
1896408
1901961
1914186
1914352
1914927
3024751
1924324
1934969
1936378
1954050
1972841
1973766
1977739
1986259
1996409
2007035
2016713
9528648
2035411
2045961
2047620
2063618
2069157
2079204
2080607
2084421
2100158
2126014
2126304
2142562
2159823
2163654
2166757
2172925
2201168
2203506
2206939
2207981
2215562
2230865
2238165
2259064
2273747
4533349
2281877
2284150
2296311
2299604
2332959
2344658
5969451
2351778
2353200
2361728
2365038
2372565
2381001
2396232
2402741
2414071
2427488
2511038
2512553
2529495
2641499
2543588
2557836
2558265
2569842
2578439
2584425
2590050
2596062
2600935
2603324
2618297
2620208
2634575
2641397
2646345
2662338
2681027
2683921
7051620
2725293
8418759
2745780
2759439
2760794
2764191
2776963
2800304
4396081
2803030
2830088
4785015
2856403
2879396
2884086
2892209
2892714
2917529
2932560
2950023
2958006
2965609
2972178
2982520
2982957
2995448
10339135
3020428
3029506
3046296
3055466
3068561
3077484
3115405
3128780
3133959
3158863
3162238
3174898
3215045
3218774
3257598
3258631
3279995
3280161
3283707
3302796
3313181
3340432
3381616
3382407
3385547
3394368
3404767
3406776
3426130
3427839
3432667
3454034
3466201
3474388
12297141
3512256
3515296
3585525
3586931
3592330
3605402
3607794
3617236
3934855
3647932
3674822
3676797
3682472
3708328
5506748
3749894
3779136
3809499
3887319
3890346
3905374
3909746
3929135
3930311
3933347
3952656
3959493
3963277
3987746
4010884
4010912
4017345
4030005
4041574
4046406
4047016
4047867
4048780
4053163
7910580
4083022
4796393
4101716
4108038
4108504
4109933
4120842
4129314
4144164
4148953
4173516
4191404
4216129
4217175
4217498
4233972
4239800
6998738
7475621
4328247
4336337
4344800
4381370
4396687
4456277
4847862
4480989
4486949
4504257
4509004
4531070
4542586
4550444
4555491
4593968
4625102
4629564
4642272
4648536
4652988
4657781
4668780
4669530
4674726
4682398
4695395
4697097
4723984
4805289
4807527
4833938
4838679
4843927
4852288
4863930
4867680
4868935
4888589
4901526
4902222
4910893
4921611
4932107
4949810
4956724
4971151
4976951
4985711
5014679
5051823
5054323
5056178
5077900
5102130
5118051
5135484
5151275
5778227
5159497
5173184
5195833
5198928
5215990
5220100
5221631
5250456
5258059
5269626
5323454
5324096
5372055
5444521
5447005
5454813
5479979
5488432
5496524
5514033
5553551
5560713
5626164
5628500
5631919
5634093
5643711
5749105
5760422
5768754
5787728
5804220
5814924
5822242
5826150
5828183
5835424
5837704
5838208
5846675
5847069
5852196
5859023
5860973
5863420
5886914
5903663
6769890
5928673
5941279
5944618
5945212
5946252
6443631
5957097
5966064
5993051
5995487
6015640
6037668
6044005
6097011
6107711
6113591
6130152
6170626
6297985
6311700
6314337
6336748
6341070
6358641
6374855
6376655
6392551
6395078
6420842
6424998
6447191
6463186
6470859
6490677
6491561
6493878
6520271
10857803
6549865
6553479
6612009
6621460
6635132
6651080
6680358
6724478
6750874
6828915
6834659
6846905
6851735
6859191
8883008
6874321
6879542
6879923
6906933
6931148
6933265
6934520
6944636
6955289
6965509
6982490
6991801
7029942
7056397
7067724
7077144
7077551
7083852
7103849
7111955
7112231
7130737
7141984
7145330
7174282
7251118
7268763
7281329
7294396
7309310
7353335
7365933
7378583
7400089
7413350
7430710
7439679
7440644
7448375
7454598
7458383
7468074
7499772
7501009
7512118
7529852
7546519
7547458
7548915
7550794
7560562
7571183
7582731
7600347
7620568
7627963
7654289
7661864
7661927
7678344
7678723
7698264
7707852
7711333
7763860
7774195
7776376
7856969
7861910
7864798
7866336
7872613
7876639
7881542
7898601
7910681
7943218
7945577
7954607
7963876
7967078
7971623
7972916
7977449
7984653
7994279
8002612
8017632
8024362
8085717
8099364
8114997
8143928
8145969
8196956
8207020
8211980
8219955
8220836
8223388
8233456
8233627
8249344
8253122
8253288
8277906
8304787
8323899
8326212
8378283
8389460
8405756
8418669
8426380
8432443
8438135
8448913
8451526
8465013
8473805
8508491
8542628
8557079
8558345
8560348
8597391
8599030
8619520
8623407
8640963
8641915
8688635
8695360
8716875
8728097
8730714
8746398
8748441
8838620
8841005
8868661
8888639
8889018
8891898
8894699
8909895
8912101
8918503
8921580
8938422
8945542
8974564
8977809
8985835
8996418
8997267
8998432
9007350
9060675
9075548
9078592
9084660
9130750
9133488
9169085
9199215
9210806
9219901
9263466
9352225
9368938
9376299
9379033
9384672
9409631
9422282
9447347
9448761
9465059
9487909
9503267
9510690
9517958
9538877
9541055
9543607
9572597
9631200
9667301
9684436
9692727
9725204
9743849
9751354
9751613
9754329
9755689
9804209
9824638
9830840
9832662
9856412
9861010
9866943
9912273
9941959
9960361
9966482
10026013
10104797
10121117
10172371
10178005
10190327
10203752
10214462
10221341
10226573
10230355
10241871
10244677
10246818
10257860
10267672
10274396
10286675
10302500
10310732
10313430
10316951
10327871
10332881
10350980
10382890
10384596
10415262
10450979
10452978
10484523
10499811
10522014
10523869
10529482
10532842
10580030
10638450
10640044
10643335
10672025
10690344
10702489
10705372
10710050
10711138
10721026
10733872
10735253
10738233
10766620
10775744
10776732
10785791
10804046
10855792
10870355
10969611
10999042
11004257
11023774
11048221
11051571
11053722
11067960
11081490
11084759
11090197
11103594
11117433
11139103
11145749
11157607
11179440
11188979
11225178
11229537
11271934
11285835
11362016
11388599
11402713
11422628
11423368
11425693
11430276
11443743
11447764
11451305
11456282
11459892
11460848
11473889
11490251
11502221
11527233
11536068
11559534
11565182
11566907
11584316
11620022
11623076
11624690
11686793
11689916
11690752
11700707
11705694
11734576
11762531
11816819
11821030
11844104
11854594
11856727
11869125
11869827
11872826
11875277
11881958
11882761
11892710
11909381
11911072
11925103
11926484
11936093
11940718
11954987
11964351
11969741
11969953
11971268
11993702
11997955
12003907
12010560
12044252
12174004
12194148
12201446
12213425
12215143
12219250
12231663
12239443
12256179
12261371
12265529
12275190
12278618
12284076
12291738
12299378
12318809
12333260
12342365
12381451
12383291
12403114
12415219
12420646
12443822
12445373
12491684
12508514
12528328
12541566
12549115
12587964
12595438
12615857
12639421
12641071
13796896
15283535
