617 1 7.25714285714286 7.25714285714286 1 0.0571428571428571 0.0571428571428571 0 0 0 0 0.514285714285714 0.514285714285714
597 1 7.52631578947368 7.52631578947368 1 0 0 1.01052631578947 1.01052631578947 0.157894736842105 0.157894736842105 0.0105263157894737 0.0105263157894737
397 1 9.4 9.4 1 0.188235294117647 0.188235294117647 1.04705882352941 1.04705882352941 0.176470588235294 0.176470588235294 0.317647058823529 0.317647058823529
560 1 5 5 1 0 0 0 0 0 0 0 0
343 1 10.9813664596273 10.9813664596273 1 0 0 1 1 0 0 0.993788819875776 0.993788819875776
204 1 12.3248730964467 12.3248730964467 1 0.065989847715736 0.065989847715736 0.969543147208122 0.969543147208122 0.0050761421319797 0.0050761421319797 1.12690355329949 1.12690355329949
266 1 11.1463414634146 11.1463414634146 1 0.878048780487805 0.878048780487805 0 0 0.0731707317073171 0.0731707317073171 0.951219512195122 0.951219512195122
199 1 10.0608695652174 10.0608695652174 1 0.547826086956522 0.547826086956522 1.17391304347826 1.17391304347826 0.0956521739130435 0.0956521739130435 0.965217391304348 0.965217391304348
184 1 13.3257575757576 13.3257575757576 1 0.0454545454545455 0.0454545454545455 1.09090909090909 1.09090909090909 0.0833333333333333 0.0833333333333333 0.0757575757575758 0.0757575757575758
211 1 17.9826086956522 17.9826086956522 1 0 0 0.00869565217391304 0.00869565217391304 1 1 0.991304347826087 0.991304347826087
454 1 5 5 1 0 0 0 0 0 0 1 1
7 0.985294117647059 15.3233830845771 15.2647058823529 1.00384397856575 0.746268656716418 0.735294117647059 1.00497512437811 1.00490196078431 0.149253731343284 0.147058823529412 0.835820895522388 0.823529411764706
141 1 8.42307692307692 8.42307692307692 1 0.0384615384615385 0.0384615384615385 1.11538461538462 1.11538461538462 0 0 0.153846153846154 0.153846153846154
218 1 12.8317757009346 12.8317757009346 1 0.448598130841121 0.448598130841121 1.00934579439252 1.00934579439252 0.401869158878505 0.401869158878505 0.644859813084112 0.644859813084112
219 1 7 7 1 0 0 0 0 0 0 1 1
45 1 10.9756097560976 10.9756097560976 1 0.98780487804878 0.98780487804878 1 1 0 0 0.98780487804878 0.98780487804878
40 0.95 8.21052631578947 8.05 1.01994115724093 0 0 1.10526315789474 1.05 0.0526315789473684 0.05 0 0
248 1 11.75 11.75 1 0.0833333333333333 0.0833333333333333 0.972222222222222 0.972222222222222 0.152777777777778 0.152777777777778 0.652777777777778 0.652777777777778
155 1 23.9724770642202 23.9724770642202 1 0.972477064220184 0.972477064220184 0.00917431192660551 0.00917431192660551 0 0 0.990825688073395 0.990825688073395
181 1 9.92592592592593 9.92592592592593 1 0 0 1 1 0.925925925925926 0.925925925925926 0 0
649 1 6 6 1 0 0 0 0 0 0 0 0
428 1 6 6 1 0 0 0 0 0 0 0 0
500 1 6 6 1 0 0 0 0 0 0 0 0
65 1 8.375 8.375 1 0.1875 0.1875 1 1 0 0 0.1875 0.1875
22 1 9.46153846153846 9.46153846153846 1 0.0384615384615385 0.0384615384615385 1.15384615384615 1.15384615384615 0.0384615384615385 0.0384615384615385 0.0384615384615385 0.0384615384615385
77 1 24.9902912621359 24.9902912621359 1 0.961165048543689 0.961165048543689 0.0194174757281553 0.0194174757281553 0 0 0.980582524271845 0.980582524271845
180 1 16.672131147541 16.672131147541 1 0.286885245901639 0.286885245901639 1.04918032786885 1.04918032786885 0.385245901639344 0.385245901639344 0.450819672131148 0.450819672131148
37 1 14.53 14.53 1 0.51 0.51 1 1 0.11 0.11 0.7 0.7
327 1 8.71428571428571 8.71428571428571 1 0.857142857142857 0.857142857142857 0 0 0 0 0.857142857142857 0.857142857142857
641 1 17.2333333333333 17.2333333333333 1 0 0 1 1 0.244444444444444 0.244444444444444 0.233333333333333 0.233333333333333
479 1 10.2 10.2 1 0.3 0.3 1.03333333333333 1.03333333333333 0.2 0.2 0.5 0.5
504 1 19.0652173913043 19.0652173913043 1 0.0217391304347826 0.0217391304347826 0.989130434782609 0.989130434782609 0.119565217391304 0.119565217391304 0.0434782608695652 0.0434782608695652
116 1 8.78571428571429 8.78571428571429 1 0.214285714285714 0.214285714285714 1 1 0.357142857142857 0.357142857142857 0.214285714285714 0.214285714285714
536 1 14.9259259259259 14.9259259259259 1 0.962962962962963 0.962962962962963 0 0 0 0 0.962962962962963 0.962962962962963
696 0.977272727272727 13.4186046511628 13.3409090909091 1.0058238580088 0.0232558139534884 0.0227272727272727 1.06976744186047 1.04545454545455 0.767441860465116 0.795454545454545 0.116279069767442 0.113636363636364
176 1 9.88235294117647 9.88235294117647 1 0 0 1.05882352941176 1.05882352941176 0.823529411764706 0.823529411764706 0.0588235294117647 0.0588235294117647
6 0.982142857142857 23 22.9821428571429 1.000777000777 0.981818181818182 0.964285714285714 0 0 2 2 0.981818181818182 0.982142857142857
593 1 6 6 1 0 0 0 0 0 0 1 1
179 1 6 6 1 0 0 0 0 0 0 1 1
268 1 17.0606060606061 17.0606060606061 1 0.848484848484849 0.848484848484849 0 0 0 0 1.03030303030303 1.03030303030303
31 1 12.4814814814815 12.4814814814815 1 0 0 0.962962962962963 0.962962962962963 3.51851851851852 3.51851851851852 0 0
187 1 18.9459459459459 18.9459459459459 1 0.972972972972973 0.972972972972973 0 0 0 0 0.972972972972973 0.972972972972973
495 1 12.448275862069 12.448275862069 1 0.137931034482759 0.137931034482759 0.931034482758621 0.931034482758621 0.448275862068966 0.448275862068966 0.241379310344828 0.241379310344828
226 1 15.078431372549 15.078431372549 1 0.254901960784314 0.254901960784314 1 1 0.156862745098039 0.156862745098039 0.313725490196078 0.313725490196078
152 1 22.710843373494 22.710843373494 1 0.0120481927710843 0.0120481927710843 0.987951807228916 0.987951807228916 0.072289156626506 0.072289156626506 0.0240963855421687 0.0240963855421687
591 1 10.7777777777778 10.7777777777778 1 0.888888888888889 0.888888888888889 0 0 0 0 0.888888888888889 0.888888888888889
531 1 15.9 15.9 1 0.416666666666667 0.416666666666667 1 1 0.383333333333333 0.383333333333333 0.55 0.55
677 1 19.2222222222222 19.2222222222222 1 0.0158730158730159 0.0158730158730159 1 1 0.873015873015873 0.873015873015873 0.0793650793650794 0.0793650793650794
666 1 7 7 1 0 0 0 0 0 0 0 0
13 1 7 7 1 0 0 0 0 1 1 0 0
11342 1 14.2996031746032 14.2996031746032 1 0 0 1.00793650793651 1.00793650793651 0.938492063492063 0.938492063492063 0.0119047619047619 0.0119047619047619
2704 0.000110172603745869 12.6666666666667 12.0219243481454 1.05363054198729 0.333333333333333 0.572383400661036 1 0.994307748806463 0 0.0113845023870731 1.33333333333333 1.01828865222181
3938 0.000167420056922819 11 10.9820860539093 1.00163119702421 0 0.408253808806295 0 0.320944249121045 0 0.026368658965344 1 1.0084547128746
10915 0.99009900990099 22.305 22.2846534653465 1.00091302899034 0 0 0.225 0.232673267326733 0.01 0.0099009900990099 0.0025 0.00247524752475248
8016 0.000259762750021647 24 23.0752446099229 1.04007564841499 0 0.867174647155598 0 0.00623430600051953 0 0.00900510866741709 1 1.04537189367045
10060 0.000228258388495777 14 13.0342387582744 1.07409418069103 0 0.927642090846839 0 0 0 0.00114129194247889 1 1.01529331202922
5418 0.00024931438544004 28.6666666666667 27.9848749272833 1.02436286533904 0 0.830466217900773 0 0.00024931438544004 0 0.00099725754176016 1 1.03074877420427
1465 5.60789591745177E-05 22 22.9977007626738 0.956617369146173 0 0.674013010318528 1 0.995345446388515 1 0.00246747420367878 0 1.00650515926424
3901 0.000823045267489712 23 21.9115226337449 1.04967602591793 0 0.592592592592593 0 0.0037037037037037 0 0.0246913580246914 1 0.887448559670782
10939 1 15.1458333333333 15.1458333333333 1 0 0 0 0 1 1 0.0208333333333333 0.0208333333333333
10265 0.0035799522673031 13.6666666666667 11.7983293556086 1.15835609048919 0 0.427804295942721 0 0.0202863961813843 0 0.0429594272076372 1.33333333333333 0.840095465393795
11107 1 16 16 1 0 0 0 0 2 2 0 0
8061 0.000645994832041344 11 11.016149870801 0.998533982290506 0 0.794573643410853 0 0.00516795865633075 0 0.00581395348837209 1 1.06330749354005
3834 0.00141911069063387 15.3333333333333 16.0179754020814 0.957257889866714 0.333333333333333 0.625354777672658 0 0.053926206244087 0 0.0141911069063387 1.33333333333333 1.10974456007569
3525 0.00144508670520231 16 13.9320809248555 1.14842858624624 0.5 0.773121387283237 0 0.0382947976878613 0 0.00433526011560694 1.5 1.01950867052023
10922 1 14 14 1 0 0 1 1 5 5 0 0
10926 1 8.26666666666667 8.26666666666667 1 0 0 0.6 0.6 0.377777777777778 0.377777777777778 0.0666666666666667 0.0666666666666667
5618 0.000286123032904149 16.5 15.7095851216023 1.05031417903652 0 0.209585121602289 1 0.978111587982833 0 0.00371959942775393 2 1.80185979971388
1121 1 18.9259259259259 18.9259259259259 1 0.722222222222222 0.722222222222222 0 0 0 0 0.851851851851852 0.851851851851852
4333 0.00183879865154766 15.6666666666667 14.1474103585657 1.10738759035014 0.833333333333333 0.865767698437021 1 1.00061293288385 0 0.019613852283175 1.83333333333333 1.11247318418633
9115 0.000356633380884451 24 26.9293865905849 0.891219705999205 0 0.990727532097004 0 0 0 0 1 0.995007132667618
9483 0.000154655119084442 22 19.80405196412 1.11088377468704 0 0.66749149396845 1 0.998917414166409 0 0.00216517166718218 1 1.30992885864522
5695 0.00185013876040703 21.5 20.990749306198 1.02426072010929 0 0.713691026827012 0 0.0740055504162812 0 0.384828862164662 1.25 1.17576318223867
6953 0.000727802037845706 19 17.3296943231441 1.0963840241905 0 0.763464337700146 1 0.00727802037845706 0 0.00655021834061135 2 1.12081513828239
1832 1 9.10344827586207 9.10344827586207 1 0.896551724137931 0.896551724137931 0 0 0 0 1.20689655172414 1.20689655172414
10960 1 18 18 1 0 0 1 1 0 0 0 0
1040 1 7.91489361702128 7.91489361702128 1 0.0212765957446809 0.0212765957446809 1.04255319148936 1.04255319148936 0 0 0.0212765957446809 0.0212765957446809
1643 1 19.8936170212766 19.8936170212766 1 0.936170212765957 0.936170212765957 0 0 0 0 0.936170212765957 0.936170212765957
5832 0.0029673590504451 17.6666666666667 16.1790306627102 1.09194840129608 0 0.777448071216617 0 0.00791295746785361 0 0.0148367952522255 1.33333333333333 0.938674579624134
1447 1 20.9019607843137 20.9019607843137 1 0 0 0 0 0.0392156862745098 0.0392156862745098 1 1
3998 1 17 17 1 0 0 0 0 1 1 2 2
8924 1 21 21 1 0 0 0 0 0 0 1 1
11627 1 13 13 1 0 0 0 0 0 0 0 0
2719 1 20.7142857142857 20.7142857142857 1 0.857142857142857 0.857142857142857 1 1 3 3 0.857142857142857 0.857142857142857
2890 1 13.3333333333333 13.3333333333333 1 0 0 1 1 0 0 2.66666666666667 2.66666666666667
719 1 13 13 1 0 0 0 0 0 0 1 1
7418 1 22 22 1 0 0 0 0 3 3 0 0
3701 1 15 15 1 0 0 1 1 3 3 0 0
1018 1 10.76 10.76 1 0 0 1 1 0.68 0.68 0 0
13247 1 13 13 1 0 0 0 0 1 1 0 0
6490 1 9 9 1 0 0 0 0 0 0 1 1
13802 1 19 19 1 0 0 0 0 0 0 3 3
4961 1 10 10 1 0 0 0 0 0 0 0 0
11614 1 10 10 1 0 0 0 0 0 0 6 6
2578 0.032258064516129 18 15.1935483870968 1.18471337579618 0 0 1 1 1 0.129032258064516 0 0
7923 1 18 18 1 0 0 1 1 0 0 0 0
9521 1 8 8 1 0 0 0 0 0 0 0 0
9905 1 14 14 1 0 0 0 0 2 2 0 0
13121 1 11 11 1 0 0 1 1 0 0 1 1
13114 1 9 9 1 0 0 1 1 0 0 1 1
