0 0 0


1 0 0


2 0 0


3 0 0


4 0 0


5 3 3
4775890 7383679 11011353 

6 0 3


7 0 3


8 0 3


9 0 3


10 0 3


11 0 3


12 0 3


13 0 3


14 0 3


15 0 3


16 0 3


17 0 3


18 0 3


19 0 3


20 0 3


21 0 3


22 0 3


23 0 3


24 0 3


25 0 3


26 0 3


27 473 476
36549 61277 83180 105458 181463 207870 225204 251376 267390 268639 295476 309359 391179 442471 493251 499490 510846 574871 595034 706083 717754 740093 746917 751424 784433 814873 886156 1004330 1038276 1047782 1072964 1122318 1167544 1282422 1296890 1352448 1444641 1452552 1459184 1516214 1530002 1695704 1762521 1818443 1819951 1839308 1896126 1970899 1973582 1984234 1989893 1998945 2004090 2005064 2010868 2024482 2039672 2040579 2051191 2056778 2062520 2080858 2086033 2086999 2119264 2129395 2162363 2181305 2197154 2215819 2258009 2313124 2313557 2326239 2336059 2337925 2362563 2362932 2366976 2423949 2469964 2480073 2517536 2527012 2583497 2589194 2596475 2602621 2614476 2622173 2667486 2684189 2694937 2731215 2779463 2799059 2873025 2929150 2952238 2953915 2955095 2959961 3037045 3112018 3138748 3159186 3172436 3196794 3240228 3274241 3294210 3310655 3330939 3337655 3340292 3369549 3409854 3419352 3426652 3429674 3443979 3480016 3491392 3511718 3540445 3544113 3562555 3567555 3602149 3613253 3689232 3690796 3710986 3762979 3788317 3794007 3859902 3865631 3899898 3953355 3976582 4045728 4067820 4082345 4121806 4143172 4152453 4170860 4186132 4197986 4286438 4289116 4355761 4372504 4375514 4391657 4407930 4488974 4537316 4564862 4568458 4574990 4579029 4589052 4634699 4652452 4684188 4713711 4713849 4723580 4733936 4779034 4785013 4797489 4802177 4803853 4816209 4870563 4935638 4940056 4962044 5009962 5033854 5043188 5071249 5071458 5136448 5163106 5163453 5196712 5202446 5210461 5211445 5216660 5258440 5284797 5287129 5309671 5320274 5354461 5386844 5394983 5397491 5399850 5402482 5406462 5497660 5522821 5537939 5539561 5543116 5568964 5580633 5730321 5730992 5744518 5745487 5774101 5830138 5872493 5875009 5877177 5897279 5912790 5921321 5940386 5942337 5981933 6036371 6065874 6115900 6144429 6218134 6219125 6220155 6220382 6253346 6253506 6283888 6286006 6302034 6315635 6377890 6414409 6429546 6435860 6440314 6513486 6515257 6581040 6584091 6593470 6644115 6653947 6663544 6668414 6673275 6750252 6756387 6798625 6798733 6861590 6871469 6871769 6894238 6904978 6928475 6946393 6956156 6977278 6990628 7009721 7074516 7103730 7126741 7133690 7136694 7138776 7175021 7195853 7262330 7339623 7351307 7372711 7400831 7411551 7418747 7428436 7435284 7452903 7484225 7538778 7539412 7574599 7583061 7607489 7608737 7611646 7613049 7628359 7638554 7640696 7669551 7696785 7724146 7724983 7733819 7735872 7737044 7790468 7794056 7794242 7875032 7941067 7964108 7965670 7967640 7968421 7969710 7970485 7998667 8010512 8020365 8160756 8171134 8188726 8191515 8204961 8205451 8208608 8232905 8234568 8291733 8318490 8358517 8383255 8409055 8434848 8465759 8536774 8551475 8556569 8648269 8664993 8669614 8699366 8700705 8796217 8806515 8820740 8821975 8823635 8841178 8853321 8867936 8873877 8902339 8922588 8965702 8983029 8986160 8987670 8992206 8994501 9000946 9011350 9012485 9031649 9039088 9046435 9057983 9082078 9133521 9147099 9218316 9228936 9312330 9336353 9339203 9346255 9381277 9406804 9465053 9499129 9632429 9758676 9771019 9843988 9854960 9927220 9964381 9965381 9974322 9996228 10132096 10195162 10195392 10198074 10198983 10263584 10274131 10310015 10381528 10417563 10423592 10602461 10604954 10627999 10667529 10668102 10696606 10714221 10782057 10784225 10794031 10797303 10802080 10890775 10924452 10924744 11017507 11025204 11042783 11069212 11105936 11117217 11117326 11121558 11135685 11138120 11145524 11148135 11159178 11199102 11241843 11246797 11261699 11289527 11408384 11408426 11432741 11461300 11561332 11592792 11593138 11593141 11622564 11637564 11658223 11748597 11750579 11794197 11807587 11817504 11869587 11917463 11976302 12022581 12109305 12130286 12133458 12213587 12297358 12338659 12396972 12471920 12501677 12581946 12584479 12584644 12607306 12618414 12625310 

28 0 476


29 0 476


30 0 476


31 0 476


32 0 476


33 0 476


34 0 476


35 0 476


36 0 476


37 0 476


38 0 476


39 0 476


40 0 476


41 1 477
8045528 

42 0 477


43 0 477


44 0 477


45 0 477


46 0 477


47 0 477


48 0 477


49 0 477


50 0 477


51 0 477


52 1 478
7372100 

53 0 478


54 0 478


55 0 478


56 0 478


57 0 478


58 0 478


59 0 478


60 0 478


61 0 478


62 0 478


63 0 478


64 0 478


65 0 478


66 0 478


67 8 486
452566 481285 1249606 2851375 4826869 6105897 6364504 9037081 

68 0 486


69 0 486


70 0 486


71 3 489
3917478 9658445 10264943 

72 0 489


73 0 489


74 0 489


75 0 489


76 0 489


77 0 489


78 0 489


79 0 489


80 0 489


81 0 489


82 0 489


83 0 489


84 0 489


85 0 489


86 0 489


87 0 489


88 0 489


89 0 489


90 0 489


91 0 489


92 0 489


93 0 489


94 0 489


95 0 489


96 0 489


97 0 489


98 56 545
628178 1034814 1296875 1544250 1549437 2086759 2564063 2789875 3324299 3347210 3486961 3992870 4085246 4355681 4368217 4845737 5296146 5306502 5387611 5402486 5532217 5532686 5780740 6396587 6397293 6397996 6546956 6842124 6933223 7038425 7408440 7441045 7465895 7524294 7598904 7928569 7932852 8012297 8250509 8445935 9040444 9427920 9670049 9928460 10192061 10432871 10503514 10629211 11020303 11097095 11428210 11540982 11606385 11952676 11974240 12280290 

99 0 545


100 0 545


101 0 545


102 0 545


103 0 545


104 0 545


105 0 545


106 0 545


107 0 545


108 0 545


109 0 545


110 0 545


111 3 548
7348936 11994957 12271932 

112 0 548


113 0 548


114 0 548


115 0 548


116 0 548


117 0 548


118 0 548


119 0 548


120 0 548


121 0 548


122 0 548


123 0 548


124 0 548


125 0 548


126 0 548


127 0 548


128 0 548


129 0 548


130 0 548


131 0 548


132 2 550
8889298 11473194 

133 0 550


134 0 550


135 0 550


136 0 550


137 0 550


138 0 550


139 0 550


140 0 550


141 0 550


142 1 551
9312800 

143 2 553
861640 5729227 

144 0 553


145 0 553


146 0 553


147 29 582
133709 551249 1098395 2192692 2379279 3023751 3277583 3494702 3554096 3618043 3822926 4036299 4616974 4689593 5143666 5351625 5391104 5770607 5812522 6037235 6576544 7780421 7912095 8459147 8545325 10868647 11039704 11065225 11238453 

148 0 582


149 0 582


150 0 582


151 0 582


152 0 582


153 0 582


154 0 582


155 0 582


156 0 582


157 10 592
280648 1763706 2616749 3372571 4755291 9050109 10028060 11414286 11622500 12172457 

158 0 592


159 0 592


160 0 592


161 0 592


162 0 592


163 0 592


164 0 592


165 0 592


166 0 592


167 0 592


168 0 592


169 0 592


170 0 592


171 0 592


172 0 592


173 0 592


174 0 592


175 0 592


176 101 693
43099 87134 338702 478217 566770 809700 825720 931732 1159774 1165133 1227596 1235921 1494198 1623553 1921688 1959822 2020540 2028984 2033096 2096294 2236899 2284965 2296300 2392624 2685853 2711744 2786563 2920957 2958021 3215162 3392011 3500078 3514285 3617304 3905481 3964952 4102129 4125661 4241916 4316492 4363359 4410847 4649415 4669816 4695184 4740522 4790871 4893944 4898465 4978563 5026487 5040289 5139952 5390505 5445249 5521910 5719111 5721154 6194740 6320419 6449016 6629449 6856694 7058521 7509936 7659341 7765555 7876582 8028193 8036981 8139983 8191484 8352371 8360702 8388147 8506682 8574335 8579237 8618754 8673605 8734719 8908140 8948773 8989368 9045701 9373628 9389573 9437159 9940279 9999589 10775821 10782002 10841782 10843348 11122467 11238694 11366550 11868572 11955189 12202417 12422230 

177 0 693


178 0 693


179 0 693


180 0 693


181 0 693


182 0 693


183 0 693


184 0 693


185 0 693


186 0 693


187 0 693


188 0 693


189 0 693


190 0 693


191 0 693


192 0 693


193 0 693


194 0 693


195 0 693


196 0 693


197 12 705
623661 1011077 3987231 3995401 4545563 5055420 5775035 5905409 6948630 7860988 9422783 9606054 

198 42 747
506483 920678 985514 1041682 1811320 1841442 2836690 2840854 3227136 3820275 4585814 4678189 4864319 5670426 5794140 6150477 6260858 7460914 7499999 7860839 8294323 8426122 8600032 8670488 8871726 9135607 9381066 9645392 10016776 10145102 10160983 10173977 10717754 10772437 10964342 10983880 11335836 11520722 11696933 11878357 11954245 11978115 

199 0 747


200 0 747


201 0 747


202 1 748
12270523 

203 0 748


204 0 748


205 0 748


206 0 748


207 0 748


208 0 748


209 0 748


210 4 752
2912423 6414913 7666462 9948230 

211 0 752


212 0 752


213 0 752


214 0 752


215 0 752


216 0 752


217 42 794
525424 532695 831898 847792 1463889 3050672 3292540 3759817 4016236 4193402 4204822 4304299 4602148 4672114 4824927 5415156 5606822 6101440 6567627 7003212 7347867 7479813 7495669 7873982 7892050 7972333 7994527 8521212 8589741 8672415 8938050 9451173 9454218 9671153 9850234 9865304 10471081 11444382 11835178 11858548 11954013 12281674 

218 0 794


219 0 794


220 0 794


221 0 794


222 0 794


223 0 794


224 0 794


225 0 794


226 0 794


227 199 993
97422 148843 154188 191899 237634 243788 263017 359092 437645 446468 786244 1008561 1063410 1107743 1131191 1176852 1255002 1259801 1363244 1425866 1486513 1532735 1593357 1660935 1664307 1762094 1807402 1849668 1872031 2020020 2041164 2050842 2060535 2177900 2179626 2212067 2230356 2375825 2420230 2572657 2607780 2615907 2642235 2648501 2717507 2761578 2802064 2809203 2888569 3305770 3339712 3388258 3409983 3512825 3555521 3690848 3729932 3878562 3963016 3969221 3982226 4011769 4099667 4122253 4132585 4186323 4237240 4240144 4245152 4338071 4354581 4540012 4548982 4648164 4648575 4721411 4761520 4845924 4946488 4997204 5281387 5370038 5410590 5430361 5448923 5490726 5617566 5703826 5769857 5841345 5862823 5892535 5970449 6016290 6125813 6182581 6242735 6300685 6329882 6331760 6345342 6389965 6392446 6427077 6442967 6535323 6686862 6769927 6828308 6873423 6903965 6912573 6920362 6925500 7084506 7126035 7350466 7351216 7382187 7385637 7434086 7519669 7604538 7612869 7632090 7708874 7731781 7780343 7806802 7827480 7907597 7957554 8014153 8068400 8096180 8379579 8388950 8411807 8615737 8641043 8735582 8754628 8822402 8924889 8985758 9016708 9136036 9198418 9472111 9590117 9633466 9638786 9689433 9816145 9877704 9981346 10041101 10192988 10375866 10376278 10435126 10507030 10590013 10606323 10618557 10702972 11035232 11172390 11215801 11228469 11408403 11439570 11455762 11525256 11535911 11540036 11550348 11594195 11594273 11655152 11692358 11799523 11815083 11908044 11953906 12068646 12199782 12217470 12231394 12271678 12282622 12405257 12461342 12461915 12553719 12555096 12566379 12581768 12612731 

228 0 993


229 0 993


230 0 993


231 0 993


232 0 993


233 0 993


234 0 993


235 0 993


236 0 993


237 0 993


238 0 993


239 0 993


240 0 993


241 0 993


242 0 993


243 0 993


244 0 993


245 0 993


246 0 993


247 0 993


248 6 999
2169293 2177151 4972080 7904761 8441462 11121657 

249 13 1012
1210017 2279886 3151850 4627325 5290576 5682910 6112082 7097289 7300904 7384984 8589530 9342241 9853063 

250 0 1012


251 0 1012


252 0 1012


253 0 1012


254 0 1012


255 0 1012


256 0 1012


257 0 1012


258 0 1012


259 0 1012


260 0 1012


261 12 1024
1158088 1216661 1348259 4101862 4776775 5618288 9475290 9697139 10619431 10623214 10718859 12425422 

262 0 1024


263 32 1056
11200 204239 257919 1040085 1164951 1574529 1582006 1677632 2016743 2115893 2259829 3177497 3848260 4717053 4896245 4909082 5009782 5781328 5782060 6028561 6156416 6387609 6400337 6500451 6893175 7054631 7708826 8568760 8756530 9872675 10105188 10940543 

264 0 1056


265 0 1056


266 0 1056


267 0 1056


268 8 1064
1012108 3701456 4642535 6474224 6515638 8137268 8492250 9326092 

269 0 1064


270 0 1064


271 0 1064


272 0 1064


273 0 1064


274 0 1064


275 2 1066
9769345 12325670 

276 0 1066


277 0 1066


278 0 1066


279 0 1066


280 0 1066


281 98 1164
9104 14004 335354 633593 948845 1013641 1138516 1140642 1142849 1283359 1473402 1530303 1711360 1761640 1881240 2008465 2583222 2851311 2889701 3087218 3185047 3253693 3420080 3485573 3486359 3514560 3536788 3576086 3701127 3718175 3774116 3897030 3951873 4070798 4728407 4878376 4960581 5000280 5135490 5442815 5443604 5502689 5508948 5744873 5830989 6098500 6103258 6407726 6411387 6478940 6512468 6991004 7039111 7315642 7315837 7366719 7402757 7549243 7550488 7726410 7907239 7927029 8096490 8123193 8132669 8161061 8205456 8402584 8633561 8840880 8966302 8985769 9088372 9314697 9483828 9792724 9816098 9874419 9895934 9990621 10146921 10202876 10324800 10652922 10716425 10875396 11050753 11163166 11406779 11470302 11471205 11489085 11495342 11504454 11514805 11526511 11722001 12137173 

282 1 1165
10151076 

283 0 1165


284 501 1666
20347 35236 49015 60388 72922 94780 99897 115657 126857 133894 160365 160707 174942 193053 204760 225092 235349 241751 250670 252064 253619 306326 306366 319894 357628 370453 372786 388749 425496 435345 475921 490188 536286 553062 567574 575826 598698 614009 626091 631242 646342 662131 709770 709861 760268 772197 816903 831607 854911 872859 916905 944194 959673 980552 984641 984670 987631 998597 1044581 1053535 1113249 1115188 1119171 1128638 1143520 1150302 1170407 1220870 1223165 1226606 1243111 1316473 1316651 1322838 1329563 1350958 1376686 1415639 1417144 1437736 1456415 1462522 1536414 1548249 1646204 1654391 1655081 1656184 1756136 1756965 1757029 1803975 1847129 1850287 1851854 1859829 1867715 1891933 1901016 1901058 1906863 1915378 1917171 1926406 1934630 1942483 1996900 2000751 2002252 2026744 2028590 2029152 2037898 2041682 2047732 2069131 2079189 2098191 2109758 2149818 2168254 2181823 2262493 2286939 2291154 2302646 2307529 2319868 2324673 2345454 2349220 2359048 2427422 2571174 2584877 2608874 2614240 2647939 2663996 2707425 2713658 2718875 2723125 2723209 2790306 2844089 2865534 2876599 2884440 2885186 2959277 3028946 3056592 3080886 3134578 3182072 3187887 3219757 3223726 3228622 3263862 3265661 3265932 3303354 3340787 3341592 3343211 3367129 3370020 3394756 3421329 3442061 3443943 3445590 3475561 3485740 3497123 3516436 3521131 3525908 3535396 3562270 3565410 3572169 3594152 3614225 3623808 3632304 3641991 3744210 3771943 3787092 3843488 3887646 3901597 3907168 3909230 3913230 3932317 3936892 3953268 3959692 3960454 3987167 4010655 4022097 4028846 4045848 4063816 4075575 4093241 4097338 4101874 4124537 4142286 4158439 4174357 4187854 4207938 4215975 4245179 4245927 4273062 4295401 4307515 4347147 4376677 4385084 4475835 4584076 4593004 4655439 4663591 4667329 4683935 4713925 4722016 4727306 4740641 4749495 4790877 4830778 4867478 4878735 4883009 4897447 4903842 4910316 5030418 5041972 5050620 5136424 5141391 5143196 5171067 5171250 5178896 5189606 5214905 5216691 5230711 5232178 5259588 5268601 5308148 5326808 5346592 5355676 5367414 5375088 5391054 5450422 5457649 5465489 5478318 5492917 5531776 5561056 5561101 5582660 5707781 5760235 5771996 5783140 5802374 5819829 5846321 5847769 5875534 5883354 5886297 5891528 5913077 5941940 5992813 6007537 6037988 6085572 6098481 6130112 6164841 6170940 6311772 6316919 6342750 6377439 6396071 6402518 6418079 6435479 6494513 6495808 6524889 6548065 6598097 6653658 6663093 6762252 6768995 6811334 6849968 6874417 6887511 6909182 6912714 6914157 6927701 6948740 6952535 6957747 6986459 7003449 7015394 7030285 7087390 7087812 7101984 7125590 7293544 7312763 7355816 7361920 7363360 7385664 7399152 7487855 7524055 7539431 7601309 7603717 7610583 7665488 7704394 7843061 7910086 7920434 7954683 7965326 7966902 7974024 7983459 7986398 8074022 8077660 8119197 8134675 8146923 8153850 8179112 8252694 8275938 8298564 8312788 8327717 8343359 8368391 8368615 8373138 8426300 8535083 8540099 8564636 8565429 8583085 8629277 8631365 8647468 8669550 8701239 8706698 8709002 8730773 8749943 8793924 8871025 8874385 8891083 8894634 8946674 9011664 9021774 9040360 9054939 9097403 9127698 9133073 9152981 9156277 9161543 9188780 9266866 9272323 9338213 9376102 9384516 9447169 9451548 9482834 9504083 9569089 9651312 9717662 9755138 9809123 9812534 9815049 9840500 9858748 9869919 9897664 9924221 9941507 9948682 9976011 9984677 10065305 10142274 10163568 10220515 10220657 10291221 10317065 10352028 10490548 10491042 10616806 10644529 10662626 10683088 10683642 10693512 10714695 10750825 10756494 10827444 10828912 10856659 10901628 10907949 10908057 10951890 11015693 11107171 11116180 11130024 11307125 11456206 11473046 11502171 11542505 11575175 11613147 11615851 11619970 11662549 11694341 11699638 11830735 11881045 11894333 11918045 11931506 11957155 11979520 12170882 12210503 12260236 12273079 12286325 12323462 12358066 12360610 12369551 12456079 12544276 12550091 12554378 12571915 12574430 12617949 12653382 

285 0 1666


286 0 1666


287 0 1666


288 0 1666


289 0 1666


290 0 1666


291 0 1666


292 0 1666


293 0 1666


294 0 1666


295 1326 2992
596 3091 4685 9499 10210 14854 17359 31983 77373 80928 81945 84678 101739 106960 109116 123059 134956 138488 145284 151902 152754 155044 161764 166877 174923 175995 180763 181475 207680 212752 226159 237196 259906 267320 272998 275582 277184 277404 278653 293420 294574 303347 304691 317752 325852 330977 340821 343636 343809 346289 347915 366885 389683 401553 413209 436470 436548 447084 449467 461108 469769 483997 504893 522740 540124 562465 573555 579874 581664 584416 625912 629846 710021 749604 750258 769562 784425 797199 821544 821585 831129 864628 911825 953191 959294 961282 977912 990974 994333 996642 997739 1006387 1023793 1030344 1041076 1045303 1055707 1069506 1096295 1097301 1100769 1106691 1107318 1109700 1114922 1125602 1127529 1131321 1145824 1160523 1163659 1184976 1195247 1203744 1209777 1218668 1220435 1225809 1225826 1230561 1245211 1255819 1260833 1293758 1308813 1313190 1323016 1352556 1355297 1383910 1385112 1386787 1387153 1399907 1407650 1422439 1448895 1450711 1475875 1483940 1487952 1494023 1497094 1501100 1505386 1513929 1517010 1536077 1548997 1610117 1708104 1719696 1756398 1756769 1762772 1768871 1769980 1770381 1771078 1775642 1781669 1785179 1789140 1817945 1823405 1842252 1843901 1844186 1844395 1846737 1852758 1863360 1864948 1870239 1870390 1872508 1875689 1888318 1905293 1958216 1961707 1973044 1975078 1976422 1984013 1984799 1988408 1998901 2000596 2004231 2018451 2029738 2053735 2057661 2059512 2068868 2077481 2100792 2126390 2146788 2183988 2189368 2195262 2199709 2200899 2201047 2227105 2233402 2234395 2250409 2254665 2255963 2259503 2288583 2297673 2320898 2321358 2342452 2382870 2396499 2408667 2426097 2426763 2448962 2455411 2513750 2514719 2525839 2528769 2534315 2547744 2549743 2550802 2574577 2579873 2599640 2616242 2621044 2625348 2639236 2649501 2653894 2657365 2664156 2668658 2672359 2684802 2685020 2690244 2694848 2711832 2715629 2726110 2736405 2736521 2766755 2774948 2789856 2800904 2807577 2819476 2823858 2853910 2858209 2861745 2869466 2884051 2913574 2917123 2952361 2957959 2983498 2986719 3034511 3039913 3079700 3080729 3086464 3100543 3102026 3104681 3105614 3106563 3116951 3137262 3140522 3146244 3150456 3158451 3158847 3169224 3223609 3231232 3241910 3268753 3274450 3278215 3282432 3288197 3294752 3298339 3299646 3324301 3331929 3351450 3389403 3405443 3413757 3422174 3429971 3433867 3449802 3463289 3471375 3479131 3479805 3480006 3491924 3494358 3497192 3498382 3513543 3517117 3528662 3557694 3562095 3565356 3573722 3577674 3579045 3579407 3579639 3584519 3595433 3599893 3664588 3678243 3688609 3705471 3710191 3732910 3734764 3736782 3797667 3802113 3814531 3823700 3860842 3895873 3919447 3935686 3944306 3952467 3953551 3953931 3953990 3954498 3954612 3955574 3960744 3963535 3965832 3972064 3980114 4002283 4009571 4011028 4013861 4018512 4019425 4027702 4038215 4042364 4045543 4060240 4064583 4065584 4070327 4071265 4080717 4082614 4096374 4096526 4098053 4105362 4123708 4134125 4152893 4157406 4159773 4162858 4163734 4171118 4176486 4185032 4185128 4204382 4207156 4212031 4233955 4242811 4250071 4262671 4265006 4266216 4275401 4278765 4292183 4303868 4304628 4305113 4314895 4318732 4329190 4363453 4377392 4377858 4389127 4394757 4397826 4402161 4408931 4417465 4421317 4430846 4432763 4441140 4448942 4457432 4542666 4550324 4570616 4571226 4571798 4572701 4578249 4578763 4583570 4588447 4613444 4614287 4615866 4616386 4619944 4621509 4627084 4659519 4670250 4676857 4678713 4683584 4689056 4699941 4701156 4718374 4718417 4734861 4735066 4739488 4740525 4749129 4763359 4766135 4767509 4769219 4791061 4806383 4821912 4839399 4840641 4846523 4859149 4859876 4862078 4868427 4875535 4905173 4906569 4909773 4910374 4923701 4923860 4927942 4934653 4938717 4939721 4940931 4944048 4945800 4946066 4947776 4965791 4969200 4982194 4986639 4986974 5006611 5016957 5020264 5068622 5106514 5120832 5129761 5131749 5135640 5150463 5161497 5162346 5166180 5179999 5189941 5190768 5192052 5203333 5211468 5215783 5239366 5243291 5253800 5256769 5258357 5262156 5269275 5287669 5289783 5307348 5308343 5315154 5319947 5320454 5362678 5373273 5400507 5413244 5413798 5414759 5417505 5419068 5419882 5423067 5425231 5448805 5452988 5467032 5467240 5488519 5488586 5506597 5519507 5547404 5549180 5566517 5589764 5653370 5672034 5685890 5713414 5715018 5729221 5732881 5774603 5782899 5795991 5814493 5818906 5823223 5823751 5826020 5839402 5848259 5850634 5860533 5865455 5872521 5876699 5879081 5882074 5923787 5927403 5928147 5928910 5930835 5946249 5953257 5958477 5981593 5987907 6003210 6005894 6020312 6034381 6039045 6047446 6049787 6067471 6081017 6090342 6090908 6092197 6094490 6105515 6111609 6156986 6160624 6204097 6204550 6231829 6233175 6280663 6313021 6314807 6340519 6341645 6346402 6358382 6359534 6366106 6367163 6370115 6370147 6370765 6370997 6379992 6389052 6414963 6425173 6425483 6430745 6443601 6458380 6461085 6462020 6474197 6481823 6486303 6504764 6508003 6508675 6515576 6520969 6523350 6541143 6542465 6558181 6561542 6567734 6568349 6569731 6573998 6581106 6588434 6590799 6603383 6605796 6608782 6614607 6615442 6655791 6661967 6682760 6699438 6712232 6725383 6738520 6754937 6758696 6763164 6769947 6772603 6801951 6802281 6821357 6822877 6830303 6853054 6858459 6861387 6875899 6880704 6887527 6911907 6920495 6923859 6932944 6940254 6941436 6945951 6948645 6949595 6953084 6986798 7006768 7011740 7015380 7027780 7035978 7063161 7071358 7077049 7077632 7079802 7089587 7092968 7107223 7137093 7151463 7157120 7169215 7173959 7174473 7214061 7224500 7228036 7247091 7250171 7264569 7286327 7330732 7341108 7357670 7383011 7383880 7388560 7396525 7404693 7414949 7416363 7417060 7431389 7506760 7528935 7529033 7530832 7544528 7579648 7586884 7588406 7590051 7593023 7593053 7596918 7628503 7637508 7641587 7644720 7659516 7684159 7689134 7693138 7703182 7705996 7708807 7720425 7721560 7725914 7730049 7732147 7738259 7757788 7766615 7767315 7772797 7806809 7824241 7860940 7868090 7879966 7881019 7885144 7890209 7891541 7892200 7897536 7903249 7909081 7910855 7920739 7926580 7926593 7927903 7931134 7936449 7943132 7950583 7965464 7971063 7975160 7981412 7981725 7986543 7986858 7989725 7990392 7998323 8011601 8040524 8044224 8050350 8052859 8057108 8069022 8071010 8081022 8082121 8082797 8084080 8086037 8103278 8106967 8107410 8108149 8109965 8110560 8120872 8128310 8141480 8168517 8169038 8172660 8172815 8187850 8190514 8191039 8192550 8201371 8216450 8244132 8246809 8248160 8280476 8286343 8304342 8322693 8324053 8352405 8352412 8373635 8377763 8381295 8381705 8409734 8412852 8416907 8423255 8440561 8441230 8444545 8455959 8459227 8459462 8497694 8500581 8518806 8525160 8525731 8526351 8531045 8533651 8554508 8559360 8592643 8596491 8604686 8610498 8625541 8625592 8628769 8629235 8629527 8631079 8639321 8642141 8659075 8675552 8712806 8742606 8757863 8760824 8806931 8818713 8827476 8842097 8846465 8852803 8853983 8856603 8862217 8862593 8863119 8869527 8880436 8899496 8904776 8923029 8923199 8923801 8925363 8929504 8942408 8948466 8964625 8969507 8971393 8972873 8974509 8976864 8981748 8986534 8995373 8997951 8998393 9031016 9045841 9048019 9063288 9065071 9079541 9089032 9094670 9102961 9114097 9119969 9120444 9120894 9144662 9146429 9158735 9167308 9188075 9188659 9189475 9192412 9204395 9207592 9228274 9229409 9265615 9297364 9302378 9324602 9325737 9328179 9329801 9335015 9338827 9352387 9353084 9353796 9360135 9366233 9377835 9389563 9391212 9399218 9404514 9406601 9407174 9409928 9417919 9424817 9425839 9431670 9443446 9445108 9445441 9448269 9451131 9473738 9474502 9505422 9523945 9524115 9529994 9533159 9533662 9537200 9539168 9543991 9555511 9590154 9592186 9600442 9615045 9616055 9622306 9627529 9653284 9660969 9699776 9706099 9710111 9747777 9767505 9781185 9781733 9789155 9789294 9794569 9801506 9811718 9816080 9816299 9817667 9818309 9823850 9858987 9861162 9876893 9879410 9885952 9889192 9901760 9905953 9910241 9911142 9911764 9932794 9937760 9937774 9951018 9951420 9966950 9969614 9972288 9987060 9988050 9998083 9998695 10003263 10023281 10023676 10038382 10041183 10042606 10043474 10046770 10090105 10105012 10119252 10121149 10130572 10143270 10146473 10174864 10181295 10183991 10204016 10211814 10212976 10213630 10224621 10232193 10261529 10269996 10271503 10272186 10277378 10279689 10280210 10280861 10283389 10298987 10300440 10300587 10323351 10323898 10324471 10344314 10356159 10356269 10356662 10357213 10361580 10363010 10384694 10385464 10389729 10401439 10404149 10415690 10420973 10422371 10425263 10432781 10436397 10436927 10456523 10463349 10465134 10467497 10483435 10502142 10508997 10518711 10525977 10535285 10540964 10545550 10561007 10562092 10572449 10592481 10609010 10610337 10630380 10630937 10633551 10636328 10637202 10637766 10643399 10658783 10661029 10662378 10664737 10667064 10674026 10675470 10682011 10684958 10688864 10690358 10692259 10703765 10720801 10746541 10751018 10752995 10755241 10759042 10760907 10761042 10767731 10770292 10774664 10776398 10778355 10779294 10788362 10789288 10796632 10809704 10821722 10822245 10823150 10827388 10836664 10836869 10837334 10839999 10840906 10851396 10862022 10877592 10884595 10894271 10913494 10915123 10926607 10928675 10953205 10992648 11005680 11025348 11034588 11037416 11040422 11059082 11071839 11078852 11079454 11109500 11121644 11130275 11131079 11131607 11132125 11139113 11161291 11166201 11166445 11177114 11177479 11177831 11178295 11196387 11209552 11222240 11244660 11247321 11251600 11255985 11256983 11257703 11266993 11268070 11285514 11324063 11335797 11344094 11346281 11366669 11366914 11367092 11404823 11406433 11416381 11426574 11427633 11439099 11440159 11442137 11460193 11483474 11486187 11499955 11500460 11501629 11503050 11503751 11526508 11529346 11531272 11531287 11532746 11566209 11567637 11571644 11574770 11585884 11587394 11602601 11606060 11624730 11636655 11685786 11698486 11720652 11733397 11734352 11736597 11748494 11787830 11789719 11805988 11814057 11840156 11850593 11852550 11868207 11884536 11903815 11905109 11909295 11913536 11915022 11915052 11933506 11943829 11945357 11945840 11963189 11965851 11967047 11993049 11996302 12006074 12038189 12040276 12062353 12062645 12086020 12104968 12109259 12139503 12180926 12180966 12191016 12201700 12204166 12244365 12247780 12249894 12254334 12263228 12266480 12283520 12316584 12319761 12324800 12339047 12349780 12356338 12360263 12371029 12398174 12404773 12418985 12424785 12425099 12432959 12447659 12461911 12493148 12532445 12565732 12572167 12578330 12579654 12588998 12592959 12605487 12608439 12623590 12624514 12625577 12632756 12635636 12654824 13417619 13935485 14373906 14477568 14972869 15065104 15987100 

296 0 2992


297 1 2993
6348952 

298 0 2993


299 0 2993


300 0 2993


301 0 2993


302 0 2993


303 0 2993


304 0 2993


305 0 2993


306 0 2993


307 0 2993


308 0 2993


309 0 2993


310 0 2993


311 0 2993


312 0 2993


313 0 2993


314 0 2993


315 0 2993


316 0 2993


317 0 2993


318 0 2993


319 0 2993


320 0 2993


321 5 2998
3111394 4100207 7110011 9299192 9308941 

322 1 2999
1021829 

323 0 2999


324 0 2999


325 1 3000
16262 

326 0 3000


327 0 3000


328 0 3000


329 0 3000


330 0 3000


331 0 3000


332 0 3000


333 0 3000


334 0 3000


335 0 3000


336 0 3000


337 0 3000


338 0 3000


339 0 3000


340 0 3000


341 0 3000


342 66 3066
202103 305389 987448 1008985 1057162 1097736 1169962 1275396 1373368 1796163 1816593 2098680 2125476 2194745 2990460 2999845 3000382 3218885 3242965 3299745 3597579 3652864 3732688 3839515 3915150 3976411 4368924 4635063 4677013 4683316 4711525 4739555 4855788 4856286 4948073 4949875 5011230 5739930 5771418 5859276 5944166 5944925 6257603 6385760 6576169 7465417 7475768 8269407 8505800 8538820 8649934 8685574 8709657 9042537 9312540 9436249 9581961 10127408 10234224 10273854 10605953 10740977 10944168 10952481 11399528 11851268 

343 0 3066


344 3 3069
2888371 4254227 7566076 

345 0 3069


346 0 3069


347 0 3069


348 0 3069


349 0 3069


350 0 3069


351 0 3069


352 0 3069


353 0 3069


354 0 3069


355 0 3069


356 0 3069


357 0 3069


358 0 3069


359 0 3069


360 0 3069


361 0 3069


362 0 3069


363 6 3075
1369347 3506817 6286757 7193463 10003192 12197715 

364 0 3075


365 0 3075


366 0 3075


367 0 3075


368 3 3078
6920689 12016545 12247111 

369 0 3078


370 3 3081
3254704 3320265 9917403 

371 0 3081


372 175 3256
3078 162956 422336 858251 1156135 1271199 1348412 1466304 1491234 1613614 1757642 1816922 1869898 1891940 1903025 1912420 1980803 2137605 2138478 2141993 2142875 2146083 2192243 2193108 2193964 2195675 2220655 2513395 2516534 2686083 2744283 2751115 2813547 2856590 2968331 3030249 3394956 3522488 3540446 3883871 3898787 3941819 3987557 4092056 4222074 4223662 4414565 4455404 4541602 4561459 4717420 4732068 4875377 5069389 5089546 5433375 5627634 5739346 5819546 5867216 5876134 5973114 6279618 6341466 6399619 6557873 6823414 6847249 6849689 6850373 6851046 6861689 7028638 7115293 7417186 7449449 7528758 7528980 7551123 7625966 7628059 7644991 7646726 7672843 7743358 7758810 7762152 7819736 7861566 7938107 8100869 8108056 8191305 8450014 8476087 8562648 8750685 8751939 8845183 8874762 8958700 8960428 9020193 9095385 9097369 9194126 9259969 9374436 9462991 9471818 9596904 9774434 9820066 9842161 9917364 9934653 9959894 9990680 10013725 10017823 10123910 10172528 10206933 10262351 10272866 10296425 10340870 10381648 10400609 10401091 10451122 10477681 10609531 10613931 10638062 10693833 10702080 10738212 10738404 10759273 10760691 10763264 10810786 10811387 10926544 10951868 10953120 11062651 11085256 11387424 11413763 11415397 11421380 11482405 11864490 11868685 11965235 11970367 12052110 12181585 12214959 12215215 12236907 12279294 12282193 12331453 12354726 12365606 12483227 12484424 12488602 12488949 12555413 12567849 12579712 

373 0 3256


374 0 3256


375 0 3256


376 0 3256


377 0 3256


378 0 3256


379 0 3256


380 0 3256


381 0 3256


382 0 3256


383 0 3256


384 0 3256


385 0 3256


386 0 3256


387 0 3256


388 0 3256


389 30 3286
375302 1262245 1311719 2313847 2466263 2645992 3896558 4310077 5152920 7514689 7641126 7960196 7979221 8084960 8291749 8386305 8565168 8661302 9457954 9489482 9779317 9858342 10463652 10666566 11380835 12012889 12014884 12356799 12437471 12637453 

390 0 3286


391 0 3286


392 0 3286


393 733 4019
3896 10239 13972 59820 83948 121476 126197 143012 143722 144139 177972 186306 193626 198931 200130 203671 212805 222578 252060 263738 270677 303351 319899 336415 344702 351148 352281 361422 362982 366538 391665 394091 402190 407123 444563 451578 497105 499619 513576 534645 536564 543232 546843 568127 638067 639547 667809 738181 745856 811790 827589 836531 882246 942255 943992 945773 1010602 1022993 1027328 1031476 1038408 1050489 1069684 1081049 1091025 1123175 1177994 1185877 1195865 1206152 1224337 1225732 1230314 1249936 1254621 1277063 1284577 1297170 1337968 1350983 1371226 1373065 1392343 1434776 1457552 1458696 1484082 1492809 1525250 1569223 1617658 1742602 1761012 1830089 1837851 1854043 1877538 1880996 1884392 1897855 1907995 1908614 1908635 1913121 1914726 1924545 1926858 1928381 1929009 1939409 1942788 1959117 2005541 2012535 2020283 2022393 2033956 2056215 2077050 2115219 2147636 2163863 2171907 2195610 2198385 2209921 2213779 2220939 2228282 2256489 2284246 2365739 2395736 2530160 2538027 2541564 2542738 2573016 2574260 2586857 2605198 2646506 2658198 2660662 2700604 2763545 2788878 2809061 2867024 2922053 2961082 2997309 3050166 3063250 3150009 3191365 3199498 3214779 3269206 3307558 3310236 3313197 3317731 3328206 3347792 3354447 3365299 3368684 3379749 3390005 3391945 3496706 3593106 3673401 3722539 3755342 3909912 3914704 3921877 3932147 3953656 3965571 3974285 3981273 3995475 3995487 3999362 4013984 4034188 4042173 4044682 4045539 4059899 4089682 4090788 4093565 4094269 4096863 4115061 4134499 4163708 4203718 4223322 4245585 4256889 4264253 4274977 4296904 4322498 4329292 4329412 4371034 4378279 4396163 4451993 4482535 4491515 4566780 4570985 4573057 4577643 4594377 4598877 4599262 4620449 4621362 4642790 4652278 4654315 4680439 4728743 4752639 4773311 4782140 4851082 4862849 4868027 4875678 4886833 4930084 4964110 5033410 5148682 5171253 5241532 5284011 5290269 5318365 5320854 5330302 5339517 5353261 5425951 5478178 5491020 5492745 5523029 5702989 5764791 5836964 5848762 5865453 5882043 5889701 5921124 5930828 5961791 5963093 5963411 6018324 6066513 6219828 6259859 6263850 6278533 6281919 6308157 6309743 6320972 6343195 6347960 6359705 6383929 6443867 6474111 6478762 6480498 6487034 6497440 6510987 6519423 6520605 6527795 6560437 6571116 6583035 6584147 6588626 6590134 6596699 6609645 6659282 6690297 6693074 6713930 6744361 6795040 6818962 6852698 6882070 6901714 6905097 6909145 6923613 6924216 6936512 6953536 6955018 7009540 7016020 7025042 7029277 7076605 7078589 7095566 7098068 7127010 7131366 7209005 7240067 7242759 7260477 7295379 7296718 7301832 7317909 7342342 7347330 7347777 7354436 7354874 7358517 7364240 7371884 7384368 7403886 7405877 7407153 7419709 7427418 7442005 7443248 7443616 7450028 7464659 7483544 7489816 7494815 7517262 7527100 7538745 7542100 7554610 7563403 7568549 7569215 7577616 7591860 7596821 7598862 7602164 7604159 7604738 7605012 7608726 7620772 7626229 7626512 7636544 7646261 7702171 7706216 7708097 7759328 7765396 7775662 7783428 7814060 7827183 7872281 7899518 7908486 7918847 7921616 7925693 7929995 7931762 7936207 7973133 7991148 7991988 7996331 7999568 8001343 8002944 8006970 8012547 8017593 8029508 8033638 8036833 8045064 8046876 8047328 8050663 8057113 8059285 8060374 8063467 8067124 8079401 8086737 8087875 8100894 8102248 8106919 8115086 8125383 8126745 8138342 8157733 8166714 8197316 8202398 8222698 8241770 8243795 8248898 8267278 8274692 8287806 8301344 8318699 8401533 8427382 8429636 8432705 8435089 8441280 8442579 8460769 8464136 8470234 8479941 8486842 8488385 8492711 8495981 8503546 8516589 8551234 8554210 8565580 8577139 8585657 8585828 8596792 8607071 8655961 8657960 8684321 8705948 8727788 8733568 8734594 8755909 8808175 8808856 8816278 8839923 8842021 8861357 8869573 9000205 9072457 9084104 9123358 9301330 9324104 9327663 9336789 9350376 9351382 9354178 9376148 9391029 9394282 9394636 9429035 9434052 9434752 9455588 9458684 9477932 9508550 9541211 9566416 9580909 9589998 9641392 9659670 9685911 9759606 9791099 9792923 9797266 9807005 9824126 9835109 9845478 9845728 9868002 9872834 9891351 9909636 9928380 9954357 9957615 9959641 9974296 9981868 10018491 10022722 10076618 10122483 10160068 10176571 10180595 10183563 10185793 10186427 10194004 10206477 10228725 10232870 10233072 10233747 10236153 10240176 10242374 10249996 10254425 10274187 10281507 10286937 10295973 10304329 10310306 10318147 10324664 10335810 10346586 10355839 10362025 10362901 10366085 10367546 10391999 10412622 10419682 10426789 10442308 10447685 10459955 10462463 10476709 10477703 10524535 10527052 10545097 10554721 10558644 10562359 10609833 10625450 10630936 10636026 10648459 10650930 10650969 10651627 10654152 10669614 10677746 10689362 10697777 10698248 10715722 10735920 10743858 10745497 10760044 10766559 10769364 10788011 10800233 10800556 10801239 10803209 10806005 10816929 10830625 10834147 10840674 10881381 10908333 10920432 10929229 11003210 11048596 11052623 11057846 11064172 11065429 11067741 11071808 11083873 11088317 11088632 11107671 11125831 11154873 11173005 11189874 11194367 11210148 11211312 11215667 11227694 11231180 11237547 11262176 11278375 11283810 11321692 11333194 11368714 11396851 11424769 11431719 11434380 11446969 11449414 11449841 11457295 11473503 11473580 11487079 11511396 11514651 11527354 11527561 11535661 11537199 11551841 11554361 11556413 11559538 11579120 11593109 11626960 11670954 11686758 11689399 11741526 11766802 11791733 11800406 11801436 11825729 11832303 11854832 11859628 11870278 11871058 11886624 11894275 11895038 11926024 11935625 11969089 11970700 11990066 11990210 11994362 12032112 12038962 12045122 12064577 12110577 12112020 12123142 12172931 12172974 12183586 12188105 12207515 12232496 12233913 12234575 12237708 12241391 12246978 12252849 12273418 12277415 12289300 12299729 12315626 12320131 12363496 12393268 12448786 12492853 12518360 12554423 12581202 12597031 12597044 12603380 12605891 12611668 12629214 

394 0 4019


395 0 4019


396 0 4019


397 0 4019


398 0 4019


399 0 4019


400 0 4019


401 0 4019


402 0 4019


403 0 4019


404 0 4019


405 0 4019


406 0 4019


407 0 4019


408 0 4019


409 0 4019


410 8 4027
1601821 2893318 3170000 4168674 5474250 6653343 7021081 9953622 

411 0 4027


412 0 4027


413 0 4027


414 0 4027


415 6 4033
516516 2889872 3436094 4623325 7656174 9409729 

416 0 4033


417 0 4033


418 0 4033


419 0 4033


420 0 4033


421 0 4033


422 0 4033


423 3 4036
370968 5900298 9148202 

424 0 4036


425 0 4036


426 0 4036


427 0 4036


428 1 4037
11689956 

429 0 4037


430 0 4037


431 0 4037


432 0 4037


433 0 4037


434 207 4244
55454 134922 180902 194893 222563 420261 421824 426117 427207 666187 1004203 1045775 1047475 1066914 1093989 1095128 1120801 1196826 1228014 1293507 1398414 1436086 1509143 1693784 2019570 2337127 2582684 2677390 2718791 2799385 2809704 2828844 2830804 2834406 2845939 2950531 3272585 3280736 3306512 3316962 3451342 3490334 3520125 3540000 3582595 3589914 3601859 3702624 3723872 3724131 3844098 3846374 3885585 3915461 3980396 3982396 4073954 4559922 4570444 4661426 4738413 4751553 4823139 4825616 4922778 5115877 5140149 5190692 5313784 5314610 5359147 5373243 5376490 5419003 5435852 5516231 5518638 5597004 5853965 5856170 5893738 5963005 6360969 6642023 6771925 6941070 6971501 7028045 7124076 7137656 7376890 7383696 7404157 7406313 7436335 7439810 7470597 7476968 7522287 7565394 7620623 7628226 7641895 7670762 7712730 7739033 7744889 7756696 7784551 7874079 7929938 7939481 7952057 8026554 8042097 8135682 8224468 8291666 8398071 8412855 8422429 8445348 8525014 8588378 8732910 8760247 8930146 8953792 9031957 9304314 9321554 9402967 9408286 9424295 9524150 9548576 9551398 9620939 9639383 9837773 9840467 9873835 9942317 9985843 10157384 10190441 10196343 10203810 10259372 10264070 10276466 10280257 10281806 10315124 10378352 10463240 10593746 10595325 10615676 10628463 10630372 10648640 10673833 10677034 10697116 10763936 10766342 11006021 11070233 11070491 11070519 11084992 11140398 11201231 11214651 11219877 11261508 11316201 11327838 11348241 11522306 11535854 11544368 11554736 11579730 11604729 11615440 11665856 11666243 11666950 11685940 11803929 12048508 12063607 12162451 12162464 12190761 12215103 12234020 12247759 12309528 12395805 12419827 12545698 12564966 12584204 12640490 

435 0 4244


436 0 4244


437 0 4244


438 0 4244


439 0 4244


440 0 4244


441 0 4244


442 0 4244


443 0 4244


444 0 4244


445 356 4600
13208 16440 22379 29003 93505 202706 286064 289731 293403 312915 370849 445820 545279 909464 972231 1082842 1133438 1165316 1185992 1271082 1286581 1300666 1329184 1583764 1778637 1897574 1945160 1970401 1979923 2089611 2127036 2139742 2248913 2340392 2362067 2430972 2438799 2601343 2623868 2654597 2720972 2750483 2789812 2801060 2829160 2904585 2999550 3029454 3066770 3166779 3217361 3243196 3244777 3302800 3332304 3337310 3357246 3396534 3417019 3422167 3483442 3500660 3518752 3522380 3536270 3547522 3576031 3599209 3631433 3647883 3714266 3714864 3730169 3778772 3816856 3859890 3905983 3906881 3938115 3940591 3940887 4002856 4011561 4041467 4070927 4071284 4084711 4091153 4131349 4158310 4160328 4184739 4186384 4226409 4227213 4241905 4307445 4310854 4312222 4337669 4379072 4411148 4493765 4562316 4566194 4567597 4642198 4657070 4674855 4702852 4892845 4907136 4931488 4995690 5161281 5190695 5234642 5251644 5306949 5332647 5700201 5723844 5785691 5796493 5822862 5844183 5871244 5887483 5888448 5888498 5929151 6014748 6021687 6064383 6118483 6132131 6185666 6247477 6335040 6343806 6344066 6349183 6377237 6381816 6506878 6509433 6527119 6537784 6545397 6546606 6566662 6582442 6611294 6641445 6658072 6664276 6671114 6706001 6747951 6849769 6880714 6911395 6980442 7001078 7008875 7026493 7131158 7268726 7359814 7379808 7404741 7423548 7427393 7444144 7459048 7464416 7491943 7506952 7524210 7604794 7748993 7884382 7926482 7938456 8001597 8031452 8050003 8072605 8077144 8080357 8112836 8122458 8228384 8335193 8529811 8534032 8598569 8611806 8622551 8670485 8688288 8730751 8731689 8761570 8762025 8812477 8840910 8849571 8886964 8899349 8909787 8972008 8981061 9002252 9047734 9057972 9060142 9084222 9112330 9115054 9130737 9136044 9217463 9412298 9421947 9449358 9502324 9519109 9519469 9522713 9538789 9580075 9594233 9594634 9596092 9646176 9787823 9819622 9820161 9831907 9844542 9849155 9858798 9863638 9869587 9873993 9882186 9893116 9895140 9914813 9923844 9924457 9930439 9936783 9938190 9938815 9961784 9977322 9988991 9992850 10024073 10032444 10048809 10084548 10096826 10144638 10150991 10213090 10229333 10250682 10266825 10297674 10316436 10333088 10337312 10344435 10348704 10381424 10394269 10407061 10484179 10486383 10494407 10520900 10591547 10602402 10641569 10646807 10647883 10667920 10673983 10692825 10707420 10757983 10759936 10762408 10777788 10783396 10789521 10790476 10795499 10864202 11013350 11030373 11033871 11036666 11041753 11078030 11082491 11118061 11162021 11169533 11261377 11264610 11276301 11280195 11335547 11384945 11440196 11440263 11454049 11640548 11679931 11683023 11712281 11762365 11794037 11917490 11924852 12009625 12021638 12044446 12085617 12129139 12129354 12182752 12190943 12216120 12257613 12264892 12280252 12305091 12314024 12335236 12357451 12362787 12370908 12437615 12464820 12476952 12501707 12551978 12572144 12584740 12625074 13555483 

446 0 4600


447 0 4600


448 16 4616
1088197 2298345 2571576 2815729 4884727 5232079 6269745 7454188 7531084 7937378 8827168 9201136 10306763 11030464 11189624 11267103 

449 0 4616


450 0 4616


451 0 4616


452 0 4616


453 0 4616


454 0 4616


455 0 4616


456 0 4616


457 0 4616


458 0 4616


459 1 4617
10740894 

460 0 4617


461 0 4617


462 0 4617


463 0 4617


464 0 4617


465 0 4617


466 0 4617


467 0 4617


468 0 4617


469 0 4617


470 0 4617


471 0 4617


472 0 4617


473 0 4617


474 0 4617


475 0 4617


476 0 4617


477 0 4617


478 0 4617


479 153 4770
4925 55383 70877 87968 116870 227446 237844 284116 357329 400002 485958 606007 614311 663202 707675 717160 791767 954095 973556 999177 1083176 1085353 1109249 1127657 1223382 1230732 1376130 1380070 1410369 1427720 1497350 1610634 1658539 1674277 1781777 1782011 1791826 1872824 1883803 1940522 1975976 2000717 2034404 2069218 2147348 2207721 2259159 2440952 2605031 2670512 2682788 2719425 2794341 2823126 2878026 2882908 3026645 3101522 3141312 3286996 3375267 3404579 3456023 3475739 3608435 3824625 3895977 3921060 3945168 3952674 3970971 4038915 4104229 4124923 4203934 4279357 4347776 4376282 4453488 4527393 4533450 4563988 4627346 4672985 4703292 4743924 4830667 4874746 4929309 5015542 5025270 5054419 5065498 5171542 5178070 5296488 5301195 5315597 5324541 5377274 5393762 5402876 5458931 5510049 5606322 5630844 5731039 5803041 5902413 6020111 6024735 6076276 6133899 6344856 6415278 6522080 6990000 7115126 7254070 7283208 7352393 7648750 7709911 7716044 7853217 7947532 8029386 8107766 8145170 8461299 8807156 9028962 9038963 9174803 9229830 9300635 9440866 9517454 9534096 9543684 9643877 9860363 10045887 10216004 10396328 10416370 10870197 10935779 11197731 11553261 11583576 11854532 12091889 

480 0 4770


481 0 4770


482 0 4770


483 1 4771
5247752 

484 0 4771


485 0 4771


486 0 4771


487 0 4771


488 203 4974
43059 52314 169555 176759 264366 275625 556693 667241 977728 1042540 1078848 1089397 1168428 1170927 1281009 1392007 1424222 1483929 1627858 1877726 1885744 1930921 1958081 2075702 2085506 2093835 2108948 2124889 2149982 2169539 2231729 2413033 2513871 2649482 2749952 2751209 2761551 2795120 2814572 2887466 2920480 2935892 2946571 2947350 2948146 3028632 3075436 3185065 3207096 3214647 3216660 3227419 3300469 3319531 3415068 3453941 3488624 3506660 3508644 3547581 3567510 3581047 3591446 3723155 3771873 3844080 3950737 3974768 3986577 4012173 4144903 4181583 4206535 4220796 4254832 4260791 4353310 4568319 4687280 4691439 4697924 4706195 4773213 4798381 4812990 4835758 5150922 5156275 5208882 5288288 5292012 5293023 5298732 5298856 5340127 5367586 5430446 5430943 5459730 5562062 5695028 5721600 5798333 5805082 5899336 5938329 5938362 5972678 6011255 6020858 6035004 6052697 6344064 6362047 6376552 6435370 6435961 6547229 6587741 6819523 6821933 6960298 7056176 7081258 7165320 7244839 7381777 7467113 7485304 7502911 7518092 7568837 7579882 7640713 7692288 7875460 7917595 8011648 8377691 8439481 8457260 8474436 8499624 8529023 8543365 8676819 8797272 8882735 8891955 8895522 8909784 8948638 8949206 8949782 8970470 9060191 9066670 9102507 9301879 9536264 9613580 9690310 9718150 9745979 9764254 9805571 9851462 9896758 10062212 10202715 10206749 10226964 10234309 10316849 10319462 10360242 10783910 10788641 10816939 10971566 11147759 11152412 11213814 11282921 11316378 11491674 11500128 11526364 11558896 11825020 11853938 11906897 11914656 11918001 11918474 12000915 12230207 12304604 12368384 12369331 12372058 12402471 12497013 

489 0 4974


490 0 4974


491 0 4974


492 976 5950
2498 25532 39102 40946 49774 54282 142072 143480 176514 185594 190880 197385 209449 245725 292400 306273 315715 318210 333009 337048 346526 404424 432435 432503 445073 449076 467984 488750 491518 494523 528915 534266 535311 548869 551228 628124 640670 641721 653876 673821 686131 692744 710971 789882 839552 903527 950325 951443 959961 995605 996984 1005089 1006034 1008008 1057970 1075534 1108257 1110691 1148907 1183280 1200496 1223681 1229471 1258147 1266723 1267796 1305152 1311150 1320113 1372015 1372976 1392100 1393842 1395525 1399841 1511594 1578757 1591301 1607349 1608297 1621006 1623947 1624422 1640676 1663227 1664760 1684877 1692996 1758549 1782562 1794359 1802746 1807683 1826841 1837668 1839452 1842920 1843987 1858111 1858966 1860133 1862166 1870387 1872159 1873790 1899526 1926977 1929748 1937480 1952316 1966453 1972528 1973618 1983374 1986332 1990998 2004828 2019465 2020420 2024215 2076738 2106979 2132988 2146018 2147822 2172080 2185324 2189325 2200748 2217570 2225735 2240899 2274689 2278975 2308008 2316776 2322214 2336570 2369442 2416603 2459570 2516003 2516481 2522847 2523180 2528642 2532914 2556229 2562498 2569650 2572135 2588973 2596991 2603338 2605695 2631651 2635416 2638118 2639081 2668796 2675246 2687507 2742836 2744113 2759936 2774816 2804064 2812976 2816805 2821255 2822161 2844399 2855750 2931018 2955644 2968198 2983478 3026263 3046047 3054314 3062908 3109785 3158828 3159979 3162770 3163224 3163337 3197136 3219435 3226389 3227352 3228356 3232283 3260088 3260986 3264828 3275921 3281908 3290470 3295956 3296845 3301782 3304632 3336052 3342169 3347474 3349382 3350287 3350294 3357285 3361286 3374815 3381628 3393432 3395289 3410505 3411314 3422891 3438892 3451785 3459631 3463400 3476392 3531076 3552527 3561076 3561601 3601107 3629249 3639262 3829522 3831850 3896058 3905523 3911925 3914913 3922072 3933404 3973856 4002384 4022015 4046938 4047011 4052421 4054919 4096048 4126607 4185170 4194554 4199477 4211342 4216758 4244555 4246078 4247633 4252968 4264112 4270201 4292542 4293495 4296378 4297894 4298146 4298157 4302404 4336367 4344450 4346386 4347025 4352527 4353124 4353744 4375634 4387549 4388000 4472498 4524603 4529777 4538249 4543013 4561593 4566638 4566672 4577894 4587757 4588627 4608111 4620439 4634257 4648299 4652777 4653651 4664093 4666690 4712425 4715891 4718816 4718955 4733500 4739631 4747894 4753752 4762276 4768342 4800856 4804662 4810319 4812279 4817688 4840322 4854215 4879279 4906625 4934936 4953624 5013585 5016536 5019105 5020360 5021335 5136474 5152649 5172704 5175011 5178617 5204145 5214355 5239139 5253854 5299671 5328366 5363669 5409410 5432463 5488725 5509708 5583456 5584981 5585112 5628594 5631816 5656901 5675805 5740905 5753915 5776236 5787523 5800478 5831260 5835806 5845918 5852402 5897106 5897392 5925444 5945022 5954804 5963316 5987539 6006337 6037418 6047358 6048766 6049378 6054931 6111317 6114275 6146998 6240813 6279956 6293264 6300113 6314622 6332630 6345253 6346254 6348364 6378677 6409656 6421373 6429378 6451025 6466373 6491152 6534222 6582538 6604433 6605828 6605884 6632500 6666559 6668153 6671356 6671890 6677535 6691686 6694575 6738808 6739541 6739907 6782515 6822446 6827946 6840731 6847099 6855363 6861813 6862206 6908263 6919335 6927078 6937861 6957861 6961677 6964487 6986055 7008177 7015056 7016219 7030888 7041355 7044303 7058801 7061479 7063319 7075581 7092044 7093241 7100610 7102448 7121101 7138215 7146865 7147932 7171436 7189031 7204736 7248258 7249008 7251201 7254974 7288682 7300193 7331185 7348752 7348950 7349989 7366387 7405991 7410443 7414898 7423491 7425334 7432833 7436220 7442853 7466237 7468460 7468498 7469179 7472658 7480133 7491682 7492158 7495271 7504463 7513608 7527016 7528304 7529606 7550111 7557964 7592483 7595524 7600075 7603260 7608584 7612358 7620662 7628015 7656794 7659154 7672964 7674525 7680564 7685124 7690538 7691420 7694063 7697783 7698337 7709437 7713274 7716556 7792589 7860597 7862575 7863648 7864539 7882507 7894013 7912525 7917398 7927621 7930414 7937191 7957599 7970231 7970934 7973009 7975576 7990405 7999032 8017911 8029973 8049007 8051651 8069126 8069777 8084518 8085431 8115777 8122831 8124296 8132425 8134271 8134619 8143147 8194224 8197921 8202379 8208322 8217655 8229221 8229709 8230014 8240067 8241103 8242111 8243475 8248037 8271429 8280943 8281195 8281663 8281873 8286412 8309835 8310978 8311531 8313739 8314295 8314583 8321080 8321341 8321780 8322267 8322377 8322990 8326126 8327045 8362704 8363921 8370094 8371766 8382853 8385928 8432589 8472824 8492439 8501554 8506271 8539388 8548368 8560227 8607636 8616582 8624962 8715037 8715474 8739777 8741316 8743838 8831886 8842771 8851089 8854789 8858294 8880716 8881310 8881882 8886728 8910892 8921913 8936745 8942529 8943204 8946594 8960766 8971816 8983558 8986108 9005155 9005291 9016002 9017592 9033457 9075312 9106423 9139351 9216573 9238493 9303389 9309683 9330465 9349815 9355534 9356628 9370469 9374830 9378392 9380454 9389140 9398691 9399793 9400965 9405069 9412044 9414464 9427398 9428319 9430740 9434687 9462808 9493525 9533806 9556234 9582757 9585953 9586318 9586895 9592224 9594296 9608131 9610462 9614472 9618347 9644466 9665808 9666280 9671800 9682306 9682531 9684289 9702017 9702219 9706048 9706230 9706808 9707000 9707571 9715734 9716591 9719203 9727894 9738836 9739632 9739662 9766193 9773317 9774771 9778484 9792795 9799179 9800934 9817715 9822086 9826065 9841685 9842109 9852748 9856205 9862765 9871826 9872378 9891904 9894849 9908108 9911309 9921301 9927682 9952244 9960968 9967202 9968246 9971937 10002818 10003750 10004422 10005027 10005437 10038979 10046581 10055160 10090621 10119946 10177828 10186686 10192886 10204843 10205202 10211705 10224357 10236677 10250220 10254920 10259016 10268952 10269507 10270043 10272120 10291397 10304090 10312204 10319172 10320248 10338164 10338221 10344007 10354884 10385408 10421941 10438225 10439939 10467263 10468394 10495273 10506924 10511010 10586826 10591877 10593164 10594690 10594705 10596739 10596779 10613572 10627393 10672760 10673257 10688113 10689583 10695065 10705499 10721851 10729389 10737724 10738224 10756977 10773032 10813729 10820346 10835905 10840551 10845664 10867639 10879510 10887098 10908817 11004602 11017873 11018906 11019304 11020881 11021406 11025067 11031782 11036146 11039884 11044256 11052958 11054020 11082675 11088448 11109556 11114099 11127409 11132750 11143968 11145162 11145990 11146466 11150288 11151256 11158396 11174905 11185228 11187169 11198176 11201115 11202103 11208165 11208779 11209243 11223602 11236504 11246466 11246868 11247125 11251242 11251687 11263905 11281128 11302226 11307720 11308677 11308945 11348846 11356661 11381442 11396660 11404549 11405766 11408356 11418522 11423195 11426668 11432827 11440257 11443967 11446168 11446203 11449062 11457070 11460580 11461989 11468722 11481189 11483348 11488904 11496395 11505947 11513632 11529099 11532637 11545500 11547899 11550161 11557229 11558644 11565147 11565652 11566161 11577722 11586640 11587387 11587538 11597372 11609215 11618487 11620593 11660774 11664965 11667029 11667399 11671610 11711824 11723843 11733274 11770312 11793999 11813816 11823525 11829515 11831085 11833537 11834775 11856345 11865324 11879300 11903348 11909993 11916158 11932729 11936556 11946918 11963611 11963863 11964088 11964733 11974767 11984393 12000073 12000946 12001996 12004454 12010402 12011938 12016254 12046304 12097408 12166907 12179795 12180248 12181645 12183649 12185218 12190819 12211331 12217683 12218205 12219739 12220251 12223293 12227824 12228235 12229245 12238598 12242215 12249846 12250723 12254809 12263948 12264336 12265189 12267630 12268119 12276526 12282072 12284481 12284790 12285236 12294444 12294668 12301228 12302583 12305327 12354281 12354358 12354708 12355165 12356926 12359445 12359566 12363460 12371668 12379017 12389251 12390928 12400370 12420580 12428662 12431075 12436224 12437777 12452694 12453264 12455397 12470370 12476707 12481314 12491272 12491497 12491998 12492319 12493673 12518823 12523549 12541945 12563531 12563874 12580763 12581331 12601581 12603249 12638245 

493 0 5950


494 0 5950


495 0 5950


496 0 5950


497 0 5950


498 0 5950


499 0 5950


500 0 5950


501 0 5950


502 0 5950


503 0 5950


504 0 5950


505 0 5950


506 0 5950


507 0 5950


508 0 5950


509 1 5951
10230179 

510 0 5951


511 0 5951


512 0 5951


513 0 5951


514 1 5952
4250057 

515 0 5952


516 0 5952


517 0 5952


518 0 5952


519 0 5952


520 0 5952


521 0 5952


522 0 5952


523 0 5952


524 0 5952


525 0 5952


526 25 5977
63299 422973 772793 1761650 2149379 3559504 3681702 3830953 4014503 5379595 5403624 5594642 7418010 7807059 8797541 9348186 9400381 9996294 10262904 10280526 11788756 12023226 12264013 12305100 12638678 

527 0 5977


528 0 5977


529 0 5977


530 0 5977


531 0 5977


532 0 5977


533 0 5977


534 0 5977


535 0 5977


536 0 5977


537 0 5977


538 0 5977


539 0 5977


540 0 5977


541 0 5977


542 0 5977


543 0 5977


544 0 5977


545 0 5977


546 0 5977


547 0 5977


548 0 5977


549 0 5977


550 0 5977


551 0 5977


552 0 5977


553 0 5977


554 0 5977


555 0 5977


556 0 5977


557 0 5977


558 0 5977


559 0 5977


560 0 5977


561 0 5977


562 0 5977


563 2 5979
2133234 8553245 

564 0 5979


565 0 5979


566 0 5979


567 0 5979


568 0 5979


569 0 5979


570 0 5979


571 0 5979


572 0 5979


573 0 5979


574 0 5979


575 0 5979


576 0 5979


577 0 5979


578 0 5979


579 0 5979


580 0 5979


581 0 5979


582 0 5979


583 0 5979


584 0 5979


585 0 5979


586 0 5979


587 0 5979


588 0 5979


589 0 5979


590 0 5979


591 0 5979


592 0 5979


593 0 5979


594 0 5979


595 0 5979


596 0 5979


597 0 5979


598 0 5979


599 0 5979


600 0 5979


601 0 5979


602 0 5979


603 0 5979


604 0 5979


605 0 5979


606 0 5979


607 0 5979


608 0 5979


609 0 5979


610 0 5979


611 0 5979


612 0 5979


613 0 5979


614 0 5979


615 0 5979


616 0 5979


617 0 5979


618 0 5979


619 0 5979


620 0 5979


621 0 5979


622 0 5979


623 0 5979


624 0 5979


625 0 5979


626 0 5979


627 1 5980
11648834 

628 0 5980


629 0 5980


630 0 5980


631 0 5980


632 0 5980


633 0 5980


634 0 5980


635 0 5980


636 0 5980


637 0 5980


638 6 5986
597612 4012142 8018061 8712143 9066299 12172925 

639 0 5986


640 0 5986


641 0 5986


642 0 5986


643 0 5986


644 0 5986


645 0 5986


646 0 5986


647 0 5986


648 0 5986


649 0 5986


650 0 5986


651 0 5986


652 0 5986


653 0 5986


654 0 5986


655 0 5986


656 0 5986


657 0 5986


658 0 5986


659 0 5986


660 0 5986


661 0 5986


662 0 5986


663 0 5986


664 0 5986


665 0 5986


666 0 5986


667 1 5987
535360 

668 22 6009
544551 1347650 2580273 3372914 3994527 4028307 4274296 4798414 5350197 5573096 7433642 7964494 8016854 8372638 9655382 10181343 11114224 11571057 12039997 12297381 12331535 12586928 

669 1 6010
5879325 

670 0 6010


671 0 6010


672 0 6010


673 0 6010


674 0 6010


675 0 6010


676 0 6010


677 0 6010


678 0 6010


679 0 6010


680 0 6010


681 0 6010


682 0 6010


683 8 6018
638389 650386 752610 2857434 4165807 4701182 10275455 10707977 

684 0 6018


685 562 6580
82387 82930 122957 133841 144981 145448 170530 274098 309773 313839 316207 323397 325850 333390 367166 370876 430980 554325 565642 581505 586901 604298 627775 636100 665793 668836 741918 757020 762768 894085 894593 947713 959636 986171 1012610 1070867 1117519 1136711 1143892 1144947 1146513 1147451 1151737 1152797 1153889 1246850 1256174 1278391 1308415 1314378 1315414 1328705 1356245 1384432 1387135 1409418 1410280 1414898 1455194 1459063 1459816 1471041 1488265 1491421 1542571 1546001 1546675 1560084 1578590 1582799 1589228 1591341 1609816 1636414 1678509 1679854 1681329 1688641 1710686 1758712 1766419 1767527 1833525 1853813 1855274 1872128 1900371 1910545 1978073 1994153 2024667 2037903 2197326 2214274 2252519 2264444 2297733 2371709 2392228 2395745 2446412 2449206 2449500 2520962 2537398 2558168 2592406 2594401 2653932 2727740 2792166 2807591 2832388 2849081 2852558 2859355 2886725 2997479 2998051 2999257 2999832 3004340 3021491 3024010 3024636 3034489 3127590 3147438 3215736 3293197 3296888 3306473 3323257 3326108 3327007 3356453 3360939 3372611 3375576 3416442 3455506 3462722 3463610 3465325 3470453 3482622 3511213 3523462 3528460 3549532 3597756 3609817 3614368 3650796 3655076 3681743 3695844 3697938 3735982 3754415 3758681 3759091 3759397 3788640 3839035 3865797 3925086 3925739 3957537 3958417 3978453 3980335 3981295 3983056 3994768 4025061 4026003 4029182 4030082 4032775 4033672 4046420 4084447 4086714 4166326 4195334 4204407 4265785 4270215 4270953 4285064 4285789 4362242 4374577 4486581 4554887 4569278 4583375 4605904 4613924 4613986 4653973 4733604 4733917 4785175 4835324 4849660 4863409 5042720 5045001 5166061 5177764 5205133 5205942 5212334 5280122 5286760 5310888 5317664 5330315 5332154 5341000 5348460 5352116 5357084 5522147 5540307 5574790 5574844 5704177 5769368 5773425 5814548 5857998 5902279 5903654 5906698 5917060 5980071 5982773 6002402 6002431 6012930 6071144 6280381 6356704 6357833 6406544 6411445 6473586 6485017 6598255 6613654 6624949 6628908 6655778 6658565 6663051 6740534 6787869 6807750 6827817 6830540 6832719 6896656 6971661 6974429 6982431 6983619 6985711 6996806 7021044 7039278 7049988 7050647 7055274 7069620 7111426 7142693 7160014 7204616 7273942 7277377 7310563 7345331 7360640 7399431 7406431 7438302 7443193 7444971 7450013 7475181 7489293 7492509 7538333 7623276 7659137 7698005 7708137 7716452 7718697 7722055 7723264 7776267 7777176 7865168 7883298 7899675 7905689 7926181 7937991 7978553 7990619 8009050 8009418 8018912 8067375 8072440 8075798 8093294 8121513 8125467 8131551 8165403 8188589 8279038 8294650 8305621 8338320 8366231 8419512 8445051 8457898 8460536 8544036 8549505 8549850 8551114 8553424 8555068 8564222 8574240 8592879 8627950 8668946 8671809 8706759 8756347 8767551 8768210 8769116 8810961 8826293 8838151 8851303 8857695 8870322 8878778 8902646 8903711 8913702 8925906 8944030 8946353 8948210 8949506 8961456 8968336 8968785 8972409 8972642 8973191 8974031 8975748 8976489 8997057 8997088 9000471 9005065 9012575 9015835 9034073 9050504 9057513 9062751 9070213 9081907 9083400 9085818 9089327 9097950 9100141 9101947 9111564 9112082 9119080 9121370 9122581 9125019 9126276 9126697 9148609 9158290 9204084 9214843 9215521 9217746 9247182 9278455 9316414 9316997 9329347 9350166 9358078 9422150 9453535 9497542 9500255 9503358 9505290 9560969 9561536 9588938 9682548 9755688 10040585 10062635 10069677 10070009 10071307 10072765 10161660 10174734 10179188 10191410 10221555 10222901 10267984 10283763 10294334 10311104 10313208 10325008 10333782 10337227 10399314 10407556 10409793 10410198 10412763 10429333 10437102 10437919 10462711 10462904 10474007 10477185 10483040 10487185 10502324 10547888 10643206 10658530 10687609 10748394 10754757 10786513 10820966 10823767 10824314 10827725 10858218 10874600 10875018 10878736 10920364 10921121 10968194 11008831 11009057 11042780 11064143 11072141 11121777 11151144 11173376 11173534 11181915 11229629 11257545 11258292 11258804 11260342 11278165 11297743 11308409 11367278 11387643 11429946 11435344 11457404 11459009 11508643 11512290 11531393 11587335 11589142 11589599 11614574 11663893 11692059 11694781 11739380 11758224 11793868 11800340 11817281 11822363 11860623 11870052 11878958 11910801 11930772 11953049 11963899 12008686 12020221 12038598 12047122 12051774 12072971 12078369 12078415 12078932 12097507 12108923 12108989 12109266 12122628 12146502 12176094 12204445 12205137 12215989 12216286 12243569 12282031 12321208 12350127 12369654 12421393 12428336 12478893 12481291 12574203 12619079 12624558 12651580 12654868 12654898 12654947 

686 25 6605
773761 965019 1757075 2100917 2939298 3488573 3509372 3787399 4230750 4841346 5051079 5706964 6006819 6161894 6927396 6928126 6930906 6949638 7500068 7632266 7704709 8015433 9453187 12251847 12594621 

687 0 6605


688 0 6605


689 0 6605


690 0 6605


691 0 6605


692 3 6608
4652718 8782819 9744178 

693 0 6608


694 0 6608


695 0 6608


696 0 6608


697 0 6608


698 1 6609
11935802 

699 0 6609


700 0 6609


701 0 6609


702 0 6609


703 0 6609


704 212 6821
35401 79033 86220 155197 164645 234279 312720 330165 445983 475841 642153 652867 721084 725557 776549 879364 947667 988181 1005473 1008079 1084271 1218391 1238449 1247517 1301020 1314538 1329591 1341774 1347690 1351200 1379815 1465872 1514832 1529984 1569146 1654313 1771728 1855568 1978751 2011664 2014620 2088651 2094355 2121561 2167802 2168646 2227960 2327110 2338071 2535770 2551677 2581890 2589533 2602750 2639600 2641674 2642992 2664091 2683497 2686404 2711309 2714075 2760466 2770489 2776344 2834921 2845349 2890886 2940949 2984172 3037396 3052732 3107124 3142479 3225004 3370827 3375481 3376414 3444855 3533425 3538331 3547723 3559847 3569662 3671276 3810277 3874393 3896532 3900595 3924998 4031996 4111432 4236777 4288421 4325551 4424810 4599548 4640153 4694811 4706216 4725783 4747103 4815213 4849050 4912537 4916244 4931379 4961805 5008319 5037807 5095222 5176599 5207772 5229103 5304960 5340207 5457208 5495897 5651113 5834974 5837187 5839379 5844983 5865782 5871320 5897562 5921952 5922473 5931040 6143114 6262527 6281491 6346978 6441328 6455663 6515192 6656115 6745441 6878399 6922155 6942607 6961760 6994777 7150647 7165667 7255614 7389086 7445156 7498502 7536915 7554431 7555627 7675098 7831630 7889095 7986000 8046051 8047014 8055285 8134182 8155873 8212900 8266391 8466868 8482026 8804210 8856376 8985921 8990750 8991696 9041248 9169828 9193623 9336947 9360117 9473792 9553415 9566673 9592297 9842292 9917161 10052151 10147201 10175895 10185699 10208862 10294380 10324740 10365042 10365353 10455133 10536996 10625336 10637408 10715965 10736607 10755818 10769851 10843749 11288387 11296076 11316413 11411666 11449096 11518147 11585407 11586856 11636721 11952652 12179252 12290063 12369782 

705 0 6821


706 0 6821


707 0 6821


708 0 6821


709 0 6821


710 0 6821


711 0 6821


712 0 6821


713 295 7116
49174 159499 210415 228987 296291 362309 363741 451830 577190 723516 784080 862380 976933 1021724 1073584 1074618 1101143 1104357 1128439 1136130 1201390 1270559 1328018 1359518 1368975 1381683 1403646 1405458 1407846 1408704 1419707 1496792 1497373 1681402 1746694 1768297 1892468 1924206 2078080 2199112 2513533 2600920 2667033 2685892 2706736 2801271 2811467 2850627 3014051 3017813 3031701 3084529 3251373 3252359 3254254 3255188 3256144 3263819 3276296 3287558 3416061 3483026 3511131 3518587 3520838 3656935 3707171 3715482 3783570 3861891 3888906 3923514 4084077 4116593 4236360 4317343 4321622 4322217 4324436 4337503 4353855 4396576 4403695 4441509 4442060 4482960 4564126 4614089 4639888 4781616 4789152 4809135 4888481 4991639 5139938 5158079 5191746 5202120 5212813 5224831 5277071 5281869 5305322 5323841 5337320 5338579 5347234 5383530 5385136 5452316 5455818 5456544 5457867 5535876 5556659 5556830 5628725 5703773 5765762 5774039 5823647 5830689 5848385 5853686 5897126 5898195 5927092 5989039 5989173 6003960 6008861 6010173 6015485 6160539 6182576 6200874 6214363 6277445 6441977 6455741 6509647 6582477 6636684 6638138 6667279 6754453 6936792 6961445 6962442 6963063 7006743 7090743 7096012 7223794 7259781 7281528 7450564 7510085 7511518 7578940 7624260 7644961 7690071 7706756 7719068 7727216 7745972 7797589 7798444 7800750 7864366 7865815 8008420 8066094 8071373 8104891 8360648 8394420 8456490 8472789 8478477 8549643 8596934 8597547 8635628 8664061 8718234 8856087 8881242 8935146 9024166 9067586 9317310 9348447 9365577 9391545 9412662 9451987 9474318 9476021 9500726 9536937 9537446 9649152 9659656 9660159 9752214 9782862 9877119 9904509 9953530 9961716 9968026 10175550 10192112 10200617 10205680 10208479 10208816 10210190 10237172 10243449 10247193 10248097 10249056 10262040 10320705 10347716 10353127 10370086 10396128 10434789 10492914 10493523 10512511 10538337 10549782 10612045 10670199 10698140 10706422 10718168 10731661 10741883 10768664 10769039 10776054 10812821 10836485 10887159 10956145 11008344 11066161 11083188 11103424 11118372 11186100 11213331 11226305 11262607 11290845 11305189 11323056 11514993 11553414 11572809 11635848 11645482 11669263 11813228 11919238 11924523 11930673 11932570 11952405 11952914 11954604 11996907 12047070 12062854 12078400 12085833 12086648 12175126 12195626 12220783 12231047 12233233 12234929 12235440 12262953 12315931 12370375 12477037 12488267 

714 0 7116


715 0 7116


716 0 7116


717 0 7116


718 0 7116


719 0 7116


720 0 7116


721 0 7116


722 2 7118
346532 11512623 

723 0 7118


724 0 7118


725 0 7118


726 0 7118


727 0 7118


728 0 7118


729 0 7118


730 0 7118


731 0 7118


732 0 7118


733 0 7118


734 0 7118


735 0 7118


736 0 7118


737 0 7118


738 0 7118


739 0 7118


740 0 7118


741 0 7118


742 0 7118


743 0 7118


744 1 7119
3223065 

745 0 7119


746 0 7119


747 0 7119


748 0 7119


749 0 7119


750 0 7119


751 1 7120
4072173 

752 0 7120


753 0 7120


754 0 7120


755 0 7120


756 0 7120


757 0 7120


758 0 7120


759 1 7121
9533754 

760 0 7121


761 0 7121


762 0 7121


763 0 7121


764 0 7121


765 0 7121


766 0 7121


767 0 7121


768 0 7121


769 0 7121


770 0 7121


771 0 7121


772 0 7121


773 0 7121


774 0 7121


775 0 7121


776 1 7122
7429211 

777 0 7122


778 0 7122


779 0 7122


780 0 7122


781 0 7122


782 0 7122


783 13 7135
138615 996086 1295038 5810198 7607707 9052434 9201641 9933893 9945700 10304946 10305621 12167426 12358073 

784 0 7135


785 0 7135


786 0 7135


787 0 7135


788 0 7135


789 0 7135


790 0 7135


791 0 7135


792 0 7135


793 0 7135


794 0 7135


795 0 7135


796 0 7135


797 0 7135


798 5 7140
2442095 2951225 4677315 6449628 10247152 

799 0 7140


800 0 7140


801 0 7140


802 0 7140


803 0 7140


804 0 7140


805 122 7262
38966 44635 212671 375166 421055 423320 517155 691228 803649 960546 1097233 1101595 1137364 1264565 1276573 1321051 1524252 1666476 1790414 1838104 2114164 2114691 2333241 2364175 2403436 2418913 2426565 2460042 2635734 2684629 2987633 3166437 3297245 3319948 3963146 3994713 4063081 4114391 4135908 4366798 4435263 4464927 4523984 4536371 4544794 4571234 4572818 4690747 4707530 4758944 4805553 5183456 5221783 5379640 5459167 5477400 5764830 5788221 5818844 5819701 5865201 5963457 6003047 6028767 6042256 6105117 6121687 6174249 6310147 6320379 6354765 6463840 6598495 6874775 6943597 7029209 7029754 7059580 7105092 7601323 7616783 7927719 7945847 7981383 8325244 8350960 8389701 8395332 8418533 8523430 8561379 8697440 8748930 8993187 9251530 9345167 9371923 9754609 9758105 9810968 9823501 9965709 10227577 10326845 10331019 10382558 10436066 10705361 10708390 10778637 11178845 11279775 11813371 11831838 11852714 11990133 12015683 12046393 12080511 12227143 12376054 12467285 

806 7 7269
321601 4727389 7446758 8550479 9983078 10356941 12216718 

807 0 7269


808 0 7269


809 0 7269


810 0 7269


811 0 7269


812 0 7269


813 0 7269


814 0 7269


815 0 7269


816 0 7269


817 0 7269


818 0 7269


819 31 7300
135852 174514 238882 658368 1030795 1410095 2513808 2735741 3010040 3537137 4861664 5037717 5239699 5552774 5626090 6322757 6329602 6668751 6701732 6784186 7050465 7105345 7653239 8192698 8284216 8581727 11016901 11159185 11515260 12328836 12379596 

820 0 7300


821 0 7300


822 0 7300


823 0 7300


824 0 7300


825 0 7300


826 0 7300


827 0 7300


828 0 7300


829 8 7308
310593 426811 2050130 2179745 2843192 5663407 6390801 11914438 

830 0 7308


831 2 7310
522661 3891858 

832 0 7310


833 0 7310


834 0 7310


835 0 7310


836 0 7310


837 0 7310


838 0 7310


839 0 7310


840 0 7310


841 0 7310


842 0 7310


843 0 7310


844 0 7310


845 1 7311
12197618 

846 0 7311


847 0 7311


848 42 7353
487209 767605 863105 987341 1044494 1075407 1160451 1674610 1909779 2105799 2136345 2348304 2377932 2515878 2694675 2731033 2815860 3065947 3276435 4079226 4282438 4702241 5107836 5222360 5348467 5450892 6568329 6827078 7579144 8161588 8431116 8484055 8719898 9140377 9365997 9805042 9973952 10283445 10719882 11631082 12504713 12542345 

849 0 7353


850 0 7353


851 0 7353


852 0 7353


853 0 7353


854 0 7353


855 0 7353


856 0 7353


857 0 7353


858 0 7353


859 0 7353


860 0 7353


861 0 7353


862 0 7353


863 0 7353


864 0 7353


865 0 7353


866 283 7636
82387 122957 133841 170530 309773 313839 316207 323397 325850 333390 370876 554325 604298 627775 668836 757020 894085 947713 959636 986171 1143892 1146513 1147451 1151737 1278391 1308415 1315414 1356245 1384432 1455194 1459063 1459816 1491421 1542571 1560084 1582799 1591341 1609816 1679854 1766419 1833525 1853813 1855274 1872128 1900371 2197326 2214274 2252519 2297733 2395745 2449206 2449500 2558168 2653932 2792166 2807591 2832388 2859355 2997479 2998051 2999832 3024010 3024636 3147438 3215736 3323257 3326108 3327007 3356453 3375576 3416442 3455506 3463610 3465325 3470453 3523462 3609817 3614368 3695844 3735982 3788640 3839035 3865797 3958417 3978453 3981295 3983056 3994768 4025061 4026003 4029182 4032775 4033672 4046420 4166326 4204407 4270215 4270953 4285064 4554887 4569278 4583375 4605904 4613924 4733917 5042720 5205133 5212334 5280122 5286760 5317664 5332154 5341000 5522147 5574790 5574844 5704177 5769368 5773425 5814548 5857998 5902279 5903654 5906698 5982773 6012930 6071144 6280381 6356704 6598255 6613654 6655778 6658565 6663051 6787869 6830540 6983619 7039278 7049988 7050647 7055274 7111426 7142693 7204616 7273942 7345331 7406431 7443193 7475181 7659137 7698005 7708137 7716452 7723264 7777176 7899675 7926181 7937991 7978553 7990619 8009418 8067375 8072440 8093294 8121513 8125467 8131551 8165403 8188589 8279038 8338320 8460536 8544036 8549850 8564222 8574240 8627950 8706759 8756347 8768210 8769116 8810961 8857695 8870322 8878778 8902646 8913702 8944030 8968785 8972642 8997088 9000471 9005065 9015835 9034073 9050504 9057513 9062751 9070213 9085818 9089327 9097950 9100141 9111564 9122581 9125019 9126697 9204084 9214843 9215521 9278455 9316997 9329347 9358078 9497542 9500255 9560969 9588938 9682548 9755688 10040585 10069677 10070009 10072765 10161660 10179188 10294334 10337227 10409793 10429333 10462711 10462904 10474007 10643206 10824314 10858218 10874600 10875018 11008831 11121777 11257545 11258804 11260342 11278165 11367278 11387643 11457404 11508643 11512290 11531393 11587335 11589142 11614574 11663893 11692059 11739380 11758224 11793868 11817281 11870052 11878958 11910801 11930772 11953049 11963899 12008686 12020221 12047122 12078369 12078415 12108989 12122628 12146502 12176094 12204445 12205137 12216286 12350127 12421393 12574203 12624558 12651580 12654898 

867 0 7636


868 0 7636


869 0 7636


870 0 7636


871 0 7636


872 0 7636


873 0 7636


874 0 7636


875 0 7636


876 0 7636


877 0 7636


878 0 7636


879 0 7636


880 0 7636


881 9 7645
1160626 1183484 1844679 2354194 3771146 4707369 7543028 8374614 9932949 

882 0 7645


883 0 7645


884 0 7645


885 0 7645


886 0 7645


887 0 7645


888 0 7645


889 1 7646
3109899 

890 0 7646


891 0 7646


892 0 7646


893 0 7646


894 0 7646


895 0 7646


896 0 7646


897 0 7646


898 0 7646


899 0 7646


900 0 7646


901 0 7646


902 1 7647
9864202 

903 0 7647


904 0 7647


905 0 7647


906 0 7647


907 0 7647


908 0 7647


909 0 7647


910 0 7647


911 0 7647


912 0 7647


913 0 7647


914 0 7647


915 31 7678
326032 1622859 2601274 3295477 3359570 3446155 3925856 3936844 5148403 5152088 5228471 5532802 5697693 6246341 6461035 6504252 7395872 7439818 7591815 8068654 8195353 8962458 9899114 9952097 10022702 10520088 11382427 11476113 11497079 11768051 12584785 

916 0 7678


917 0 7678


918 13 7691
528083 827201 1920111 5410016 8696107 8917542 9196467 9351419 9760846 9838074 11132363 11522998 11937162 

919 0 7691


920 0 7691


921 0 7691


922 0 7691


923 0 7691


924 0 7691


925 0 7691


926 0 7691


927 0 7691


928 0 7691


929 0 7691


930 0 7691


931 0 7691


932 6 7697
4842183 5321119 6633175 9876229 11982394 12574662 

933 0 7697


934 0 7697


935 0 7697


936 0 7697


937 1 7698
3358480 

938 0 7698


