617 0
597 1
397 1
560 1
343 1
204 1
266 0
199 1
184 1
211 1
454 0
7 0
141 0
218 1
219 0
45 1
40 0
248 1
155 1
181 1
649 1
428 0
500 1
65 1
22 1
77 1
180 1
37 0
327 1
641 1
479 1
504 1
116 1
536 1
696 1
176 1
6 1
593 0
179 0
268 1
31 0
187 1
495 1
226 1
152 1
591 1
531 1
677 1
666 1
13 0
11342 1
2704 1
3938 0
10915 1
8016 0
10060 0
5418 1
1465 1
3901 0
10939 1
10265 1
11107 1
8061 0
3834 0
3525 1
10922 1
10926 1
5618 0
1121 1
4333 1
9115 0
9483 1
5695 0
6953 0
1832 0
10960 1
1040 1
1643 1
5832 1
1447 0
3998 0
8924 0
11627 0
2719 0
2890 0
719 0
7418 0
3701 0
1018 1
13247 0
6490 0
13802 0
4961 1
11614 0
2578 0
7923 0
9521 1
9905 1
13121 1
13114 0