0 1
0 1
0 2
0 1
0 1
0 9
0 3
0 1
0 1
0 2
0 1
1 63
1 509
0 1
0 2
0 1
0 2
0 1
0 5
0 1
0 1
0 2
0 4
0 1
1 546
0 1
0 4
0 1
0 6
0 4
0 1
0 1
0 1
0 1
0 1
0 3
0 1
0 1
0 3
0 1
0 1
0 3
1 27
1 123
0 1
0 1
0 1
0 1
0 2
0 3
1 102
0 4
0 1
0 1
0 6
0 1
0 1
0 1
0 1
0 1
0 1
0 1
0 1
0 1
0 1
0 2
0 1
0 2
0 2
0 1
0 6
0 1
1 34
0 6
0 1
0 1
0 2
0 2
0 3
1 213
0 5
1 14
0 1
0 1
0 1
0 1
0 1
0 1
0 3
0 1
0 1
0 2
0 1
1 11
1 11
1 13
0 2
0 9
1 10
0 3
0 4
1 12
0 7
0 1
0 1
0 1
0 1
1 15
0 1
0 1
0 1
0 3
0 1
0 1
0 2
0 1
0 1
0 1
0 2
0 3
0 1
1 154
0 1
0 1
0 1
0 5
0 1
0 2
0 1
0 5
0 2
0 8
0 1
1 14
0 1
0 1
0 3
0 1
1 14
0 1
0 6
0 1
0 1
0 1
1 26
0 1
0 1
0 1
0 6
0 4
0 9
0 1
0 1
0 1
0 2
0 1
0 1
0 7
1 14
0 1
0 1
0 2
0 2
0 1
0 2
0 3
0 1
0 7
1 30
0 2
0 1
0 3
0 2
0 1
0 1
0 1
0 1
0 2
0 1
0 1
0 2
0 1
0 5
0 1
1 15
0 1
0 1
0 2
1 19
0 1
0 1
0 1
0 2
0 1
0 1
0 1
0 8
0 7
0 3
0 1
0 1
0 1
0 1
0 1
0 1
0 2
0 1
0 1
0 2
1 20
0 2
1 1328
0 3
0 1
0 1
0 1
0 1
0 1
0 6
0 1
0 1
1 32
0 3
0 1
0 2
0 1
0 1
0 1
0 1
0 1
0 2
0 1
0 2
0 1
0 1
0 1
0 2
0 1
0 1
0 1
0 1
0 3
0 1
0 2
0 1
0 4
1 21
0 1
1 90
0 1
1 853
1 67
0 3
0 1
0 1
0 1
0 1
0 1
0 2
0 1
0 1
0 1
0 1
0 1
1 10
0 1
0 1
0 1
0 5
0 1
0 8
0 1
0 1
0 1
0 1
0 1
0 1
0 4
0 1
0 1
0 1
1 202
0 1
0 1
0 1
0 1
0 2
0 2
0 1
0 1
0 2
0 1
0 1
0 1
1 176
1 43
0 2
0 2
0 1
0 5
0 1
0 8
0 1
0 1
0 1
0 1
0 2
0 5
0 1
0 1
0 1
0 1
0 1
0 7
1 16
1 26
0 1
0 1
0 2
0 4
0 2
0 1
0 1
0 2
0 8
0 1
0 3
0 1
0 1
0 3
0 1
0 5
0 1
0 1
1 57
0 1
0 1
0 1
0 2
0 1
0 1
0 1
0 1
0 1
1 14
0 2
0 2
0 1
0 1
0 1
0 2
0 3
0 2
0 4
0 1
0 2
0 1
0 1
0 1
0 2
0 2
0 1
0 1
0 1
0 2
0 1
0 1
0 1
0 1
0 1
0 5
0 1
0 1
0 1
0 7
0 1
0 1
0 1
0 1
0 1
0 2
0 1
0 1
0 1
0 1
0 8
0 2
0 3
0 1
1 14
0 1
0 3
0 3
0 3
0 1
0 2
0 1
0 1
0 1
0 1
0 4
0 7
0 5
0 1
0 1
0 1
0 2
0 2
0 1
0 3
1 14
0 2
0 1
0 2
0 1
0 2
0 1
0 1
0 2
0 1
0 2
1 213
0 1
0 1
0 1
0 8
0 1
0 4
0 1
0 1
0 1
0 5
0 2
0 1
0 1
0 1
0 3
0 2
1 45
0 1
0 1
0 1
0 1
1 10
1 32
0 2
0 1
0 1
0 4
0 1
0 1
0 1
0 1
0 1
0 2
0 1
0 2
0 1
0 1
1 443
1 11
0 2
1 102
0 6
0 3
0 3
0 3
0 1
0 1
0 1
1 17
1 16
0 1
0 1
0 1
0 6
0 1
0 1
0 1
0 2
0 1
0 1
0 1
0 1
0 1
0 3
0 1
0 1
0 1
0 1
0 1
0 4
0 2
1 11
0 2
0 1
0 1
0 1
0 2
0 3
0 1
0 1
1 980
0 1
1 23
0 8
1 23
0 1
0 2
0 1
0 3
0 1
0 1
0 1
0 2
0 1
0 1
0 5
0 1
1 11
0 2
0 3
0 2
0 1
0 1
1 26
0 1
0 2
0 1
0 1
0 4
0 3
0 1
0 1
0 2
0 1
0 1
1 297
0 1
0 1
0 1
0 2
0 3
0 1
0 2
0 1
0 1
0 1
0 1
0 1
0 3
0 1
0 5
0 1
0 1
1 14
0 1
1 32
0 1
0 1
0 1
0 3
0 1
0 2
0 1
0 1
0 4
0 1
0 5
0 1
1 738
0 2
1 10
0 2
0 1
0 1
0 2
0 6
0 6
0 1
0 1
0 1
0 1
0 2
0 1
0 1
0 1
0 2
0 1
0 1
0 1
0 1
0 1
0 1
0 1
0 1
0 6
1 17
0 3
0 1
0 1
0 3
0 1
0 9
0 3
0 1
0 1
0 3
0 1
0 2
0 1
0 3
0 3
0 1
0 2
0 1
0 1
0 1
0 1
0 1
0 1
0 1
0 1
0 1
0 1
0 3
1 204
0 1
0 1
0 2
0 2
0 1
0 1
0 1
0 2
0 1
0 1
0 1
1 30
1 43
0 1
0 1
0 1
0 1
0 1
0 1
0 1
0 1
0 1
0 1
0 1
0 4
0 3
0 1
0 1
0 1
0 1
0 1
1 17
0 1
0 1
0 2
0 1
0 1
0 1
0 1
0 1
0 3
0 1
0 1
0 3
1 23
0 1
0 1
0 4
0 1
0 1
0 1
0 1
0 2
1 13
0 1
0 1
0 1
0 2
0 1
