600
2221
7213
18994
19490
43318
51206
51671
56401
57878
81349
89258
98919
101070
104750
109295
109929
110155
111787
115805
125527
140256
152317
171694
178218
182634
184609
205367
206621
224614
228385
233660
235920
237239
240104
253544
256058
288018
295096
302563
307148
308569
318708
320079
324733
330934
336379
337994
340910
343270
352390
353787
355302
362613
371329
371565
373473
387191
389256
416576
425591
428465
432369
439103
440195
442337
445370
453760
460269
460900
462359
473009
483590
486837
490694
495033
501103
508392
509042
523522
533681
535130
538334
541425
549144
570648
582476
595030
598563
632887
636187
650934
656415
692579
710731
714407
718471
732121
732997
740077
746816
754954
765418
765628
803110
804663
812028
847995
859675
863379
874062
878266
881621
881860
917277
925808
933453
942323
953335
955552
964902
968377
976705
989788
991975
1001603
1003680
1006054
1012739
1015948
1017296
1022972
1026145
1027990
1049991
1049995
1051555
1054496
1059597
1064465
1067156
1080491
1084620
1084731
1089621
1095638
1096633
1115545
1133931
1137247
1140449
1151294
1158180
1169858
1173668
1176679
1177322
1218092
1220473
1244501
1248598
1255924
1257598
1258279
1274954
1285786
1289890
1296522
1303135
1303628
1316754
1320339
1324721
1328311
1332386
1347046
1350528
1358764
1364067
1366468
1367407
1377331
1377382
1380876
1383376
1385741
1394284
1422793
1424264
1424520
1428151
1448456
1454037
1458738
1465711
1478414
1497956
1510358
1515592
1534665
1535784
1537941
1542061
1545745
1556907
1563455
1565620
1587872
1589754
1600808
1606498
1612086
1618386
1621173
1633225
1664787
1667393
1698534
1708948
1727180
1732266
1732348
1745090
1755372
1756106
1756571
1758124
1763713
1763747
1766131
1769412
1778138
1779076
1779624
1787833
1790219
1792385
1794555
1794791
1803963
1807603
1811196
1812142
1836203
1839237
1842308
1842553
1843953
1857835
1858356
1859352
1860074
1870742
1873584
1875075
1880937
1896408
1901961
1914186
1914352
1914927
1916860
1917299
1917586
1922540
1924324
1934606
1934969
1936378
1947121
1954050
1955930
1968264
1969319
1972841
1973766
1977739
1986259
1996409
1997116
2002334
2006026
2007035
2007297
2016713
2028563
2033083
2035411
2045961
2047620
2055555
2059300
2060200
2063618
2069157
2079204
2080607
2082475
2084421
2100158
2101163
2104696
2106283
2116971
2120567
2126014
2126304
2142562
2146394
2152864
2153961
2159823
2163654
2166757
2172925
2193313
2194389
2201168
2203506
2206939
2207981
2208694
2215562
2216924
2223160
2230865
2233542
2238165
2249307
2252900
2253340
2259064
2273747
2279827
2281877
2284150
2289074
2296311
2299604
2332959
2344658
2351526
2351778
2353200
2361728
2365038
2372565
2376703
2381001
2396232
2402741
2414071
2427488
2473662
2511038
2512553
2513377
2522595
2529291
2529495
2535785
2543588
2547014
2551347
2557836
2558265
2559072
2568819
2569842
2578439
2584425
2590050
2596062
2597666
2600935
2602411
2603324
2605533
2618297
2618460
2620208
2629088
2634236
2634575
2641397
2641499
2646345
2662338
2681027
2683921
2694235
2696832
2698782
2698861
2710285
2712411
2725293
2726165
2745780
2759439
2760794
2764191
2776963
2781597
2794241
2800304
2802857
2803030
2826775
2830088
2842472
2842975
2848587
2856403
2859169
2861149
2861895
2879396
2884086
2892209
2892714
2893276
2917529
2932560
2936029
2946241
2950023
2954761
2954944
2956893
2957886
2958006
2958199
2965609
2972178
2974461
2982520
2982957
2995448
3001466
3020428
3024751
3029506
3029793
3046296
3055466
3057484
3068561
3077484
3115405
3128780
3133959
3151922
3158863
3162238
3169159
3174898
3180437
3194919
3215045
3218774
3240104
3247775
3252255
3257598
3258631
3279995
3280161
3283707
3300511
3301020
3302060
3302796
3313181
3320279
3324708
3335560
3340432
3354757
3381616
3382407
3385547
3394368
3402691
3404767
3406776
3426130
3427839
3432667
3445170
3454034
3465699
3466201
3468110
3474388
3479292
3495343
3495629
3510993
3512256
3515296
3530127
3560062
3570228
3581297
3585525
3586931
3592330
3599625
3605402
3607794
3617236
3619125
3627135
3647932
3653990
3656176
3666263
3674822
3676797
3682472
3692982
3701845
3702100
3708328
3710125
3710845
3712494
3716693
3718324
3726759
3731090
3749894
3779136
3783529
3799735
3809499
3845206
3855889
3887319
3890346
3893137
3905374
3909746
3913700
3929135
3930311
3933347
3934855
3945005
3952563
3952656
3959493
3959552
3961954
3963277
3965420
3987675
3987746
4007180
4008912
4010884
4010912
4012396
4014986
4017345
4019406
4027597
4030005
4041574
4043455
4044791
4046406
4047016
4047867
4048780
4053163
4058184
4071650
4078767
4083022
4083602
4087106
4087998
4089546
4090242
4101716
4108038
4108504
4108550
4109933
4120842
4129314
4129423
4141357
4144164
4148953
4149656
4160679
4173516
4176489
4178165
4178584
4180043
4183258
4191404
4194245
4212394
4216129
4217175
4217498
4233972
4239800
4248323
4266301
4270089
4294057
4298952
4304499
4328247
4330165
4336337
4344800
4358042
4381370
4395683
4396081
4396687
4398986
4400763
4448871
4451769
4456277
4462409
4474334
4480989
4481841
4486949
4504257
4509004
4531070
4533349
4541863
4542586
4542978
4546075
4546858
4547921
4550444
4554746
4555491
4560191
4570307
4579264
4590720
4593968
4594726
4625102
4626258
4629564
4630320
4635287
4642272
4648536
4652988
4657781
4668780
4669530
4674726
4678221
4682398
4689108
4695395
4697097
4706387
4723984
4724273
4748046
4766825
4769771
4785015
4793277
4796393
4805289
4807163
4807527
4809925
4833938
4838679
4839610
4843927
4847862
4852288
4859126
4863930
4867680
4868935
4869752
4872771
4888589
4901526
4902222
4906796
4910893
4911213
4921611
4932107
4949810
4956724
4970692
4970789
4971151
4976951
4983959
4985711
4996065
4996799
5014679
5051823
5054323
5056178
5077900
5102130
5118051
5135484
5136686
5138703
5144757
5151275
5156523
5158848
5159497
5159789
5168325
5173184
5195833
5198928
5201071
5215990
5220100
5221631
5235789
5238005
5250456
5258059
5262434
5263400
5269626
5272683
5283646
5286984
5287287
5297047
5323454
5324096
5329352
5350630
5360972
5362896
5372055
5389034
5427189
5444521
5446347
5447005
5454813
5479979
5480442
5488432
5492866
5496524
5506748
5514033
5532870
5542735
5552262
5553551
5560713
5598354
5626164
5627529
5628500
5631919
5634093
5638329
5643711
5732169
5747517
5749105
5752641
5753197
5753202
5760422
5768754
5769623
5776269
5778227
5786981
5787728
5791324
5804220
5804793
5807919
5810092
5810616
5814924
5818350
5822242
5826150
5828183
5835424
5837704
5838208
5843222
5846675
5847069
5848438
5851920
5852196
5853846
5859023
5860973
5863420
5869681
5872706
5886914
5889492
5902256
5903663
5905725
5913479
5918039
5919062
5928673
5941279
5944618
5945212
5946252
5949273
5952938
5957097
5966064
5969451
5972885
5972946
5975085
5993051
5995487
6002485
6013027
6013738
6014420
6015640
6029032
6037668
6041854
6044005
6051964
6067775
6097011
6107711
6108662
6113591
6129473
6130152
6156316
6170626
6173449
6186431
6199648
6283268
6297552
6297985
6304908
6311700
6314337
6323161
6323938
6325459
6331853
6334207
6336748
6337687
6341070
6355508
6358184
6358641
6363114
6370845
6371618
6372003
6374855
6376655
6378933
6387820
6389737
6392551
6395078
6395368
6402204
6405756
6416852
6420837
6420842
6424998
6431605
6434308
6434810
6442422
6443631
6445067
6447191
6463186
6463725
6469991
6470859
6470891
6487757
6488582
6490677
6491561
6493878
6500709
6512173
6518913
6519133
6520271
6530493
6531818
6549758
6549865
6550181
6553479
6561536
6561570
6583091
6583628
6589306
6595965
6598031
6612009
6621460
6635132
6639684
6651080
6662126
6679691
6680358
6694517
6700188
6706279
6724478
6739015
6748261
6750874
6758079
6769890
6773045
6786753
6814666
6814922
6828915
6833805
6834659
6844132
6846905
6851735
6859191
6873234
6874321
6879542
6879923
6896949
6906933
6916492
6925896
6931148
6933265
6934520
6940857
6944636
6952619
6955289
6956361
6965509
6968725
6975028
6982490
6989147
6991039
6991801
6998738
7025162
7029942
7037417
7043722
7044455
7051620
7052772
7056397
7067724
7077144
7077551
7080434
7081793
7083852
7093627
7093816
7103849
7111955
7112231
7116662
7129601
7130737
7132676
7137541
7138387
7141984
7145330
7163068
7163648
7163723
7174282
7177879
7208436
7233622
7235096
7251118
7255670
7259333
7268763
7281329
7290695
7291215
7294396
7301899
7309310
7315620
7326543
7349655
7351223
7352849
7353335
7365933
7366848
7378332
7378583
7389786
7398298
7399789
7400089
7403929
7413350
7415712
7416866
7430710
7439679
7440644
7444874
7448375
7448773
7454598
7458383
7460315
7468074
7475621
7479812
7485816
7499772
7501009
7505051
7512118
7521989
7529852
7542303
7544438
7546288
7546519
7547458
7548915
7550794
7554924
7560562
7564556
7571183
7572324
7582731
7586345
7589404
7592401
7600347
7609791
7620568
7627963
7636528
7637236
7640322
7654289
7657449
7661785
7661864
7661927
7668564
7678344
7678723
7698264
7704100
7707852
7711333
7724561
7741875
7763860
7772368
7774195
7776376
7801038
7808605
7856969
7861910
7864798
7865795
7866086
7866336
7872613
7876639
7881103
7881542
7883737
7886303
7890496
7891397
7898601
7906014
7910580
7910681
7916343
7931023
7935809
7941540
7943218
7945577
7954607
7959792
7961366
7963876
7967078
7971623
7972916
7973838
7977449
7984653
7989583
7994279
7997663
8000522
8002612
8004148
8016252
8017632
8024362
8029191
8045374
8059361
8061502
8061631
8083170
8085717
8086954
8097280
8099364
8111602
8114997
8124359
8126469
8128248
8143928
8145969
8149702
8149769
8162150
8184995
8196956
8207020
8211980
8214963
8219955
8220836
8223388
8233456
8233627
8233917
8243084
8248913
8249344
8253122
8253288
8260968
8275705
8277906
8282186
8283984
8296875
8304787
8323899
8326212
8330184
8363847
8378283
8389460
8400235
8405756
8418669
8418759
8423282
8426380
8431372
8432443
8432727
8438135
8442661
8445338
8448913
8451526
8459272
8465013
8473805
8479543
8488293
8492597
8508426
8508491
8519435
8524235
8542628
8543953
8557079
8558345
8560348
8564665
8564776
8575712
8593777
8597391
8599030
8619520
8623407
8640963
8641915
8656778
8666763
8669232
8688635
8695360
8712188
8714016
8716875
8718558
8727588
8728097
8730714
8741325
8746398
8748441
8750083
8751720
8756163
8765152
8768478
8780953
8787092
8838620
8841005
8868661
8874957
8877543
8879661
8883008
8888639
8889018
8891898
8893381
8894699
8904274
8909895
8912101
8916453
8918503
8921580
8926276
8934998
8938422
8938842
8940793
8943906
8945371
8945542
8949347
8971543
8972708
8974564
8977809
8985835
8995691
8996418
8997267
8998432
9004626
9007350
9030068
9048999
9060675
9075548
9078592
9084660
9086592
9088563
9103831
9108189
9125577
9130750
9133488
9136007
9169085
9186389
9199215
9200728
9201402
9210806
9219901
9263466
9299900
9305107
9309260
9350333
9352225
9352994
9356666
9368938
9371987
9376299
9379033
9384672
9387416
9388698
9406380
9409631
9422282
9425263
9431442
9447347
9448057
9448761
9465059
9481745
9487909
9503267
9503632
9508986
9510690
9517958
9525871
9528648
9538877
9539904
9541055
9541331
9542006
9543607
9551002
9567666
9572597
9587895
9588593
9631200
9667301
9682389
9684436
9692727
9694144
9725204
9734618
9743849
9751354
9751613
9754329
9755689
9757617
9775422
9781382
9788611
9804209
9813438
9824638
9830840
9832662
9836323
9846990
9852203
9856412
9861010
9862653
9865554
9866943
9890520
9900671
9912273
9941959
9960361
9966482
9986617
10026013
10064311
10072941
10081987
10084519
10104797
10121117
10172371
10174306
10177157
10178005
10190327
10193359
10198704
10203752
10208827
10212005
10214462
10218781
10221341
10223149
10226573
10229460
10230355
10232475
10241871
10244677
10245747
10246818
10257860
10263918
10267672
10273226
10274396
10286675
10289604
10296750
10298625
10299292
10302500
10310732
10313430
10314727
10316951
10327871
10329762
10332881
10339135
10340765
10350980
10354266
10363518
10371933
10382890
10384596
10394132
10403690
10415262
10437506
10450621
10450979
10451060
10452978
10460550
10481525
10484523
10499811
10500912
10507864
10508760
10522014
10523869
10524826
10529482
10532842
10551416
10552296
10580030
10595516
10622927
10625055
10636402
10638189
10638450
10640044
10643335
10645854
10652618
10663100
10672025
10683571
10690344
10692705
10702489
10705372
10707757
10710050
10711138
10721026
10733872
10735253
10738233
10766620
10772266
10775744
10776732
10785791
10788988
10800730
10804046
10818779
10837534
10843929
10848263
10855792
10857803
10867556
10870355
10886926
10899613
10904583
10905139
10916341
10957049
10969611
10980659
10999042
11001091
11004257
11015627
11023774
11031692
11041294
11043317
11045159
11048221
11051571
11053722
11061533
11067382
11067960
11074162
11079165
11081490
11083562
11084759
11089660
11090197
11090453
11092596
11103594
11117433
11122941
11134568
11139103
11144193
11145685
11145749
11146253
11154229
11155116
11157607
11162272
11179440
11188272
11188979
11199564
11203085
11210121
11225178
11229537
11234002
11245989
11271934
11285835
11286705
11298128
11339773
11350291
11362016
11388599
11390346
11402084
11402713
11409808
11410435
11411405
11420372
11422628
11423368
11425448
11425693
11430276
11432188
11443743
11447764
11450437
11450714
11451305
11456282
11459747
11459892
11460848
11467034
11473889
11477408
11485448
11490251
11499872
11502221
11519120
11523212
11527233
11528408
11536068
11539708
11542983
11559534
11565182
11566907
11573319
11577433
11584316
11599549
11613729
11615184
11620022
11622326
11623076
11624690
11633997
11643206
11656159
11661161
11661447
11681090
11683207
11686793
11689916
11690752
11700707
11705694
11710632
11724967
11727128
11733689
11734576
11743945
11755967
11762531
11800688
11816819
11821030
11826126
11826166
11827114
11827740
11844104
11854594
11856727
11859098
11862937
11866150
11869125
11869827
11872826
11875190
11875277
11881958
11882761
11892710
11899197
11909381
11911072
11916955
11925103
11926484
11927085
11936093
11936856
11938187
11940718
11953520
11954987
11955652
11960711
11964351
11969741
11969953
11970600
11971268
11981310
11993702
11997955
12003907
12006034
12010560
12021413
12042125
12044252
12048094
12065215
12078202
12126869
12143485
12143921
12153165
12174004
12177602
12178313
12194148
12197912
12201446
12201981
12213425
12215143
12219250
12231663
12237480
12239443
12248643
12256179
12261371
12265529
12275190
12278618
12282971
12284076
12291738
12297141
12299378
12318809
12333260
12340931
12342365
12344613
12358454
12366480
12371879
12381451
12383291
12392739
12396154
12403114
12408581
12415219
12415606
12419176
12420646
12422810
12438292
12443822
12445373
12454904
12472394
12491684
12504996
12506092
12508514
12528328
12530768
12539184
12541566
12546435
12546741
12549115
12563788
12574632
12574941
12587964
12595438
12601838
12613520
12615857
12628208
12639421
12641071
13796896
15283535
15779179
