265
145
108
249
526
471
472
315
252
505
345
82
249
25
335
335
335
159
189
505
247
640
210
12
94
252
102
571
265
169
265
247
189
102
12
251
252
390
12
411
252
460
159
507
494
73
95
185
159
507
639
520
390
461
108
159
444
335
247
145
51
252
185
520
12
460
94
139
439
335
252
25
296
102
145
282
251
252
249
505
96
134
94
249
159
681
73
25
99
556
247
463
13
212
472
145
12
13
159
265
96
507
25
25
460
460
335
659
247
505
252
252
295
494
520
159
558
247
571
189
249
282
252
507
422
145
335
460
598
556
122
390
96
627
503
25
422
252
12
96
12
390
463
316
505
12
494
94
169
94
12
390
96
390
390
556
13
251
145
94
252
252
460
12
94
672
12
251
43
507
80
538
282
507
494
159
460
422
13
422
252
460
503
249
44
507
13
556
222
252
252
94
439
460
251
12
12
252
251
422
556
573
249
185
505
390
12
445
249
520
659
390
520
252
