348
267
662
663
403
18
669
568
440
184
179
43
606
546
150
147
321
56
413
1
380
471
653
211
2
520
29
635
507
599
599
599
53
5
466
60
212
83
279
432
635
677
19
33
608
190
285
62
121
331
164
600
154
108
277
394
266
119
564
680
349
456
172
378
505
288
434
393
71
456
348
167
320
348
86
432
281
677
482
213
441
393
681
497
455
154
475
424
55
519
660
354
502
46
275
401
56
616
201
469
398
323
344
467
383
651
358
156
196
60
296
175
216
218
161
598
253
656
476
254
322
105
523
590
41
601
139
59
522
100
145
80
369
300
473
134
381
650
322
369
577
140
229
276
60
622
649
106
626
11
135
322
355
269
74
606
404
201
403
236
194
594
427
125
599
682
94
432
31
459
419
478
159
420
663
280
162
664
259
290
481
346
168
55
63
609
473
536
202
542
451
535
154
278
151
486
266
157
298
573
273
188
3
283
599
56
49
641
232
572
165
221
399
224
366
302
660
676
214
393
660
663
440
374
103
177
64
254
136
66
138
319
539
234
523
666
12
510
222
56
18
335
143
307
8
308
534
272
68
464
266
18
439
60
462
637
185
152
324
537
670
444
238
656
469
304
65
573
198
228
411
578
540
318
204
593
509
155
293
50
199
581
199
30
217
664
289
562
57
561
404
682
450
61
483
220
395
325
581
677
206
284
674
272
173
144
484
150
571
134
428
566
350
682
445
40
320
491
154
351
146
90
116
612
672
264
654
96
531
195
348
114
347
370
247
657
649
333
443
569
323
514
569
278
318
286
347
484
180
615
200
215
341
89
599
267
241
492
181
155
323
679
683
83
414
255
56
479
34
309
406
56
35
17
176
166
494
230
570
241
628
245
92
683
231
449
156
226
195
503
205
432
72
71
88
20
249
227
532
263
431
109
675
501
36
254
437
454
47
56
297
529
524
84
617
489
191
436
451
643
328
451
208
477
183
521
7
198
149
186
37
113
426
495
28
521
21
666
207
663
599
206
97
625
650
201
131
356
422
585
30
686
493
682
252
412
93
579
485
415
476
588
557
123
642
613
23
384
24
269
579
249
606
418
45
496
316
256
574
158
621
682
354
587
243
247
620
549
423
576
101
326
611
501
405
623
627
266
337
22
488
411
27
330
141
538
9
674
252
406
310
164
666
153
246
684
647
589
87
409
51
354
527
581
104
390
442
429
25
172
266
89
646
233
556
192
372
225
367
586
288
421
386
675
293
542
127
118
187
438
639
78
58
142
553
682
636
303
512
48
446
543
556
416
518
176
266
60
529
193
271
79
129
360
320
42
164
668
626
76
79
266
480
624
651
54
197
573
667
592
154
508
345
500
661
132
32
591
362
327
332
633
354
247
363
354
685
65
596
10
482
678
271
535
626
452
686
509
640
266
673
645
658
404
343
257
105
373
73
467
174
294
517
419
610
632
354
250
204
526
417
15
551
440
663
478
120
357
467
584
266
16
56
278
659
407
387
672
154
221
499
69
268
24
655
79
251
334
38
460
209
528
638
678
577
588
447
468
98
382
605
154
679
246
81
138
305
219
282
545
262
102
649
396
510
376
364
274
210
208
312
433
675
75
583
115
95
600
634
311
313
377
525
400
511
402
544
110
673
130
584
425
182
169
652
14
658
649
124
176
60
117
461
685
315
99
592
496
28
338
39
148
457
554
530
547
227
513
671
614
684
681
200
365
603
630
463
55
248
448
237
137
618
263
383
410
470
260
266
629
541
368
580
640
307
668
392
379
46
163
339
258
340
397
678
89
111
611
323
531
453
359
292
79
229
455
484
466
85
352
667
665
170
270
112
498
438
240
470
648
48
91
297
651
265
261
203
291
126
13
671
55
8
55
487
683
67
299
592
199
458
4
171
388
278
210
472
113
597
44
154
658
107
604
178
306
548
133
52
669
79
239
223
26
550
567
490
644
389
349
6
128
555
239
504
77
138
40
435
353
474
122
474
381
506
607
210
670
28
338
204
70
518
516
559
631
425
681
465
558
242
582
602
301
317
361
408
552
375
383
473
437
83
680
314
430
575
368
14
391
533
355
103
565
154
595
589
336
619
189
355
385
342
515
10
455
295
563
329
287
592
235
82
433
160
244
560
371
56
