141
123
98
135
98
120.625
138
141
140
132
140
139.55
133.714285714286
134
143
136
100
139
103.8
124
119
143
109
143
122.142857142857
90
130.5
140
140
143
116
123
97
129
52
135.666666666667
117
132
118.666666666667
141
40
123
134
142
139
139
84
131
132
101
119
141.25
75
137
119.333333333333
102
138
76
89
122
124
120
104
142
40
91
121
129
125.5
76
140.5
117
139.5
139.833333333333
149
132
116.5
127
84.6666666666667
130
137.6
121
138
131
143
143
142
141
128.333333333333
139
99
86
52
65.2727272727273
136.909090909091
109.333333333333
119
111
99
142
125.333333333333
119
139.857142857143
113
68
95
148
140.866666666667
139
96
136
134
64
140
91
133
130
55
139.5
128.333333333333
103
133
140
48
145
103.2
97
144
76
132.8
120
121.625
142
128
97
136
113.666666666667
122
140.5
120
113.75
118
130
136
138.153846153846
145
134
116
118.333333333333
140
126
156
139
137
136
105
66
136.142857142857
130.857142857143
89
143
100
135
141
140
138
78
126
95.9
91.5
134
126.333333333333
143
140
141
74
128
138
128
131
127.5
144
101
128
139.466666666667
133
124
124.5
132.631578947368
105
59
48
104
103
119
122
138.125
145
86
140
80
84
104
139
146
143
127
112
101
143
144
117
141.333333333333
143
87
70
126
110
128.333333333333
117
134
137
121.666666666667
60
118.5
91
140
136
66
73
120.5
104
143
131
139
140
74.5
62
134
139
140
137.666666666667
139
92
139
113.25
99.1904761904762
121
141.793103448276
109
132
120.880597014925
139
125
83
110
29
57
115.5
100
121
140
108
97
147.3
89
118
113
55
137
143
135
62
138
138
146
90
125
101
83
117
140
140
130
136
137
83.5
73.5
99
139
134
128
143
136
101
138
89
144
92
96.4
132
114.75
81
53
93
136
137
143
103
131
141
63
128
95.1666666666667
124.8125
95
66
82
111.5
122
145
136
119
92
129.5
140
128.333333333333
83
146
119.666666666667
143
141.6
139
132
121.508771929825
101
88
143
128
140
63
85
122
95
94.4285714285714
122.5
137.5
67
136
140
94
140.666666666667
134.5
143
138
142
139
54
119
140
40
150
144
65
55
69
52
143
88
139
136.8
79
118
64
144
140
80
135
128
135
137
139
100
65
144
141
146
114.333333333333
81
111.285714285714
135
135
126
137.666666666667
129
135
90
128
71
71
143
92.8571428571429
81
66
143
137
119.5
133.5
120
95.3333333333333
142.785714285714
136
37
81.5
121
114
143
128
140
139
110
132.833333333333
142
149
143
140.5
56
142
123
125
102
130.8
137
134
103
93
110.666666666667
126.5
140.333333333333
67
83
97
104
139.4
139
107.5
143
100
139.75
140
118
81
84
65
114
142
102
140
140
98
138
138
139.75
141.166666666667
60
132.666666666667
138.666666666667
143
137
121
141.058823529412
90.875
109
131
145
62.8333333333333
52
44
94
99.5
141
139
112
138
144
142.333333333333
94
141
144
124
140
144
139.5
132.25
140
100
129
106
135
113
89
135
121.25
126
130.375
138
118.833333333333
133
117
110
130
80
119
56
132
131
136
142
140
122
144
140
114
140
93
76.8076923076923
133
109.5
131
69
103.25
143.666666666667
141
138
89.5
119
96
120.5
140
129
99
144
142
123
115.5
72
139
143
113
140
99.6666666666667
122
107.333333333333
128
86
136.125
142
113
86
83
119
114.333333333333
129
118
127
81
122
74
132.2
113
141.8
117.5
139
137.5
71
140
86
92.4
147.333333333333
93
74
91
93
91
134
52
117
135.5
59
118
95
89
46
99
133
115
104.666666666667
109
140.666666666667
140
111
143
134
139.666666666667
125
69
145
165.333333333333
101
142.5
70
132
136
105
137
92
117
77
139
103
132
139
119
89
68
138.666666666667
87
136
123
117
138.5
114
144
142
129
141
140
100
87
142.767441860465
141
125
90
57
94
139
138
84
80
107
124
120
71
141
148
136
108
93
135.25
138
83
142.5
128
93
138
140
126
123.666666666667
147
117
139
112
139
72
126.5
140
137
138
137
144
111
75
109
93
107.5
121
