1
1
1
1
1
0.999654696132597
1
1
1
1
1
1.05466050863724
1.06404495385797
1
1
1
1
1
1
1
1
1
1
1
1.05644177610214
1
1
1
1
1
1
1
1
1
1
1
1
1
1
1
1
1
1.16035920461835
1.05931586608442
1
1
1
1
1
1
1.12150050817703
1
1
1
1
1
1
1
1
1
1
1
1
1
1
1
1
1.04878048780488
1
1
1
1
1.09918887601391
1
1
1
1
1
1
1.09377468794438
1
1
1
1
1
1
1
1
1
1
1
1
1
1
1
1.02623345367028
1
0.92073732718894
0.968688845401174
1
0.971576227390181
0.984148862853205
1
1
1
1
1
1
1
1
1
1
1
1
1
1
1
1
1
1
1
1.1030211643061
1
1
1
1
1
1
1
1
1
1
1
1.20107238605898
1
1
1
1
0.993936331480546
1
1.13939899833055
1
1
1
1
1
1
1
1
1
1.23934426229508
1
1
1
1
1
1
1
1
1
1
1
1
1
1
1.03759398496241
1
1.54736842105263
1
1
1
1
1
1
1
1
1
1
1
1
1
1
1
1
1
1
1
1
1
1
1
1
1
1
1
1
1
1.14173228346457
1
1
1
1
1
1
1
0.996515679442509
1
1
1
1
1
1.18348351321913
1
1
1
1
1
1
1
1
1
0.991406603346902
1
1
1
1
1
1
1
1
1
1
1
1
1
1
1
1
1
1
1
1
1
1
1
1
1
1
1.00050014193217
1
1.16650781152874
1
1
1
1
1
1
1
1
1
1
1
1
1
1
1
1
1
0.958188153310105
1
1.04284412032817
1
1
1
1
1
1
1
1
1
1
1.04698085964977
1
1
1
1
1
1
1
1
1
1
1
1
0.987116836961351
1.21523653491706
1
1
1
1
1
1
1
1
1
1
1
1
1
1
1
1
1
0.93694327238631
1
0.985241324291983
1
1
1
1
1
1
1
1.10179640718563
1
1
1
1
1
1
1
1
1
1
1
1
1
1
1
1
1
1
1
1
1
1
1
1
1
1
1.38235294117647
1
1
1
1
1
1
1
1
1
1
1
1
1
1.05769230769231
1
1
1
1
1
1
1
1
1
1
1
1
1
1
1
1
1
1
1
1
1
1
1
1
1
1
0.992647058823529
1
1
1
1
1
1
1
1
1.1304347826087
1
1
1
1
1
1
1
1
1
1
0.985507246376812
1
1
1
1.26666666666667
1
1
1.00358422939068
1
1
1.07682207421503
1
1
1
0.992932862190813
1
1
1
1
1
1
1.16595744680851
1
1
1
1
1
0.983798099392429
1
1
1
1
1
1.07699757869249
1
1
1
1
1
1
1
1
1
1.0316742081448
1
1
1
1
0.794764302059497
1.00264200792602
1
1.18807301216869
1
1
1
1
1
1
1
1
1
1
1
1
1
1
1
1
1
1
1
1
1
1
1
1
1
1
1
1
1
1
0.984269282814614
1
1
1
1
1
1
1
1
1.20156332160337
1
1.1307032428356
1.05747126436782
1.00189393939394
1
1
1
1
1
1
1
1
1
1
1.13057324840764
1
1.12020033388982
1
1
1
1
1
1
1
1
1
1
1
1
1
1
1
1
1
1.19689976923849
1
1
1
1
1
1
1
1
1
1
1
1
1
1
1.12982456140351
1
1
1.00355450236967
1
1.08328340323547
1
1
1
1
1
1
1
1
0.958742632612967
1
1
1
1.10252536426562
1
1.23775601068566
1
1
1
1
1.09349112426036
1
1
1
1
1
1
1
1
1
1
1
1
1
1
1
1
1
1
1
0.931155778894472
1
1
1
1
1
1
1
1
1
1
1
1
1
1
1.01492537313433
1
1
1
1
1
1
1
1
1
1
1
1
1
1.07465940054496
1
1
1.07339449541284
1
1
1
1
0.95910780669145
1
1
1
1.10828025477707
1
1
1
1
1
1
1
1
1
1
1
1
1.08597285067873
1.30674846625767
1
1
1
1
1
1.26332417582418
1
1
1
1
1
1
1
1
1
1
1
1.088772845953
0.802742287316921
1
1
0.998027613412229
1
1
1
1
1
1.075260804769
1
1
1
1
1
