141
123
98
135
98
120.666666666667
138
141
140
132
140
132.31746031746
125.666011787819
134
143
136
100
139
103.8
124
119
143
109
143
115.617216117216
90
130.5
140
140
143
116
123
97
129
52
135.666666666667
117
132
118.666666666667
141
40
123
115.481481481481
134.048780487805
139
139
84
131
132
101
106.107843137255
141.25
75
137
119.333333333333
102
138
76
89
122
124
120
104
142
40
91
121
123
125.5
76
140.5
117
126.911764705882
139.833333333333
149
132
116.5
127
84.6666666666667
118.854460093897
137.6
121
138
131
143
143
142
141
128.333333333333
139
99
86
52
65.2727272727273
136.909090909091
106.538461538462
119
120.555555555556
102.2
142
129
120.916666666667
139.857142857143
113
68
95
148
140.866666666667
139
96
136
134
64
140
91
133
130
55
139.5
128.333333333333
103
120.577922077922
140
48
145
103.2
97
144
76
132.8
120
121.625
142
106.571428571429
97
136
113.666666666667
122
141.357142857143
120
99.8333333333333
118
130
136
138.153846153846
145
134
116
118.333333333333
140
101.666666666667
156
139
137
136
105
66
136.142857142857
130.857142857143
89
143
100
135
141
140
133
78
81.4285714285714
95.9
91.5
134
126.333333333333
143
140
141
74
128
138
128
131
127.5
144
101
128
139.466666666667
133
124
124.5
132.631578947368
105
59
48
104
103
119
122
138.125
127
86
140
80
84
104
139
146
143.5
127
112
101
143
144
98.8606927710843
141.333333333333
143
87
70
126
110
128.333333333333
117
134
138.1875
121.666666666667
60
118.5
91
140
136
66
73
120.5
104
143
131
139
140
74.5
62
134
139
140
137.666666666667
139
92
139
113.25
99.1904761904762
121
141.722222222222
109
113.158264947245
120.880597014925
139
125
83
110
29
57
115.5
100
121
140
108
97
147.3
89
118
113
57.4
137
137.125
135
62
138
138
146
90
125
101
83
117
133.717821782178
140
130
136
137
83.5
73.5
99
139
134
128
143
136
102.318181818182
113.558139534884
89
144
92
96.4
132
114.75
81
53
93
136
137
143
103
131
141
63
128
101.571428571429
124.8125
96.4230769230769
66
82
111.5
122
145
136
119
83.5
129.5
140
128.333333333333
83
146
119.666666666667
143
141.6
139
132
121.508771929825
101
88
143
128
140
63
85
122
95
94.4285714285714
122.5
137.5
67
136
140
68
140.666666666667
134.5
143
138
142
139
54
119
140
40
150
144
65
52
69
52
143
88
139
136.8
79
118
64
144
140
80
135
128
135
137
139
100
65
144
141
146
114.333333333333
81
111.285714285714
135
136
126
137.666666666667
129
135
90
128
71
71
126.5
92.8571428571429
81
66
143
137
119.5
133.5
120
95.3333333333333
142.785714285714
138
37
81.5
121
90
143
128
139.5
139
110
123.356807511737
142
149
143
141.5
56
142
123
125
102
130.8
117.5
134
103
93
110.666666666667
126.5
142.644444444444
67
83
97
104
139.4
129.0625
107.5
143
100
139.75
140
118
81
84
65
110.5
142
102
140
140
123.306997742664
137.636363636364
138
117.627450980392
141.166666666667
60
132.666666666667
138.666666666667
143
137
121
141.058823529412
90.875
109
131
145
62.8333333333333
52
44
94
99.5
141
139
112
138
144
142.333333333333
94
141
144
124
140
144
139.5
134.363636363636
140
100
129
106
135
113
89
135
100.910204081633
126
115.304347826087
130.5
118.608695652174
133
117
110
130
80
119
56
132
131
136
125.6
140
108.909090909091
144
140
114
140
93
76.8076923076923
133
109.5
131
69
103.25
143.666666666667
141
138
89.5
119
96
100.676767676768
140
129
99
144
142
123
115.5
72
139
143
113
140
99.6666666666667
122
95
128
86
135.642857142857
142
104.3125
86
83
119
114.333333333333
129
118
127
81
127.25
74
132.2
113
128.613821138211
117.5
112.3
137.5
71
140
86
84.5
147.333333333333
93
74
91
93
91
134
52
117
135.5
59
118
95
89
46
99
133
115
104.666666666667
117.058823529412
140.666666666667
140
111
143
134
139.666666666667
125
69
145
165.333333333333
101
142.5
70
132
134
105
137
92
117
77
139
103
132
139
119
89
68
138.666666666667
80.9558823529412
136
123
109
138.5
114
144
142
134.5
141
140
100
78.5
142.767441860465
141
125
90
57
94
139
138
84
80
107
124
110.5
54.3333333333333
141
148
136
108
93
107.058823529412
138
83
142.5
128
93
138
140
126
123.666666666667
147
117
127.666666666667
139.521739130435
139
72
126.75
140
137
138
137
144
103.230769230769
75
109
93
107.5
121
