23
0
0
13
3
10
18
0
27
1
1
16.75
14.3263157894737
23
15
0
1
0
24
25
0
6
21.5
0
12.4404761904762
1
20.6666666666667
0
11.2
5
10
5
18
1
2
19
29
10
3
24
0
1
9.27272727272727
11.921568627451
11
26
5
0
1
17
11.3428571428571
18.3333333333333
0
10
15
0
1
0
23
1
18
1
0
16
0
0
0
18
18
0
16.6666666666667
15
14.6315789473684
13.3333333333333
0
0
3
16
20
13.9230769230769
12.5
9.6
24
26
2
0
0
22
1
29
0
22
0
14
14.375
4
19
17.5
15
20.5
20.5
15
17.25
21
13
20
0
16.0909090909091
20
17
16
9.66666666666667
10
0
0
1
0
0
23.5
15.3333333333333
26
15.344262295082
0
0
21
5.66666666666667
0
15
0
18.5
4
15.8
0
15.1111111111111
0
0
25.3333333333333
21
17.6363636363636
23
15
9
15
6
13.4
0
0
14
5
25.3333333333333
6.83333333333333
21
6
11
1
0
0
19
14.6666666666667
0
0
0
34
24
21
0
0
14.2
11.75
0
1
14
0
8
0
0
0
1
0
28
23
17
16.5
12
10.5714285714286
14
0
0
11.2
16
12
4
7
0
10
20
14
16.8571428571429
18.3333333333333
21
19
5
0
0
6
0
17
0
0
1
0
7.66094420600858
20
24
0
0
16
10
19
25
24
18.4
21
11
0
16
4
10
0
13
24.5
14
16.5
0
0
21
18
15
18
0
25
0
9
19
28
11
14
0
13.134328358209
13
13.5773913043478
13
13
7
1
0
0
0
0
20
11
22
9
0
24.3333333333333
3
9
13
4
0
15.5
1
0
6
15
0
20
21
0
0
22
14.6375838926175
1
24
0
0
16.5
11.5
1
9
0
26
7
14
9.65486725663717
9.85714285714286
9
16
2
12.6
0
13.25
0
8
6
0
21
16.5
2
21
21
5
0
23
9.85714285714286
16.1363636363636
0
0
10
19.25
3.5
7
0
0
20.8571428571429
0
8
22
14
22
0
16.5
12
10
12.2045454545455
0
19
13
9
1
24
16
32
17
9.57142857142857
10
0
10
22
19
0
8.5
17.5
20
16
1
21
0
1
20
0
18
0
21
7
22
0
3
5
20
0
0
14
1
19.5
0
0
0
0
0
20.5
5
0
21
16
13
0
14.6666666666667
0
15.8
0
14.6666666666667
9.5
18
0
11.5
19
0
0
0
10.5
5.5
9
0
0
0
18
26
0
19
13.9166666666667
20.5
0
0
27
15
4
25
22
23
3
11.9256756756757
14
0
17
18.6666666666667
0
20.25
17
0
0
16.5
0
17
19
0
5.5
16.5
11.7096774193548
20
0
0
27
11
12.04
20.5
7
0
18
21
8
1
4
0
0
0
21
0
0
12
16.8571428571429
0
11.5818181818182
19.6666666666667
0
19.6666666666667
16.5
29
21
0
16.9285714285714
8.41666666666667
1
24
1
1
0
0
0
11
0
0
11
23
5
19
1
18
0
11
14
3
0
12.7142857142857
0
0
0
26
17
3
18
23
9.53246753246753
0
8
13.5
15.4117647058824
0
29
0
14.5
0
19
0
12
1
12
10.5
0
21
17
24
13
0
3
8.33333333333333
16
26
5
0
23
14
19
12
0
0
13
9.37209302325581
1
3
0
10.5
21
16
6
0
0
0
0
18
1
0
10.6
8
22
13.2
0
8.35294117647059
0
0
0
18
31
24.5
4
13
13.5
0
11
20
13.468045112782
18
14
15
0
0
0
11
24
0
0
0
4
0
0
0
0
0
27
14
20
19
0
0
12
24
13.5
13.1428571428571
17.6666666666667
9
0
0
0
16.8
0
0
18
8.33333333333333
0
25
12
19
14
0
19
20
10
0
8
16
27
0
13
7
0
15
10.9007633587786
11
28
23
20
0
23
18
18
3
1
9
10.64
13.3142857142857
0
27
0
0
0
18
0
14
26
6
2
20
0
3
18
0
0
0
11.9166666666667
10
0
21
20
0
18
0
0
14
0
6
14
12.3571428571429
13
0
19.6666666666667
32
15
0
9
12.5
10
0
0
3
0
23
