158
0
0
86
33
68.5
100
0
160
0
0
113.886363636364
94.2552631578947
157
100
0
0
0
143
155
0
61
115
0
79.7172619047619
0
111.333333333333
0
64
47
54
34
141
0
17
120
159
102
17.5
152
0
23
59
77.8921568627451
68
160
36
0
0
129.333333333333
74.7
148.666666666667
0
54
90.8333333333333
0
0
0
144
22
159
0
0
102
0
0
0
134
127
0
119.666666666667
118
92.1578947368421
97.6666666666667
0
0
20
111
122
90.8397435897436
78.5
64.3
133
156
11
0
0
152
6
146
0
160
0
90.6666666666667
115.125
22
146
106.833333333333
92
153
125.5
91.125
113
139
80
160
0
99.7272727272727
112
115
107
85
95
0
0
0
0
0
132
92.6666666666667
131
97.5737704918033
0
0
159
32
0
100
0
109
20
112
0
93.4444444444444
0
0
152.333333333333
153
119
159
92
107
136
41
94.8
0
0
114
45.3333333333333
141.333333333333
55.1666666666667
160
39
48
15
0
0
110.6
102.777777777778
0
0
0
141
151
145
0
0
84.6
63.75
0
0
92
0
77
0
0
0
0
0
155
160
118
98.75
69
61
84
0
0
75.6
114
79
23
114
0
60
96
87
102.285714285714
106.666666666667
153
81
36
0
0
31
0
121
0
0
0.35
0
40.1587982832618
136
152
0
0
129
98
105
143
155
113.64
117
63
0
124
24
65
0
122
150.5
124
93.5
0
0
157
98
92
135
0
160
0
62
116
155
83.3333333333333
99.625
0
80.3582089552239
65
88.2539130434783
64
105.333333333333
49
0
0
0
0
0
159
65
128
56
0
158.333333333333
19
144
93
30
0
85
0
0
25
111
0
128
143
0
0
160
100.026845637584
0
130
0
0
112
73
0
58
0
134
50
78
59.716814159292
51.7857142857143
73
90.5
25
74.4
0
79.25
0
62
40
0
121
112.5
16
159
159
37
0
150
61.9285714285714
104.227272727273
0
0
71
123.5
40.5
54
0
0
136.714285714286
0
38
157
91
137
0
118.5
88
66
85.6136363636364
0
120
159
47
6
157
112
158
134
69
68
0
85
155
142
0
49.5
88
156
114
0
159
0
0
158
0
159
0
159
42
159
0
24
36
150
0
0
160
6
131.5
0
0
0
0
0
135
30
0
105
99
89.1428571428571
0
84.3333333333333
0
110.9
0
151.666666666667
61
91
0
78.5
160
0
0
0
85
28
67
0
0
0
123.5
133
0
98
87.5
135
0
0
139
86.5
25
159
116
150
16
78.2837837837838
144
0
156
132.333333333333
0
111.75
142
0
0
139
0
108
142
0
27
110
79.2258064516129
150
0
0
148
63.1666666666667
87.12
129
37
0
132
157
43
0
33
0
0
0
138
0
0
76.9421221864952
104.857142857143
0
77.9454545454546
147.666666666667
0
132.333333333333
123.5
159
129
0
117.214285714286
51.1666666666667
0
129
0
0
0
0
0
67
0
0
71
151
25
152
0
117
0
115
69
25
0
77.2857142857143
0
0
0
159
113.5
12
98
159
56.487012987013
0
61.4
72.8333333333333
97.6470588235294
0
149
0
78
0
122
0
144
0
144
72
0
128.25
85
147
78.5
0
27
47.3333333333333
136
160
32
0
145
100
109
95
0
0
58
56.953488372093
0
9
0
79
160
113
80
0
0
0
0
114
4
0
69.4
34
157
86
0
57.2352941176471
0
0
0
114.5
160
154.5
38
106
116
0
73.6666666666667
155
87.3421052631579
159
98.4285714285714
104
0
0
0
78
140
0
0
0
28
0
0
0
0
0
150
97
134
129
0
0
74
132
90.75
87.9285714285714
134.666666666667
57
0
0
0
110.8
0
0
157
63.6666666666667
0
160
91
132
89
0
115.5
149
64
0
57
90
155
0
76
41
0
131
71.3893129770992
96
137
159
112
0
159
156
160
19
0
73
72.8
88.7428571428571
0
138
0
0
0
153
0
87
154
46
12
160
0
19
160
0
0
0
73.75
84
0
157
141
0
68
0
0
86
0
34
92.6666666666667
78.1428571428571
77
0
142.666666666667
139
102
0
71
80
76.375
0
0
16
0
154
