4
2
0
0
0
0.333333333333333
1.33333333333333
2
0
0.5
0
0.412698412698413
0.037328094302554
0
0
0
0.5
0
0
0
1
0.5
1
0
0.0164835164835165
0
0.5
0
0
0
0
0
0
1
0
0.333333333333333
0
0
0
0
0
0
0.0740740740740741
0
0
1
0
0
2
0
0.0196078431372549
0
0
0
0.333333333333333
2
0
0
1
2
0
0
0
0
1
0
0
0
0
0
1
0
0.0294117647058824
0
0
1
0
1
0
0.0234741784037559
0
0
0
0
0
0
0
1
0
0
0
0
0
0.0909090909090909
0
0.230769230769231
0
0
0
0
0
0.916666666666667
0
0
0
0
0
0
1
5
0
0
0
1
0
0
1
0
0
0.666666666666667
2
0.0454545454545455
1
0
0
0.4
1
0
0
0
0
0
0
0
0
1
0
0
1.07142857142857
0
0
0
0
0
0
0
0
0
0
0
0.111111111111111
0
0
0
0
0
0
0
0.0714285714285714
0
0
0
0
0
0
0.666666666666667
0
0
1
0
0
0
0
1
0
0
0
0
1
0
1
0
0
1
0
1
0
0.5
0.736842105263158
2
0
0
0
0
0
0
0
0
0
0
0
0
2
0
0
0
0
0
0
0
0
0.00376506024096386
2
1
0
0
0
0
0
0
1
0
0
0
0
1
0
0
0
0
1
0
0
0
0
0
0
0
0
0
0
0
0
0
0
0
0
0
0.0333333333333333
0
0.0105509964830012
0.238805970149254
2
0
0
0
0
0
2
0
1
0
1
0
0
2
0
0
0
0
0
0
2
0
0
0
0
0
0
0
0
0.00495049504950495
1
1
0
0
0
0
0
0
0
0
0
0
0
0
2
0
0
0
0
0
0
0
0
3
1
0
0
0
0
0
0
0.285714285714286
0
0
0
1
0
0.25
0
0
0
0.5
0
0
0
0
0
0
0
0
0
4
0
0
0
0
0
0
2
0
0
0
0
0.5
0
0
2
0
0
1
5
1
0
0
0
0
0
0
0
0
4
0
0
0
0
0
0
0
0.4
0
0
0
1
1
0
0
4
1
0
3
0
0
0
0
0
3
0
0
0
0
0
2.66666666666667
0
0
0
0
0
0
0
0
0
0
0
0
0.5
0
0
2
0
0
0
0
0
0
0
0
0
0
0
0.00469483568075117
0
1
1
0
2
0
0
0
0
0
0
0
2
0
0.333333333333333
0
0.0222222222222222
1
0
0
0
1
0
0
0
0
3
1
0
0
0
0
0
0
0.5
0
0
0.00225733634311512
0
0
0.0588235294117647
0
0
0.333333333333333
0
0
0
0
0
0
0
0
2
1
0
0
0
0
0
0
0
0
0
0
0
1
0
0
0
0
1
0.363636363636364
1
0
0
0
0
0
0
0
0.00918367346938776
0
0.173913043478261
0.125
0
2
0.5
0
0
2
0
0
0.5
0
0
0
0
0.0909090909090909
0
0.333333333333333
0
0
0
0
2
0
1
0
0
0
0
0
0
3
0
0.0134680134680135
0
0
0
0
0
0
1
0
2
0
0
0
0
0
0
0
0
0.0714285714285714
0
0.1875
0
0
0
0.333333333333333
0
0
0
0
0
0
0
0
0.010840108401084
0
0.1
0
0
0
0
0
0
0
1
0
0
0
0
0
0
1
0
0
2
0
0
0
0
0
0
0
0
0
3
0
0
0
0
0
0
0
0
0
0
0
0
0
1
0
0
1
0
0
0
0
0
0
0
0
0
0
0
0
0
2
0
0
0
0
0
0
0
0
0
0
0
0
1
0
0
0
0
0
0
0
0
0
0
0
0
0
0.0588235294117647
0
2
0
0
1
0
0
0
0
2
0
0
0
0
0
0
0
0
0
0
0
0
0
0
2
0
0
