1121
0
0
1383
2792
1520.16666666667
1748.5
0
2107
2251
30
1274.81818181818
1244.35526315789
1282
2077
0
845.5
0
2188
817
0
2768
899.5
0
1197.32142857143
1544
428
0
1500.6
458
842
2292
1122
221
370
877
2048
750
2148.5
1365
0
976
923.454545454546
1073.75490196078
959
60
378
0
1369
1893.66666666667
936.757142857143
2071.33333333333
0
1657
1286.5
0
286
0
1437
1188
603
1905
0
1987
0
0
0
1626.5
580
0
1331.33333333333
944
1034.05263157895
1203.16666666667
0
0
548
2010
377
1260.65384615385
1097.5
1714.4
1168
1847
892
0
0
1137
783
1307
0
1266
0
536.333333333333
1390.75
470
273
1162.33333333333
1115
1212
1324
1181.25
1403.75
738
2028
93
0
1026.45454545455
1501
2465
74
1231
2436
0
0
125
0
0
1387.5
1412.33333333333
1933
1428.20491803279
0
0
1961
1587
0
2202
0
1059.5
849
1532.4
0
1109.44444444444
0
0
1116.33333333333
2108
1456.18181818182
2362
1115
813
456
2084
691.2
0
0
1353
807.333333333333
1648.33333333333
1351.33333333333
284
1832
910
-202
0
0
1185.2
539.888888888889
0
0
0
1150.5
2039
1685
0
0
508.8
1197.5
0
736
1444
0
2061
0
0
0
1283
0
2068
1887
1336
779.75
1665
409.428571428571
2078
0
0
1440.6
2098
997
222
995
0
1415
1348
1515.5
1410.14285714286
1133
1360
2074
382
0
0
2006
0
1798
0
0
450.8
0
858.153846153846
1512.5
2069
0
0
1033
1601
1311
777
1181
1371.88
2027
2101
0
2075
364
1902
0
982
1404.5
1932
1163.5
0
0
2727
1907
1117
361
0
1946
0
1831
332
1203
987
1395
0
1588.97014925373
1982
1367.04695652174
195.75
1204
2132
1469
0
0
0
0
223
1814
853
927
0
1276.33333333333
173
441
5
934
0
881.333333333333
2049
0
1047
1278
0
2071
573.5
0
0
2346
1364.98657718121
116
2039
0
0
1790.5
1401.5
1856
1682
0
2008
515
2150
821.097345132743
793
644
1678
1035
981.4
0
1542.75
0
184
703
0
2135
209
1932
735
2061
528
0
1588
733.428571428571
1137.63636363636
0
0
1879.5
1063.75
680.5
1970
0
0
1323.85714285714
0
1713
13
2058
1074
0
1721
21
239
844.954545454546
0
1814
2074
86
1907
2352
2105
42
1958
649.142857142857
1279
0
962
661
72
0
1832
998.5
1881
881
79
736
0
2028
1710
0
1906
0
737
2067
2070
0
409
386
33
0
0
1735
2031
1415.5
0
0
0
0
0
1664
510
0
1230
2031
1000.85714285714
0
179
0
1298
0
684.666666666667
1327
777
0
1746
550
0
0
0
1276
1186
1355.33333333333
0
0
0
712.5
2177
0
861
1549.83333333333
1757
0
0
437
1164
1770
403
1556
2236
897
1166.32432432432
2048
0
2685
2125
0
1112.25
1967
0
0
2000.5
0
2223
1055
0
1644.5
2049.5
1031.77419354839
37
0
0
245
1113.33333333333
883.08
1136
476
0
1407
2202
1995
594
148
0
0
0
1176
0
0
1121.48874598071
602.285714285714
0
1107.83636363636
1500
0
898.333333333333
2179.5
1021
2029
0
878.571428571429
965.583333333333
1041
661
73
712
0
0
0
1904
0
0
1702
212
18
1662.5
2027
439
0
1337
735
2088
0
1256
0
0
0
2110
1735.5
1674
1797
1881
1024.45454545455
0
941.4
890.5
1244.11764705882
0
1559
0
886.5
0
945
0
976
1019
976
1989
0
1699.25
532
591
1451
0
59
896.333333333333
277
1374
1392
0
690
1748
895
2056
0
0
705
811.93023255814
32
45
0
1329.5
1561
1418
1088
0
0
0
0
2138
1419
0
1024
1038
967
1083.3
0
906.352941176471
0
0
0
1988.5
1231
916
-165
1881
2110.25
0
776
502
1161.84586466165
621
1249
686
0
0
0
2116
2312.75
0
0
0
1955
0
0
0
0
0
660
2109
1889
2245
0
0
1304
1470
1449.25
787.428571428571
1369
1577
0
0
0
1964.8
0
0
2160
1497
0
1866
1702
1871
1298.5
0
255.5
2033
243
0
1334
1542
1161
0
66
1217
0
1854
909.709923664122
2280
2046
909
1985
0
810
1347
1328
901
84
97
989.807692307692
1426.22857142857
0
1311
0
0
0
1627
0
608
1382
1775
1241
116
0
902
1910
0
0
0
826.75
31
0
1286
28
0
196
0
0
2031
0
2778
1114.66666666667
1290.28571428571
4
0
757.666666666667
2254
581
0
1931
1139.5
1248.125
0
0
1830
0
1317
