977
0
0
1754
1539
40649.3333333333
897.5
0
36859
1512
102
8363.88636363636
4942.15625
102
1649
0
467
0
3013
2690
0
48765
5818
0
102591.614243323
2931
1331.66666666667
0
613.8
838
85
1626
1142
9
374
4229
2591
270
267.5
1559
0
70333
635.181818181818
1717.51960784314
519
777
398
0
134
2466.66666666667
73594.9857142857
1823.33333333333
0
885
25496.5
0
488
0
1540
6130
47847
81
0
12387
0
0
0
2655
1032
0
2584.5
1410
11707.9473684211
4479.83333333333
0
0
4025
18579
973
38335.127388535
4696
12586
1422
413580
1460
0
0
1437
151.666666666667
3482
0
641
0
8356.33333333333
1865.625
14581
441
5087.83333333333
6494
1437
5155
19220.125
2597.75
358
44738
2202
0
5284.81818181818
109810
1780
10949
1266
500
0
0
0
0
0
2205.5
1486
1126
3508.71774193548
0
0
2996
1418.33333333333
0
112
0
8536.75
7771
9363.6
0
1562.66666666667
0
0
4272.66666666667
21185
5494.81818181818
13451
6494
543
201
697
1881.2
0
0
1944
2299.5
2319.33333333333
88257.3333333333
9277
387
78
238
0
0
26267.6
1995.22222222222
0
0
0
8931.5
1894
257064
0
0
161.8
867.5
0
186
177
0
7756
0
0
0
46
0
1040
527
300
881.25
5629
166370.571428571
658
0
0
19704.7142857143
745
4273
111
294
0
1331
1552
6205.75
7376.85714285714
2923.33333333333
436
1523
398
0
0
718
0
7067
0
0
231.8
0
6057.02564102564
810
1585
0
0
422
3235
22448
1810
2547
14898.52
124035
809
0
4307
385
1549
0
999
5527.5
6906
1358.5
0
0
191
635
6494
4105
0
1591
0
106
231.5
11997
4235
524472.625
0
3695.26865671642
2698
55889.4469565217
208.25
1279.66666666667
361
387
0
0
0
0
492
132
166
454
0
1003
1272
5428
8732
290
0
3058.66666666667
376
0
378
2283
0
7111
5426
0
0
3227
4467.62
3082
5640
0
0
3971.5
7093
9
127
0
1102
50
480
12173.9026548673
844.714285714286
690
5748.5
373
80549.8
0
6078.375
0
242
97
0
8644.5
86.5
472
2852
2940
580
0
4595
9237.07142857143
10403.3181818182
0
0
4051
1105.5
589
899
0
0
1296.71428571429
0
1887
102
22779
1750
0
3356.5
4
471
7518.13636363636
0
4140
12052
4
235
26241
625
620
6867
29298.2857142857
109
0
1176
614
1053
0
665.5
3270.5
38257
3112
87
2852
0
225
38652
0
2013
0
2852
134031
1565
0
169
398
22734
0
0
6831
9989
1118
0
0
0
0
0
5795
320
0
2925
9439
58002
0
709.333333333333
0
193031.5
0
16484
2606
828
0
12359
567
0
0
0
496.5
730.5
152467
0
0
0
1446
21527
0
286
21790.5
5778.5
0
0
2423
470
216
1416
13556
9319
1096
152203.88590604
1437
0
888
8698.16666666667
0
8871
3835
0
0
2404
0
1119
408
0
971
86434.5
92536.8709677419
22734
0
0
225
1003.16666666667
3446.68
19812.5
204
0
10623
1707
436
209
156
0
0
0
104
0
0
309021.096153846
1269
0
22604.1636363636
59990.3333333333
0
592.666666666667
5691
7744
578
0
21901
765.916666666667
43
243
14
425
0
0
0
1210
0
910
2464
1262
1
724
446
1892
0
554
25
4381
0
4625.85714285714
0
0
0
262
784
7434
2384
616
53983.2636655949
0
373.8
1459.5
19388.3529411765
0
877
0
881.5
0
70
0
973
2192
973
6635
0
12846.25
1553
5769
8375.5
0
72
277.333333333333
325
489
1066
0
55
1395
7589
796
0
0
7777
19633.1860465116
12
148
0
4253.5
4029
1759
3421.5
0
0
0
0
988
1971
0
10285.8
538
359
11005.5
0
14273.4705882353
0
0
0
2058.33333333333
68
5856.5
222
596
1437.75
0
2552.33333333333
16389
6784.24299065421
47847
4861.42857142857
2587
0
0
0
734
33496.75
0
0
0
917
486
0
0
0
0
842
5147
3773
6156
0
0
468
488
8460.25
6615.35714285714
27961
327
0
0
0
1906.8
0
0
1784
1457.33333333333
0
1520
2253
2988
140
0
991
3263
8
0
2001
243
329
0
641
2217
0
309932
13445.7786259542
360
2730
1248
994
0
1081
1421
697
22
32
196
25702.6153846154
27581.7142857143
0
1067
0
0
0
10180
0
72
290
156
1047
2202
0
22
1571
0
0
0
123125.923076923
4044
0
32561
1525
0
1070
0
0
181083
0
1452
5610.33333333333
9169.42857142857
11
0
3820.25
357
1845
0
7992
24495
9495.625
0
0
339
0
4918
