72
0
0
3079
790
3593.5
1635.5
0
986
138047
0
5574.02272727273
10061.3789473684
6
4425
0
13.5
0
120
147
0
2
48292
0
7046.47619047619
0
5560.66666666667
0
144.2
2294
547
6914
3
2
4704
2994
18841
774
3062.5
1948
0
331163
8349.45454545455
5852.38235294118
1055
1301
8
0
66
4919
9858.55714285714
418
0
24377
42070
0
565
0
2456
28740
235104
21
0
7294
0
0
0
4511
11002
0
10057.6666666667
2412
4117.68421052632
1183.16666666667
0
0
124
288686
7237
11921.5769230769
2970
4776.5
363
204
7324
0
0
135
4463.33333333333
6770
0
65
0
12952
8658.625
260
161
141.833333333333
139
4789
206.5
18.75
3278
326
75
467
0
20332.1818181818
14
1
21010
3117.66666666667
50
0
0
83
0
0
23078.5
3344
22963
6508.19672131148
0
0
0
1474.33333333333
0
19
0
13809.25
84823
3891
0
21624
0
0
1585
17555
10335.0909090909
5
139
3673
19
541
522.4
0
0
7250
44767
16808.6666666667
243.166666666667
42256
6942
57
7
0
0
1282.8
25687.1111111111
0
0
0
14911
974
4285
0
0
237.6
20292
0
84
202
0
1171
0
0
0
196
0
723
31
106
577
1264
4243.85714285714
5027
0
0
1382.2
1294
119829
1256
2804
0
6187
19531
22791.375
2246.71428571429
2449
1
2
8
0
0
46
0
43387
0
0
0
0
9212.18376068376
5123
11799
0
0
147
626
3388.75
2296
11001
16345.92
53192
95
0
8077
28979
7455
0
758
36769.5
170
2263.5
0
0
145
34029
139
14520
0
15832
0
2673
1312.5
2713
23.3333333333333
1263.125
0
7306.80597014925
133
6009.11130434783
4958
6899.66666666667
9237
59314
0
0
0
0
314
1242
639
10634
0
1263
1543
6621
452
1970
0
8465.66666666667
120
0
5341
301
0
1300
9346
0
0
336
9245.60402684564
5
11986
0
0
1254.5
47
202
1193
0
145
119
35
379.442477876106
8310.35714285714
825
7646.5
16175
587.8
0
14561.75
0
2382
5
0
2962
875
17896
16699
0
291
0
1360
6.78571428571429
1286.13636363636
0
0
284.5
19547.25
3838.5
13786
0
0
1471.85714285714
0
27
48
90560
350
0
12367.5
0
842
351.363636363636
0
36
33238
0
463
179
29
6910
466
559.428571428571
4513
0
1963
930
8858
0
2765
2804
9665
9
4
16699
0
1026
151
0
1753
0
16699
9
5427
0
114
8
31155
0
0
1830
29
2022
0
0
0
0
0
1537
102
0
14398
577
13907
0
4197.66666666667
0
1431.1
0
81482.6666666667
7273
1344
0
2540.5
33
0
0
0
20316.5
16614.5
114.666666666667
0
0
0
1706
2227
0
7413
18338.9166666667
6703
0
0
12898
616.5
101
1535
10141
14778
225
8300.88513513514
98
0
555
3941.66666666667
0
88165.25
401
0
0
1141
0
2518
21
0
403
12587
10513.3225806452
31155
0
0
844
20060.8333333333
9835.04
10879.5
0
0
896
1
11
0
0
0
0
0
2
0
0
7210.49517684887
1383.14285714286
0
1579.61818181818
3549.66666666667
0
151.666666666667
14188.5
27501
812
0
2073.14285714286
53.1666666666667
0
1100
1529
653
0
0
0
3
0
0
0
191
0
2326.5
1
8199
0
2144
51
141827
0
481
0
0
0
2
397
263
23330
3096
8674.77272727273
0
1169.4
1885.66666666667
8754.82352941176
0
139
0
41776
0
1165
0
320
29161
320
2125
0
1381.25
19073
47479
23
0
159
198.666666666667
13
843
17195
0
287
95
277
979
0
0
5566
4959.76744186046
451
596
0
8666.5
14070.5
527
39085.5
0
0
0
0
6763
3462
0
1475.2
12689
160
7592.7
0
5765.70588235294
0
0
0
4294
104
9648.5
55
44
801
0
219.333333333333
27245
6935.24060150376
235104
12294.8571428571
43688
0
0
0
576
5260.75
0
0
0
624
0
0
0
0
0
16465
7781
1924
17517
0
0
5045
1375
144.5
31843.0714285714
29723.3333333333
79
0
0
0
17900.6
0
0
1681
7538.66666666667
0
4202
2990
147
262
0
1332
36
4
0
106
55012
2
0
88
1705
0
425
684.24427480916
2919
687
32805
4
0
531
7814
739
25
121
7
754.807692307692
10751.2857142857
0
7355
0
0
0
23
0
158
624
105
17571
467
0
25
4654
0
0
0
130.166666666667
2391
0
359.5
27668
0
1
0
0
13
0
4949
127.666666666667
21791.2857142857
40
0
0.666666666666667
9231
31108
0
62850
120877.5
7000.875
0
0
615
0
9594
