859
0
0
1702
634
16674.1666666667
1430.5
0
488
2247
16
7602.63636363636
3607.66842105263
47
1964
0
180
0
1031
455
0
505
4594.5
0
2914.30357142857
3022
1650.33333333333
0
394
2374
72
2013
261
55
666
4147
2881
331
295.5
1991
0
54622
852
1466.3137254902
1062
829
1129
0
3
1773.33333333333
1486.02857142857
1556.66666666667
0
180
7000.66666666667
0
488
0
1370
4234
32286
841
0
1725
0
0
0
3117.5
1536
0
606.666666666667
1948
2682.05263157895
690.833333333333
0
0
2602
2262
819
2504.88461538462
3739.5
614.1
1057
450506
1408
0
0
1503
195
958
0
102
0
1099.66666666667
1264.375
333
1308
2082.5
2352
186
2457.5
1095.875
2764
316
194
2018
0
4440.72727272727
110167
382
9648
451.333333333333
1709
0
0
99
0
0
2074.5
1734.66666666667
1023
2541.27868852459
0
0
3248
610.666666666667
0
6
0
2066.75
5899
1592
0
1029
0
0
228
6490
3663.81818181818
2201
2352
407
275
216
1687.6
0
0
504
2385.33333333333
2490.33333333333
702.166666666667
8301
453
52
163
0
0
1219.4
2106.88888888889
0
0
0
7358
558
843
0
0
240.4
491.375
0
185
221
0
761
0
0
0
103
0
1990
184
562
624.75
605
283.428571428571
1256
0
0
445.2
1383
4870
104
275
0
1100
1148
3430.875
4219.85714285714
2951
1658
1937
1129
0
0
1981
0
6736
0
0
442.25
0
2298.33760683761
1806.5
2073
0
0
573
3179
962.5
416
2298
13575.52
777
503
0
1722
342
655
0
1002
2250
913
1226.5
0
0
158
371
2352
4018
0
2004
0
153
1011
11582
795
716.5
0
1790.94029850746
793
1782.62260869565
440
444
1482
74
0
0
0
0
291
80
189
949
0
1123
1137
4567
1813
249.5
0
3042.33333333333
33
0
704
785
0
1792
3330.5
0
0
1675
3729.75167785235
1
5195
0
0
706.5
812
66
96
0
1919
142
535
1129.35398230089
665.428571428571
1407
2184
196
854.8
0
4736.875
0
689
53
0
3195.5
362.5
334
900
37
1968
0
660
986.357142857143
5279.77272727273
0
0
3812.5
1354.75
1233.5
1136
0
0
988.714285714286
0
86
211
22579
1380
0
2418.5
43
1597
850.75
0
4175
5071
0
308
969
450
520
3861
2440
341
0
724
1197
946
0
652.5
3801
31791
93
223
900
0
384
1786
0
985
0
900
633
1106
0
61
1129
12390
0
0
777
224
1062.5
0
0
0
0
0
2926.5
422
0
679
3200
990.571428571429
0
1332.66666666667
0
1928.8
0
9722.33333333333
2708
975
0
2520.5
91
0
0
0
413.75
387.5
211.333333333333
0
0
0
1147.5
5534
0
296
2563.91666666667
5623.5
0
0
2324
471
1000
1349
9070
8874
850
1004.86486486486
1941
0
559
1823.16666666667
0
8764.25
742
0
0
2506
0
1986
216
0
397.5
86226.5
1230.93548387097
12390
0
0
84
392.5
2057.64
397.5
1
0
632
1487
310
0
328
0
0
0
121
0
0
1625.73954983923
744.285714285714
0
903.327272727273
2238
0
241.333333333333
4712
1799
435
0
1292.14285714286
654.5
53
1464
8
993
0
0
0
197
0
0
193
1430
46
2006
410
1626
0
66
127
815
0
1687.14285714286
0
0
0
255
300
3557
1800
1424
5133.18181818182
0
351.8
1500.16666666667
3334.47058823529
0
1991
0
929
0
160
0
956
674
956
5313.5
0
1853.5
1991
5661
539
0
86
138.333333333333
403
809
730
0
183
199
627
1370
0
0
8289
12336.1627906977
79
175
0
354.5
6352
407
3416
0
0
0
0
1167
1811
0
1952.8
433
165
528.9
0
2038.70588235294
0
0
0
503
376
5441
119
816
724
0
1059.33333333333
16577
3170.90601503759
32286
2452.71428571429
420
0
0
0
443
12695.25
0
0
0
379
0
0
0
0
0
303
3835
1087
6538
0
0
847
900
1447.75
3868.64285714286
11024.3333333333
288
0
0
0
2058
0
0
1816
1569.66666666667
0
928
1578
1564
47
0
944.5
561
23
0
2389
464
631
0
93
1750
0
620
1835.27480916031
752
3004
204
1542
0
1280
1084
989
78
43
120
524.653846153846
2014.4
0
283
0
0
0
1088
0
98
662
435
793
2018
0
78
2068
0
0
0
314
3097
0
1712.5
1451
0
218
0
0
615
0
663
2675.33333333333
2656.42857142857
12
0
5275.66666666667
631
525
0
1860
19038.5
773.875
0
0
669
0
1362
