2
0
0
1
0
0.333333333333333
0.333333333333333
0
0
1
1
0.365079365079365
0.278978388998035
1
1
0
0
0
0
0
4
0
0
0
0.043956043956044
0
1.5
4
0.166666666666667
0
0
0
0
0
0
0
0
0
0
1
0
0
0
1
0
0
0
0
2
0.333333333333333
0.117647058823529
2
1
3
1.5
0
0
0
3
1
2
2
0
2
0
2
0
0
1
0
2
0
0.676470588235294
0
1
0
1
0
1
0.0657276995305164
2
0.214285714285714
0
0
0
3
1
0
2.33333333333333
0
1
0
0
0
2
0.0769230769230769
4
0
0
0
0
0.0833333333333333
0
1
0
0
2
0.133333333333333
2
0
1
0
0
0
0
1
1
0
0
0
1
0.0909090909090909
1
0
1
0.4
0
0
0
1
0
0.5
0
1
0
0
0.333333333333333
0
2.07142857142857
3
0
0
1
0
0.884615384615385
0
1
0
3
0
0.333333333333333
0
1
2
0
0
0
2
0.642857142857143
0
0
0.5
0
0
2
0
0
0
0.0666666666666667
0
0
1
0
0
2
0
0
0.5
0
1
2
0
1.2
0
0
2
0
0
2.21052631578947
1
0
0
0
0
0
0
0.125
0
0
0
0
0
0
0
1
1
0
0
0
0
0
0
1
2
1
0
0
0
0
0
2
0.3125
0
0
0.5
0
1
0
0
0
0
0
0
0
0
0
0
0
0
0
0
0
0
0
2
1
0.0476190476190476
0
0.0333333333333333
0
0.164126611957796
1.61194029850746
1
0
0
0
0
0
2
3
1
0
0
0
3.9
0
0
3
0
0
0.375
0
0
1
0
0
1
0
0
0
2
0.178217821782178
0
1
1
0
0
0
0
1
1
0
0
1
0.289772727272727
0
2
0
0
0
0
0
0
0
4
0
0
1
0
1
0
0
4
0
0.8125
0.5
0
2
0
0.5
1
0
1
0
0.625
0
0.666666666666667
1
0
3
0
2
0
0
0.807017543859649
0
0
2
0.5
0
1
1
0
0
0.214285714285714
1
0
0
0
0
0
0
0
3
0
2
1
0
1
2
0
0
0
1
0
0
0
0
0
0
0
0
0
0
1.14285714285714
0
0
0
0
0
3
0
0
0
0
1
0
2
0
0.5
4
0
0.333333333333333
1
0
2.5
1
0
0
0
0.25
0
0.2
0
0
2
1.5
0
0
1.33333333333333
0
0
0
0
3
0
4
2
1.5
5
0
0.0516431924882629
0
0
0
1
0
0
0
0
0
0.2
0
0
0
0
0
0
0.0888888888888889
0
1
0
0
1
1.03125
0
0
0
0
0
0
0
1
0
0
1
3
1
0
0.17607223476298
0.0909090909090909
3
1.94117647058824
0
0
0
0
0
0
2
0
0
0
0
2
0
0
0
2
2
1
1
0
3
1
1.33333333333333
0
2
2
2
0
0
0
0
0
0
2
1
1
0
0
1
0.00816326530612245
0
0
0.25
0.478260869565217
2
0
0
1
0
1
0
0
0
1
0
0
0
4
0
2
0
0
0.961538461538462
0
0
0
0
0.25
0
1
1
0
1
1
0
0
2
0
1
3
1
0
0
0
2
2
0
0
0
0.4
0
1
0.714285714285714
0
0.53125
0
0
0
0.333333333333333
0
1
0
1
2
0
2
0
0.475609756097561
0
0.1
1.5
0
0
0
0
1
2
0
0
0
1
0
0
1
1
2
0
0
1
0
0
0
0
0.166666666666667
0
1
0
0
0
0
0
1.33333333333333
0
4
0
0
3.5
0
0
2
0
0
2
0
0
2
0
0
0
2
0
0
1
0.333333333333333
1
0
1
0.5
0
0
0
1
0
0
2
0.0666666666666667
0
0
0
0
0
1
0
0
0
0
0
0
0
0
1
2
0
0
0
0
0
0
1
0
0
0
0
0
1
2
1
0
0.0434782608695652
0
0
0.5
0
0
0
0
0
0
1
0
0
0
0
