1
0
0
1
1
0.333333333333333
0
0
1
0
1
0.272727272727273
0.445910290237467
1
0
0
0
0
1
1
0
1
0.5
0
0.360119047619048
1
0.333333333333333
0
0.2
1
0
0
0
0
0
0
0
0
0
0
0
1
0.272727272727273
0.431372549019608
0
0
1
0
0
0.333333333333333
0.5
0.666666666666667
0
1
0.166666666666667
0
0
0
0
1
0
0
0
1
0
0
0
0
1
0
0.5
0
0.473684210526316
0.666666666666667
0
0
1
1
1
0.374193548387097
0
0.5
0
1
0
0
0
1
0
0
0
1
0
0.333333333333333
0.625
1
1
0
0
1
0
0.875
0.75
1
1
1
0
0.0909090909090909
0
1
0
0.666666666666667
1
0
0
0
0
0
0
0
0
0.270491803278689
0
0
0
0
0
0
0
0.25
1
0.4
0
0.444444444444444
0
0
0.333333333333333
1
0.363636363636364
1
0
1
1
1
0.2
0
0
1
0.666666666666667
0.333333333333333
0.333333333333333
0
1
0
0
0
0
0.4
0.666666666666667
0
0
0
1
0
1
0
0
0.4
0.25
0
0
0
0
1
0
0
0
0
0
1
1
0
0.75
1
0.428571428571429
1
0
0
0.8
1
0
0
0
0
1
0
0.375
0.428571428571429
0.333333333333333
1
1
1
0
0
1
0
1
0
0
0.8
0
0.157205240174672
0.5
1
0
0
1
1
0.25
1
1
0.48
1
1
0
1
0
0
0
1
0
1
0.5
0
0
0
0
0
1
0
1
0
0
0.5
0
1
0.875
0
0.348484848484849
0
0.522648083623693
0
1
0
0
0
0
0
0
1
0
1
1
0
0.333333333333333
0
1
0
0
0
0.166666666666667
0
0
0
1
0
1
1
0
0
1
0.385135135135135
0
0
0
0
1
0.5
0
0
0
0
0
0
0.610619469026549
0.214285714285714
1
0
0
0.4
0
0.75
0
0
0
0
0.5
1
0
1
1
1
0
1
0.571428571428571
0.772727272727273
0
0
0.5
0
0
0
0
0
0.714285714285714
0
1
0
1
0
0
0.5
1
0
0.681818181818182
0
0
1
1
0
1
1
0
1
0.714285714285714
0
0
0
0
1
0
0.5
0
1
1
1
1
0
0
1
0
1
0
1
1
0
0
0
1
1
0
0
1
1
0
0
0
0
0
0
0.5
0
0
1
1
0.285714285714286
0
0.333333333333333
0
1
0
1
0.5
1
0
1
1
0
0
0
0.5
0.5
1
0
0
0
1
1
0
0
0.416666666666667
0
0
0
0
0
1
1
1
0
1
0.328767123287671
1
0
1
0.833333333333333
0
0.25
0
0
0
1
0
0
0
0
0
0.5
0.419354838709677
1
0
0
1
1
0.28
0.5
0
0
1
1
1
0
0
0
0
0
1
0
0
0.343042071197411
0.857142857142857
0
0.314814814814815
0.666666666666667
0
0.666666666666667
0
1
1
0
0.571428571428571
0.166666666666667
0
0
0
0
0
0
0
1
0
0
1
0
1
0.5
1
0
0
1
0
0
0
0.142857142857143
0
0
0
1
0.5
0
0
0
0.259868421052632
0
0.6
0
0.588235294117647
0
1
0
0
0
1
0
0
0
0
0.5
0
0.75
0.5
1
1
0
1
1
0
0
0
0
0
1
1
0
0
0
1
0.214285714285714
0
1
0
0.5
1
1
0
0
0
0
0
1
1
0
0.8
0
0
0.3
0
0.352941176470588
0
0
0
1
0
0.5
1
0
1
0
0.666666666666667
1
0.337760910815939
0
0.857142857142857
1
0
0
0
0
0.75
0
0
0
0
0
0
0
0
0
0
1
1
0
0
0
0
1
1
0.5
0.333333333333333
1
0
0
0
0.6
0
0
0
0.333333333333333
0
1
1
1
1
0
0.5
1
0
0
1
1
1
0
1
0
0
1
0.625954198473282
0
1
0
1
0
0
1
1
0
0
1
0.5
0.457142857142857
0
1
0
0
0
1
0
0
0
0
0
1
0
0
1
0
0
0
0.333333333333333
1
0
1
1
0
1
0
0
1
0
0
0
0.357142857142857
0
0
1
1
1
0
1
0.5
0.375
0
0
0
0
1
