1
0
0
1
1
1
1
0
1
0
0
0.909090909090909
0.857894736842105
1
1
0
0
0
1
1
0
1
1
0
0.81547619047619
0
1
0
0.8
1
1
1
1
0
1
1
1
1
1
1
0
1
0.909090909090909
0.735294117647059
1
1
1
0
0
1
0.871428571428571
1
0
1
0.833333333333333
0
0
0
1
1
1
0
0
1
0
0
0
1
1
0
0.833333333333333
1
0.789473684210526
1
0
0
1
1
1
0.865384615384615
0.5
0.8
1
1
1
0
0
1
0.666666666666667
1
0
1
0
1
1
1
1
1
1
1
1
0.75
1
1
1
1
0
0.818181818181818
1
1
1
0.666666666666667
1
0
0
0
0
0
1
0.666666666666667
1
0.877049180327869
0
0
1
0.666666666666667
0
1
0
1
1
1
0
0.777777777777778
0
0
1
1
0.909090909090909
1
1
1
1
1
1
0
0
1
1
1
0.833333333333333
1
1
1
1
0
0
1
1
0
0
0
1
1
1
0
0
1
0.75
0
0
1
0
1
0
0
0
0
0
1
1
1
1
1
0.857142857142857
1
0
0
1
1
1
1
1
0
1
1
1
0.714285714285714
1
1
1
1
0
0
1
0
1
0
0
0.05
0
0.84549356223176
1
1
0
0
1
1
0.75
1
1
0.92
1
1
0
1
1
1
0
1
1
1
1
0
0
1
1
1
1
0
1
0
1
1
1
0.666666666666667
0.875
0
0.82089552238806
1
0.876521739130435
0.75
0.666666666666667
1
0
0
0
0
0
1
1
1
1
0
1
1
1
1
1
0
0.833333333333333
0
0
1
1
0
1
1
0
0
1
0.926174496644295
0
1
0
0
1
0.5
0
1
0
1
1
1
0.68141592920354
0.857142857142857
1
1
1
0.8
0
0.875
0
1
1
0
1
1
1
1
1
1
0
1
0.785714285714286
0.954545454545455
0
0
1
1
1
1
0
0
1
0
1
1
1
1
0
1
1
1
0.840909090909091
0
1
1
1
1
1
1
1
1
0.857142857142857
1
0
1
1
1
0
1
1
1
1
0
1
0
0
1
0
1
0
1
1
1
0
1
1
1
0
0
1
1
1
0
0
0
0
0
1
1
0
1
1
0.857142857142857
0
0.666666666666667
0
1
0
1
1
1
0
1
1
0
0
0
1
1
0.666666666666667
0
0
0
1
1
0
1
0.75
1
0
0
1
1
1
1
1
1
1
0.817567567567568
1
0
1
1
0
1
1
0
0
1
0
1
1
0
1
1
0.774193548387097
1
0
0
1
1
0.8
1
1
0
1
1
1
0
1
0
0
0
1
0
0
0.803858520900322
0.857142857142857
0
0.890909090909091
1
0
1
1
1
1
0
0.928571428571429
0.666666666666667
0
1
0
0
0
0
0
1
0
0
1
1
1
1
0
1
0
1
1
1
0
1
0
0
0
1
1
1
1
1
0.883116883116883
0
0.8
0.666666666666667
0.941176470588235
0
1
0
1
0
1
0
1
0
1
1
0
1
1
1
1
0
1
1
1
1
1
0
1
1
1
1
0
0
1
0.906976744186046
0
1
0
0.5
1
1
0.5
0
0
0
0
1
1
0
1
1
1
0.9
0
0.882352941176471
0
0
0
1
1
1
1
1
1
0
0.666666666666667
1
0.849624060150376
1
0.714285714285714
1
0
0
0
1
1
0
0
0
1
0
0
0
0
0
1
1
1
1
0
0
1
1
0.75
0.785714285714286
1
1
0
0
0
1
0
0
1
1
0
1
1
1
1
0
1
1
1
0
1
1
1
0
1
1
0
1
0.809160305343511
1
1
1
1
0
1
1
1
1
0
1
0.8
0.857142857142857
0
1
0
0
0
1
0
1
1
1
1
1
0
1
1
0
0
0
0.916666666666667
1
0
1
1
0
1
0
0
1
0
1
1
0.642857142857143
1
0
1
1
1
0
1
0.5
0.875
0
0
1
0
1
