2
0
0
1
0
0.375
0.333333333333333
0
0
1
1
0.85
0
1
1
0
0
0
0
0
4
0
0
0
0.142857142857143
0
1.5
4
0
0
0
0
0
0
0
0
0
0
0
1
0
0
0
1
0
0
0
0
2
0.333333333333333
0
2
1
3
1.5
0
0
0
3
1
2
2
0
2
0
2
0
0
1
0
2
0
0
0
1
0
1
0
1
0
2
0.214285714285714
0
0
0
3
1
0
2.33333333333333
0
1
0
0
0
2
0.0833333333333333
4
0
0
0
0
0
0
1
0
0
2
0.133333333333333
2
0
1
0
0
0
0
1
1
0
0
0
1
0
1
0
1
0.4
0
0
0
1
0
0.5
0
1
0
0
0.333333333333333
0
2
3
0
0
1
0
0.884615384615385
0
1
0
3
0
1
0
1
2
0
0
0
2
0.642857142857143
0
0
0.5
0
0
2
0
0
0
0.0666666666666667
0
0
1
0
0
2
0
0
0.5
0
1
2
0
1.2
0
0
2
0
0
2.21052631578947
1
0
0
0
0
0
0
0.125
0
0
0
0
0
0
0
1
1
0
0
0
0
0
0
1
2
1
0
0
0
0
0
2
0
0
0
0.5
0
1
0
0
0
0
0
0
0
0
0
0
0
0
0
0
0
0
0
2
1
0.0476190476190476
0
0.0114942528735632
0
1.125
1.61194029850746
1
0
0
0
0
0
2
3
1
0
0
0
3.9
0
0
3
0
0
0
0
0
1
0
0
1
0
0
0
2
0.333333333333333
0
1
1
0
0
0
0
1
1
0
0
1
0
0
2
0
0
0
0
0
0
0
4
0
0
1
0
1
0
0
4
0
0.8125
0
0
2
0
0.5
1
0
1
0
0.625
0
0.666666666666667
1
0
3
0
2
0
0
0.807017543859649
0
0
2
0.5
0
1
1
0
0
0.214285714285714
1
0
0
0
0
0
0
0
3
0
2
1
0
1
2
0
0
0
1
0
0
0
0
0
0
0
0
0
0
1.14285714285714
0
0
0
0
0
3
0
0
0
0
1
0
2
0
0.5
4
0
0.333333333333333
1
0
2.5
1
0
0
0
0
0
0.2
0
0
2
1.5
0
0
1.33333333333333
0
0
0
0
3
0
4
2
1
5
0
1.33333333333333
0
0
0
1
0
0
0
0
0
0.2
0
0
0
0
0
0
0.333333333333333
0
1
0
0
1
1
0
0
0
0
0
0
0
1
0
0
1
3
1
0
0.5
0
3
0.5
0
0
0
0
0
0
2
0
0
0
0
2
0
0
0
2
2
1
1
0
3
1
1.33333333333333
0
2
2
2
0
0
0
0
0
0
2
1
1
0
0
1
0
0
0
0
0.583333333333333
2
0
0
1
0
1
0
0
0
1
0
0
0
4
0
2
0
0
0.961538461538462
0
0
0
0
0.25
0
1
1
0
1
1
0
0
2
0
1
3
1
0
0
0
2
2
0
0
0
0.666666666666667
0
1
0.25
0
0
0
0
0
0.333333333333333
0
1
0
1
2
0
2
0
0.6
0
0
1.5
0
0
0
0
1
2
0
0
0
1
0
0
1
1
2
0
0
1
0
0
0
0
0.166666666666667
0
1
0
0
0
0
0
1.33333333333333
0
4
0
0
3.5
0
0
2
0
0
2
0
0
2
0
0
0
2
0
0
1
1
1
0
1
0.5
0
0
0
1
0
0
2
0
0
0
0
0
0
1
0
0
0
0
0
0
0
0
1
2
0
0
0
0
0
0
1
0
0
0
0
0
1
2
1
0
0
0
0
0.5
0
0
0
0
0
0
1
0
0
0
0
