1
0
1.5
3
0
0.625
1
0
0
0.5
0
0.95
1.14285714285714
0
0.5
1
0.5
2
0.8
0
0
0
1
1
0.714285714285714
0
0.75
1
0
1
1
2
0
1
0
1.66666666666667
1
3
0.666666666666667
1
0
0.666666666666667
1.5
1
2
0
0
2
1.5
0.333333333333333
1
0.75
2
3
1
1
1
0
1
1
1
1
3
1
0
0.5
0
0
0.5
2
1.83333333333333
3
1
0.833333333333333
0
2
0
1
0.666666666666667
1
1
0.857142857142857
6
0
1
1
0
1
1.33333333333333
1
1
1.5
1
0.454545454545455
0.909090909090909
3
0
1
2.5
1
2.33333333333333
1.75
0.857142857142857
0
1
1
1
1.6
0
0
3
0
0
0
0.5
2
1
0
3
1.66666666666667
0
1
0
0
0
0.8
2
1
0
0.8
1
0.625
0
1
0
0
2.66666666666667
3
2.5
0
3
2
0
0
1.11538461538462
0
3
2
0.833333333333333
1
1
1
0
1
0.5
1
1
0.857142857142857
1.35714285714286
0
0
1.5
2
0
2
1
0
0
0.966666666666667
1.5
1
3.66666666666667
2
1
0
0
1
0
0
0
1.5
1
0
0
1
0
1
0
1.31578947368421
0
1
0
0.5
2
1
1
0.875
0
1
0
0
0
0
3
1
1
2
1
1.5
0
1
1.5
1.33333333333333
1
2
0
1
0
0.166666666666667
0
0
0
0.333333333333333
2
0.5
4
2
2
1
0
0.5
0
1
0
2
0
0.5
2
3
0
2
0.666666666666667
1
0.5
1
0.5
0.333333333333333
2
0.96551724137931
0
0.5
0.865671641791045
1
2
1
1
0
1
3
0
1
1
0
2
2.2
2
1
1
0.5
3
1
2
2
1
1
1
0
3.75
1
0
1
0
2
0
1
1
0.5
0
2
0
0.5
2
0
0
0
2
0.5
2.5
1
0.4
2
0.875
2
0
0
3
0.5
1
1
0
0
0
1
1.16666666666667
0.0625
0
0
1
0.5
1.25
0.5
1
1
1
0.25
0
0.333333333333333
0
1
1.66666666666667
0
0.6
0
1
0.210526315789474
1
1
0
0.5
1
0
0
1
3
0.142857142857143
0.5
1.5
1
1
6
2
0.666666666666667
1.5
0
0
2
0
1
0
1.5
0.5
0
1
0
1
1
0
0
0
1
1.4
0
1
0
0.857142857142857
0
1
6
1
2
0.5
1
2
0
2
1.875
3
2.66666666666667
1
0.642857142857143
1
1
0.666666666666667
0
2
0.5
0
1
0
0
3
2.71428571428571
0.2
2
0
0
0.5
0
0
0.666666666666667
1.92857142857143
3
0
0.5
1
0
0
0
6
2
3
0.833333333333333
0
1
1
1.75
0
0.75
0
1
0
1
1
0
0
2
1.33333333333333
0
1
1
1
1
1
1.8
1
2.5
0
0
1.75
1
0
0
0
0
1
2
0.5
4
1
0.111111111111111
0
0.5
1.5
0.833333333333333
1
0
0.666666666666667
2
0
0
1
0.8125
1
2
4
1
0
0
0
0
0
1
0
0
0
2.33333333333333
0
1
0
1
1
0.75
3.5
2.375
6.5
0
0
0
0.5
3.66666666666667
1
1
1.25
0
0.6875
1
0.5
0
1.5
1
1
1
2
0
5.5
6
6
1.5
0
1.2
0
1
0
5
2
0
0
0.5
2
1
2.25
1.66666666666667
1
5
1.5
1
0
2
0
0
1
1.5
0.666666666666667
0
1.5
0
2
0
2
1
1
0
0
0
0
1
2
1.5
0
0
5
0.333333333333333
2
0.5
0
0
1
0
0.8
1
1.2
3.5
1
1
1
1
1
1.2
1.83333333333333
0
0
0
0
0
1
1
1
0.5
0
0
1
0
1
1
0
0
0
1
1.66666666666667
0
4
3.66666666666667
0
0.888888888888889
2
1
0
0.666666666666667
2
0.5
1
0.666666666666667
0.5
0
5
1
0
2
1
0
0
0
1
1
2
0.666666666666667
0
1
0
1
0
0
1
1
1
0
3
0
0
0.976744186046512
0
1
3
0
1
0
0
1
1
0
0
1
2
0
3
0
0
0
0.25
2
0
0.5
2
2
0
1
0
1.66666666666667
0
0
3.5
1
0
1
0
0
1
0
2
1.5
1
1
1
1
0.5
1
