1
0
1.5
3
0
0.666666666666667
1
0
0
0.5
0
1.06349206349206
0.669941060903733
0
0.5
1
0.5
2
0.8
0
0
0
1
1
0.888278388278388
0
0.75
1
0
1
1
2
0
1
0
1.66666666666667
1
3
0.666666666666667
1
0
0.666666666666667
1.03703703703704
1
2
0
0
2
1.5
0.333333333333333
0.598039215686274
0.75
2
3
1
1
1
0
1
1
1
1
3
1
0
0.5
0
0
0.5
2
1.83333333333333
3
0.264705882352941
0.833333333333333
0
2
0
1
0.666666666666667
0.661971830985916
1
0.857142857142857
6
0
1
1
0
1
1.33333333333333
1
1
1.5
1
0.454545454545455
0.909090909090909
2.76923076923077
0
1.88888888888889
2.7
1
2.5
0.666666666666667
0.857142857142857
0
1
1
1
1.6
0
0
3
0
0
0
0.5
2
1
0
3
1.66666666666667
0
0.967532467532468
0
0
0
0.8
2
1
0
0.8
1
0.625
0
1
0
0
2.66666666666667
3
2
0
2.5
2
0
0
1.11538461538462
0
3
2
0.833333333333333
1
0.555555555555556
1
0
1
0.5
1
1
0.857142857142857
1.35714285714286
0
0
1.5
2
0
2
0.666666666666667
0
0
0.966666666666667
1.5
1
3.66666666666667
2
1
0
0
1
0
0
0
1.5
1
0
0
1
0
1
0
1.31578947368421
0
1
0
0.5
2
1
1
0.875
0
1
0
0
0
0
3
1
1.5
2
1
1.5
0
1
1.05421686746988
1.33333333333333
1
2
0
1
0
0.166666666666667
0
0
0.375
0.333333333333333
2
0.5
4
2
2
1
0
0.5
0
1
0
2
0
0.5
2
3
0
2
0.666666666666667
1
0.5
1
0.5
0.333333333333333
2
0.933333333333333
0
1.1348182883939
0.865671641791045
1
2
1
1
0
1
3
0
1
1
0
2
2.2
2
1
1
0.8
3
1
2
2
1
1
1
0
3.75
1
0
1
0.569306930693069
2
0
1
1
0.5
0
2
0
0.5
2
0
0
0.119318181818182
1.02325581395349
0.5
2.5
1
0.4
2
0.875
2
0
0
3
0.5
1
1
0
0
0
1
1.42857142857143
0.0625
0.192307692307692
0
1
0.5
1.25
0.5
1
1
0.5
0.25
0
0.333333333333333
0
1
1.66666666666667
0
0.6
0
1
0.210526315789474
1
1
0
0.5
1
0
0
1
3
0.142857142857143
0.5
1.5
1
1
6
1
0.666666666666667
1.5
0.75
0
2
0
1
0
1.5
0.5
0
1
0
1
1
0
0
0
1
1.4
0
1
0
0.857142857142857
0
1
6
1
2
0.5
1
2
0
2
1.875
3
2.66666666666667
1
0.642857142857143
1
1.33333333333333
0.666666666666667
0
2
0.5
0
1
0
0
1.75
2.71428571428571
0.2
2
0
0
0.5
0
0
0.666666666666667
1.92857142857143
3.5
0
0.5
1
0
0
0
5.5
2
3
0.957746478873239
0
1
1
1.875
0
0.75
0
1
0
1
0.5
0
0
2
1.33333333333333
0
0.955555555555556
1
1
1
1
1.8
0.96875
2.5
0
0
1.75
1
0
0
0
0
1
2
0.5
4
1
0.925507900677201
0
0.5
1.00980392156863
0.833333333333333
1
0
0.666666666666667
2
0
0
1
0.8125
1
2
4
1
0
0
0
0
0
1
0
0
0
2.33333333333333
0
1
0
1
1
0.75
3.5
2.27272727272727
6.5
0
0
0
0.5
3.66666666666667
1
1
0.96530612244898
0
0.521739130434783
1
0.391304347826087
0
1.5
1
1
1
2
0
5.5
6
6
1
0
1.09090909090909
0
1.66666666666667
0
5
2
0
0
0.5
2
1
2.25
1.66666666666667
1
5
1.5
1
0
1.08417508417508
0
0
1
1.5
0.666666666666667
0
1.5
0
2
0
2
1
1
0
0
0
0
0.785714285714286
2
0.8125
0
0
5
0.333333333333333
2
0.5
0
0
1
0
0.8
1
0.644986449864499
3.5
0.3
1
1
1
1
1
1.83333333333333
0
0
0
0
0
1
1
1
0.5
0
0
1
0
1
1
0
0
0
0.941176470588235
1.66666666666667
0
4
3.66666666666667
0
0.888888888888889
2
1
0
0.666666666666667
2
0.5
1
0.666666666666667
0.666666666666667
0
5
1
0
2
1
0
0
0
1
1
2
0.666666666666667
0.0245098039215686
1
0
1
0
0
1
1
1.5
0
3
0
0.0333333333333333
0.976744186046512
0
1
3
0
1
0
0
1
1
0
0
0.5
1.33333333333333
0
3
0
0
0
0.705882352941177
2
0
0.5
2
2
0
1
0
1.66666666666667
0
0
3
0.91304347826087
0
1
0
0
1
0
2
1.5
0.923076923076923
1
1
1
0.5
1
