1
0
0.5
0
1
0.444444444444444
0.333333333333333
0
3
0.5
0
0.158730158730159
0.0255402750491159
2
1
1
1.5
1
1.2
3
1
0.5
1
2
0
0
1
0
1
0
0
1
1
1
1
0
0
1
2
1
1
0
1
0
1
0
1
0
1
0.666666666666667
0.00980392156862745
2
0
0
0.833333333333333
1
0
0
0
0
1
0
0
0
0
1
0
1
3
1
0
1
0
0
1
0
0
0
2
0.971830985915493
1
1
0
3
1
0
3
0
2
2
0
0
1
1.09090909090909
1
0.461538461538462
1
0
0.3
1
0
0
0
1
0
0
1
1
1
0
0
0
0
1
0.5
1
0
0
1
0.333333333333333
0
0.0194805194805195
2
1
2
0.6
0
0
0
0
2
1
2
1
0
1
0.333333333333333
0
1
0
0
1
2
2
1.65384615384615
1
1
0
1
1
0
1
0
1
0
0
0
0
0.857142857142857
1
0
1
2
0
1
0
1
1
1
0
0
1
1
1
0
1
2
2.5
0
0
1
0
0.4
0
4.8
0
2
0
1.42105263157895
1
0
1
0
2
1
0
2
0
1
1
0
1
1
0
1
0
0
2
0
0
0
0
0.333333333333333
1
1
1
0
0
1
0
0
1
2
0
2
0
2
2
0
0
0
0
0
0
0
2
2
0
0
1
0
2
1
1
0
2
1.38095238095238
0
0.1
1
0.995310668229777
0.402985074626866
1
0
2
0
0
1
0.5
0
0
0
0
0
0.1
2
1
0
0
1
0
0
0
0
2
0
0
1
1
0
0
0.00495049504950495
1
0
1
1
1
3
1
0
1
3
0
0
0
0
0
1
2
1.2
1
0.125
0
0
0
0
1
1
1
1
1
0
0
0.142857142857143
0.9375
0
1
0
0
1
0
1
1
0
0.375
1
0
1
1
0
3
2
0
1
0
1
2
2
0
1
0
1
7
0
1
0.5
3
0
0
1
0
2
1
0
2
1
0
1
1
2
0
0
0
1
1
1
1
2
1
1
0
0
0
1
0
1
1
0
0
2
2
1
0
0
2
1
0
1
1
0.928571428571429
1
0
0
0.666666666666667
0
1
1
0
0
2
0
0
0.2
1
1
0
0
3
1
0.333333333333333
0
0
0
0
0
1
0
2
0
0
1
1.0093896713615
0
0
0
0
0
1
1
1
1
0.2
2
1
0
1
2
0
0
0
0
2
0
0
1
0
0
1
0
3
0
0
2
1
0
0
0
1
0
0.00451467268623025
0
1
0.00980392156862745
0
1
0.666666666666667
1
0
0
1
1
0
0
0
0
1.33333333333333
0
0
3
1
2
3
1
2
0
0.666666666666667
0
1
0
0
0
0
0
0.181818181818182
0
0
2
0
1
0
0
0
1.01224489795918
2
1.04347826086957
0
1.17391304347826
0
1.5
1
0
0
1
0
2
1
1
0
1
0.818181818181818
0
1.33333333333333
1
0
0
0
0
4
0
1
0.25
0
2
1
0
0
2
1.97306397306397
0
0
0
0
1
3
1
0
1
1
0
0
0
2
2
0
2
2.14285714285714
1
0.03125
2
1
2
0
1
1
1
0
0
0
1
1
2.01490514905149
2
1
0
1
0
1
0.333333333333333
1
0
1
1
0
1
3
0
0
3
0
0
1
0
1
1
0
1
0
1.05882352941176
1
0
0
0
2
1
0
2
1
0
0
0
0
0
0
3
0.5
2
2
0
1
1
2
3
1
2
0
3
0.926470588235294
0
0
3
0
0
2
0
0
0
0
1
0
2
2
2
0
0
0
1
3
1
1
0
3
2
0
0
0
1
0
0
0
1
1
0
2
0
1
2
0
0
0
0
0
0
2
0
3.5
1
0
1
0
0
0
2
1
1
2
1
