0
0
1
0
0
0.555555555555556
0.333333333333333
2
0
0.5
0
0.126984126984127
0.0117878192534381
0
1
0
0.5
0
0.2
0
0
0
1
1
0.880952380952381
0
0
0
1
0
0
0
0
0
1
0
0
0
0
0
1
0
1
1
0
0
1
1
0
0
0
0
1
0
0.333333333333333
1
1
0
0
0
0
0
0
0
0
0
0
0
0
0
1
1
0
0
0
0
0
2
0
0.00469483568075117
0
1.07142857142857
0
0
1
0
0
0
0
0
0
0
0
1
0
0.230769230769231
0
0
0
0
0.5
0
0
0
0
0
0
0
1
0
0
0
0
1
0
0
0
0
1
0.333333333333333
0
0
0
1
0
0
0
0
0
0
0
1
0
0.142857142857143
0
0
0.333333333333333
1
1.21428571428571
0
0
0
0
0
0.307692307692308
0
0
0
0
1
1
0
1
0
0
0
0
1
0.142857142857143
0
1
0
1
0
1
0
0
1
0
0
0
0
0
0
0
0
1
0.5
1
0
1
0
0
0
0
0
0
1.5
0
0
0
0
0
0
0
0
1.75
0
0
1
0
1
1
0
1
1
1
0
0
0
0
1
1
0
0
0
0
0
0.166666666666667
1
0
0
0
0
0.5
1
0
0
1
0
0
1
0
2
1
0
0
1
1
1
0
1
0
0
1
0
0
0
0.0444444444444444
0
0.00468933177022274
1.22388059701493
0
1
0
1
0
0
0
0
0
0
1
0
0
0
1
0
0
0
0
1
0
0
0
1
0
0
1
0
0
0.00495049504950495
0
0
0
2
0
0
0
0
0
0
0
0
0
0
0
0
0
0
0
0
0
0
0
0
0
0
1
0
0
0
1
0.285714285714286
0
0
0
0
0
0
1
1
0
0
0.375
1
0.333333333333333
0
0
0
0
0
0
0
0.0175438596491228
0
0
0
0
0
0
0
0
0
0
0.5
0
1
1
0
0
3
1
0
0
0
1
0
0
1
0
0
0
0
0
0
0
0
1
2
0
0
0
0
1
0
0
0
0
1
0
2
0
1
0
0
1
0
0
0
1
0
0.333333333333333
0
0
0
0
1
0
0
0
0.142857142857143
0
0
2
0
0.5
0
0
0.333333333333333
0
2
0
0
0
1
0
0
0
0
0
0
1
1
0
0
0
0
1
0
1
0
0
0
0
0
1
0
0.0222222222222222
0
0
1
0
0
0
0
0
0
0
1
0
0
0
0
0
0
0
0
0
0.841986455981941
1
1
0
0
0
0.333333333333333
1
1
1
0
0
0.1875
0
1
1
1
0
0
1
0
0
0
1
0
0
0.666666666666667
0
0
1
0
0
1
0
0
0
1
0
0
0
0
0
0
0.0153061224489796
0
0.173913043478261
0
0.0434782608695652
0
0
1
1.33333333333333
0
0
1
0
0
0
0
0
0
0
1
0
2
0
0
0
0
0
1
0.25
0
1
0
0
0
0
0.0168350168350168
0
0
0
0
0
0
0
0
1
0
0
0
0
0
0
0
0
0
0
1.3125
0
0
0
0.333333333333333
0
1
1
1
0.25
1
0
0
0.00542005420054201
0
0
1
0
0
0
0.166666666666667
1
0
0
0
0
0
0
0
0
0
1
1
0
0
0
0
2
1
0.333333333333333
0.0588235294117647
0
0
0
0
0
0
0
0
0
0
0
1
1
0
0
0
0
0
1
1
0
0
0
0
0
0
0
0
0
1
0
0
0
0
1
1
0
0
0
0
1.03333333333333
0
1
1
0
0
0
0
0
0
0
0
0
0
0
1
0
0
0
0
0.176470588235294
1
0
0
0
0
0
1
1
0
0
0
0
0
1
0
0
0
0
0
0
0
0
0
0
0
1
0
