4
2
2
2
2
1.22222222222222
1.66666666666667
1
2
1.5
0
0.301587301587302
0.0196463654223969
3
2
1
1.5
2
0.8
0
1
0.5
0
0
0.021978021978022
0
4.25
0
0.166666666666667
2
2
1
0
2
3
1
1
2
0
1
1
2
0.0740740740740741
0.00813008130081301
2
1
0
2
3
1
0.00980392156862745
0
0
6
0.833333333333333
1
1
2
2
2
4
2
3
1
1
0
1
0.5
0
3
1
2
0.0882352941176471
0.166666666666667
0
1
0
1
1
0.0140845070422535
0.2
0
6
1
1
1
0
1
0
0
1
2
0
0.0909090909090909
0
1.76923076923077
0
0.555555555555556
0.2
1
1.75
0.833333333333333
2
0
1
1
1
15.9333333333333
0
1
2
0
3
1
1
0
1
2
1
1
6
0.00649350649350649
0
0
3
0.8
1
2.5
2
1
0
0
1
0.0714285714285714
2
0
0.666666666666667
1
0.142857142857143
1
3.33333333333333
0
0
2
0
1
1
1
4
2
0.111111111111111
2
2
2
2
2
2
1
0.142857142857143
2
2
1
2
4
1
1
0
0
0
1
1
1
0
0
2
0
1
1.5
1
0
1
1
1
1
0
2
1
1
0.105263157894737
2
0
2
2
1
3
5
0
0.714285714285714
5
1
2
0
1
1
0
0.5
2
1
1
6
1
0.00376506024096386
3.33333333333333
1
1
0
2
1
0
2
1
0.03125
0
1
0.5
1
2
1
2
1
2
2
1
1
0
4
0
1
0
2
1
2
2
0
3
0
0
2
0.922222222222222
0
0.0351699882766706
1.98507462686567
2
2
0
4
2
1
1
1
3
2
2
1
1.1
0
2
0
0.4
1
0.375
2
2
0
0
2
3
1
0
2
0
0.0346534653465347
3
1
6
5
0
0
2
1
0
0
1
1
0.00568181818181818
0.0465116279069767
0
1
0
0
2
1
1
1
2
0
0
1
1
1
0
1
0
0.857142857142857
0
0.0384615384615385
0
7
0
1.25
3
0
1
0.5
2.25
0
3
0
2
2
1
0
1
3
0
3
0
2
1
0
5
1
2
2
0
1
0
1
4
0
2
0
1
0.25
0
1
0
2
2
0
1
0
0
0
0.5
2
1
1
0
2
1.4
6
2
1
1
1
1
1
5
2
0
5
1
2
1
0
2
1
2
0
3
1.33333333333333
2.33333333333333
2.33333333333333
1
0.5
0
6
2
1
0.25
2.85714285714286
0
0
1
1
2
0
0
2.33333333333333
0
0.5
1
2.5
3
1
3
2
0
1
1
0.0140845070422535
1
2
1
0.5
1
0
0
2
1
1.8
2
4
2
2
1.33333333333333
2
0.177777777777778
1
1
0
1
3.7
0.125
1
1
0
2
1
2
1
0
3
0.5
2
0
5
1
0.0519187358916479
0.181818181818182
0
0.0196078431372549
0
0
0
3
0
2
0
0
1
2
2
1
0
5
3
0
0
0
0
0
3
1
0.333333333333333
1
1
2
2
1
1
1.5
1
2
2
2
3
0
1
1
1
0.026530612244898
2
1.08695652173913
0.125
1.26086956521739
2
0.5
0
2
0
4
1
0
0
0
0.4
5
1
2
0.666666666666667
0
1
0
0
1
0
1
0
1
0
0
1
1
0
0
0.0437710437710438
2
1
2
0
0
1
0
1
1
0
2
2
2
0
0.6
2
0
0.928571428571429
2
0
0
1
1
1.33333333333333
0
0
4
8
1.25
2
0
2
0.040650406504065
2
0.1
1
1
1
0
1.83333333333333
0
1
1
0
4
0
4
1
1
1
0
3
2
2
0
1
2
1
0
0.117647058823529
1.33333333333333
1
2
2
0
0
1.33333333333333
1
0
0
3
1.5
1
2.33333333333333
0.666666666666667
0
0
1
0
1
2
2
0
1
0
0
1
0
0.00490196078431373
1
2
0.5
0
1
0
1
0
0
0
1
0.0333333333333333
1
0
0
1
1
0
0
1
1
1
0
0
0
0.333333333333333
0
2
1
1
3
0.0588235294117647
2
0
0
0
1
0
0
4
1
3
1
1.33333333333333
0.0869565217391304
0
1
0
1
1
1
2
1
0.0769230769230769
0
1
1
1
2
