1.13736903376019
0
0
1.03055229142186
2.42744479495268
6.3659204028942
0.882913247362251
0
75.530737704918
0.672897196261682
6.375
1.61768970677683
8
2.17021276595745
0.839613034623218
0
3.54528484282809
0
2.92240543161979
5.91208791208791
0
96.5643564356436
1.06130417679307
0
8
0.969887491727333
0.812629702775865
0
8
0.352990732940185
1.18055555555556
0.807749627421759
4.37547892720306
0.163636363636364
0.561561561561562
1.01977333011816
0.899340506768483
0.81570996978852
0.916573428238151
0.783023606228026
0
1.28763135732855
0.833412900771292
8
0.488700564971751
0.937273823884198
0.352524357838795
0
44.6666666666667
1.14319720990445
8
1.08150166091412
0
4.91666666666667
2.53923646541932
0
1
0
1.12408759124088
1.44780349551252
1.481973610853
0.0963139120095125
0
7.18086956521739
0
0
0
0.76468397656687
0.671875
0
4.73377194638761
0.723819301848049
8
2.84476304406484
0
0
1.54688700999231
8.21352785145889
1.06593406593407
37.7747047621587
0.891276523811057
NaN
1.34531693472091
0.918034387999272
1.03693181818182
0
0
0.956087824351297
0.899923017705928
3.63465553235908
0
6.2843137254902
0
35.1209654546105
2.06824881702424
43.7867867867868
0.337155963302752
2.32262827688233
2.76105442176871
6.11118775868556
2.12496732013133
8
0.926861286265792
1.13291139240506
230.60824742268
1.09117938553023
0
1.10329148696231
0.996759465175597
4.65968586387435
1.13484660033168
2.8891598801699
0.292568753657109
0
0
0
0
0
1.17201424245449
0.812336670467099
1.10068426197458
1.45997012766286
0
0
0.922413793103448
1.54364036937826
0
18.6666666666667
0
3.36518935513671
1.31734192235972
10.7906934553182
0
18.9420286766146
0
0
27.1117332526231
3.26425269645609
2.54666712774805
6.11131303952749
2.76105442176871
1.33415233415233
0.730909090909091
3.22685185185185
1.46097969868816
0
0
3.85714285714286
2.06892061618192
0.838735811005474
120.683793481756
1.11757619563908
0.854304635761589
1.5
1.4601226993865
0
0
17.3520521580417
0.963282801390336
0
0
0
1.61850925547843
3.39426523297491
304.939501779359
0
0
0.921716139791009
3.46697432777762
0
1.00540540540541
0.800904977375566
0
10.19185282523
0
0
0
0.446601941747573
0
0.522613065326633
2.86413043478261
0.533807829181495
1.80825532596238
9.30413223140496
8
0.523885350318471
0
0
222.453412493684
0.538684020245842
0.87741273100616
1.06730769230769
1.06909090909091
0
1.21
1.35191637630662
1.35434812161764
7.17230602233025
0.952628359537037
0.262967430639324
0.786267423851316
0.352524357838795
0
0
0.362443210499748
0
1.04913895486936
0
0
0.519551162019779
0
8
0.422349484071897
0.764592378195851
0
0
0.736474694589878
1.01761560239069
92.8170914984268
4.35096153846154
1.10835509138381
3.88129871361992
159.633204633205
1.60834990059642
0
2.50116144018583
1.12573099415205
2.36488549618321
0
0.997005988023952
1.69477284803401
7.56407447973713
1.03491940116557
0
0
1.20886075949367
1.71159029649596
2.76105442176871
1.02165256346441
0
0.793912175648703
0
0.69281045751634
0.328810674654503
1.0358314626144
5.75728955722999
605.560728114482
0
8
3.40226986128625
8
0.412672305773847
4.248758373198
0.243589743589744
5.22972972972973
0
0
0
0
1.69072164948454
1.65
0.878306878306878
0.478398314014752
0
0.794434312769508
1.11873350923483
1.18852638493541
4.81632653061224
1.28334696381108
0
1.34003439595505
11.3939393939394
0
0.536931818181818
2.90828025477707
0
3.96819196428571
1.8727755028799
0
0
1.9265671641791
258.558313257248
3082
1.08565928777671
0
0
6.52623857534955
5.86937769562538
0.136363636363636
1.32291666666667
0
0.574257425742574
0.352112676056338
0.897196261682243
8
1.49612285662308
0.490405117270789
1.9597533012452
1.9030612244898
8
0
1.0207823661115
0
0.351233671988389
1.83018867924528
0
2.34635551329917
0.240725904901422
1.41317365269461
3.16888888888889
79.4594594594595
0.294715447154472
0
6.96212121212121
29.4880731303687
7.0186435072098
0
0
1.04667432470131
0.930343332199713
1.61465230476794
0.79137323943662
0
0
1.3818765553859
0
21.9418604651163
0.483412322274882
1.00885778821028
1.26811594202899
0
1.6255750550819
0.0930232558139535
0.294927989981215
8
0
0.991616766467066
2.37665154801814
8
0.762987012987013
27.0804953560372
1.38888888888889
1.19230769230769
1.77855477855478
8.09896879182691
0.319648093841642
0
1.62430939226519
0.512949039264829
1.11310782241015
0
0.940382817788188
0.663126914521549
1.20339089679469
33.4623655913978
0.390134529147982
3.16888888888889
0
0.5859375
21.6416573348264
0
2.04365482233503
0
3.16888888888889
211.739336492891
1.41500904159132
0
2.77049180327869
0.352524357838795
1.83486682808717
0
0
8.79150579150579
44.59375
1.05157157244452
0
0
0
0
0
1.32757309390731
0.758293838862559
0
4.30780559646539
2.9496875
24.8954460793592
0
0.520794331264515
0
768.766674883355
0
1.52595711189399
0.976922098875598
0.849230769230769
0
3.29450817649961
6.23076923076923
0
0
0
1.85231422023647
2.72538967462503
8
0
0
0
1.30496005967932
3.88995301770871
0
0.966216216216216
4.74965603030844
1.12269678903601
0
0
1.04259896729776
0.971971801878344
0.216
1.04966641957005
1.49459757442117
1.05014649537976
1.28941176470588
177.387186370254
0.740340030911901
0
1.58855098389982
4.79888590565232
0
1.18355940702811
5.16846361185984
0
0
0.943708167330677
0
0.563444108761329
1.88888888888889
0
2.02067790365663
1.13297238186873
32.6416877766158
1.83486682808717
0
0
2.67857142857143
29.147912764872
5.19449020414241
51.8456321387371
204
0
16.8085443037975
1.14794889038332
1.40645161290323
8
0.475609756097561
0
0
0
0.859504132231405
0
0
8
8
0
27.3218393618699
10.8888195031214
0
3.04625463454798
1.21532996710686
4.30461367426348
1.32873563218391
0
8.33402900133695
61.4420026045917
0.811320754716981
0.165983606557377
1.75
0.427995971802618
0
0
0
6.14213197969543
0
0
12.7668393782383
0.882517482517483
0.0217391304347826
0.362208542180942
1.08780487804878
1.16359163591636
0
8.39393939393939
0.196850393700787
5.37546012269939
0
2.77610881949181
0
0
0
1.02745098039216
2.59847104315747
2.08996345234748
1.32444444444444
0.432584269662921
8
0
1.17291442321755
0.861095253687167
4.17863823300076
0
0.440482169763938
0
0.905785487682039
0
0.4375
0
1.01778242677824
3.25222551928783
1.01778242677824
1.32418283953633
0
6.46387019430919
0.779641224314647
1.01907790143084
42.340232389252
0
0.837209302325581
27.2169330104923
0.806451612903226
0.604449938195303
1.46027397260274
0
0.300546448087432
7.01005025125628
12.103668261563
0.581021897810219
0
0
0.938231391000121
8
0.151898734177215
0.845714285714286
0
9.85537309132815
1.1461762400627
4.32186732186732
1.0015811842124
0
0
0
0
0.846615252784919
1.08834897846494
0
8
1.24249422632794
2.17575757575758
88.3598423709822
0
8
0
0
0
4.20759260522546
0.180851063829787
1.0639689331227
1.8655462184874
0.730392156862745
2.01188719648081
0
99.8357723577236
0.988658985341135
8
1.481973610853
6.86309427465274
6.15952380952381
0
0
0
1.6568848758465
2.64395547884407
0
0
0
2.41952506596306
0
0
0
0
0
2.77887788778878
1.34211212516297
3.47102115915363
0.941572346283267
0
0
0.552538370720189
0.542222222222222
7.52589996779491
3.70533275145743
1.36141197458436
1.13541666666667
0
0
0
0.896851862397535
0
0
0.982378854625551
0.708543649626106
0
1.63793103448276
1.4277566539924
1.91048593350384
2.97872340425532
0
0.874435894091561
5.81639928698752
0.347826086956522
0
0.837588949351193
0.523706896551724
0.521394611727417
0
6.89247311827957
1.26685714285714
0
499.890322580645
8
0.478723404255319
0.90878828229028
6.11764705882353
0.64461738002594
0
0.84453125
1.31088560885609
0.704752275025278
0.282051282051282
0.744186046511628
1.63333333333333
8
3.90051473383111
0
3.77031802120141
0
0
0
9.35661764705882
0
0.73469387755102
0.438066465256798
0.358620689655172
1.3203026481715
1.09117938553023
0
0.282051282051282
0.759671179883946
0
0
0
8
1.30577978689054
0
15.0302379688619
1.05099931082012
0
4.90825688073395
0
0
294.443902439024
0
2.19004524886878
2.22631402550986
5.59852191558611
0.916666666666667
0
1.19274028382094
0.565768621236133
3.51428571428571
0
4.29677419354839
0.866931311606775
8657.91206565381
0
0
0.506726457399103
0
3.61086637298091
