1923
0
0
1662
253
1524.16666666667
1296.5
0
938
793
3014
1769.72727272727
1800.73157894737
1762
967
0
2199.5
0
857
2227
0
276
2144.5
0
1847.35416666667
1500
2616.33333333333
0
1543.8
2586
2203
753
1923
2823
2674
2167
996
2295
896.5
1679
0
2069
2121
1970.79411764706
2086
2985
2666
0
1675
1151.66666666667
2107.87142857143
973
0
1388
1758.83333333333
0
2759
0
1609
1857
2442
1141
0
1058
0
0
0
1419
2466
0
1714.16666666667
2102
2011.63157894737
1842.33333333333
0
0
2498
1036
2669
1784.77564102564
1948
1331.2
1877
1198
2153
0
0
1909
2263
1739
0
1780
0
2513.66666666667
1655.25
2577
2773
1883.66666666667
1931
1834.5
1722
1864.875
1643
2308
1018
2953
0
2019.90909090909
1545
582
2973
1815
610
0
0
2922
0
0
1659
1634.33333333333
1114
1618.30327868852
0
0
1086
1459.66666666667
0
844
0
1986.5
2197
1514
0
1937.11111111111
0
0
1930
938
1590.45454545455
685
1931
2234
2590
963
2356.2
0
0
1693
2240
1399.66666666667
1695.66666666667
2763
1215
2137
3250
0
0
1861.8
2512.88888888889
0
0
0
1897
1008
1363
0
0
2538.4
1849.75
0
2312
1603
0
986
0
0
0
1765
0
980
1161
1712
2273
1382
2639.14285714286
969
0
0
1607.8
949
2050
2826
2053
0
1633
1699
1532.375
1638
1914.33333333333
1688
975
2666
0
0
1042
0
1250
0
0
2597.25
0
2190.25641025641
1535.5
980
0
0
2015
1447
1738
2272
1867
1676.36
1022
947
0
974
2685
1147
0
2067
1644
1116
1885
0
0
322
1142
1931
2687
0
1102
0
1218
2717
1846
2062
1655.375
0
1460.65671641791
1067
1682.1947826087
2855
1845.33333333333
917
1581
0
0
0
0
2826
1235
2196
2122
0
1773
2876
2608
3044
2115
0
2167.66666666667
1000
0
2002
1772
0
979
2475.5
0
0
703
1685.03355704698
2933
1011
0
0
1258.5
1648
1194
1368
0
1042
2535
900
2228.85840707965
2259.35714285714
2409
1372.5
2015
2069.2
0
1507.75
0
2866
2347
0
915.5
2841
1119
2315
989
2523
0
1462
2317.28571428571
1912.63636363636
0
0
1171.5
1987.5
2369.5
1081
0
0
1727.71428571429
0
1337
3037
992
1977
0
1332
3030
2811
2205.70454545455
0
1236
976
2984
1143
699
946
3008
1093
2401.28571428571
1773
0
2090
2391
2980
0
1219.5
2052.5
1170
2170
2972
2315
0
1024
1342
0
1145
0
2315
987
982
0
2643
2666
3019
0
0
1318
1021
1637
0
0
0
0
0
1388.5
2543
0
1822
1022
2052.14285714286
0
2873.66666666667
0
1756
0
2368.66666666667
1728
2276
0
1307.5
2503
0
0
0
1777.5
1867.5
1699.33333333333
0
0
0
2342
877
0
2194
1504.75
1297.5
0
0
2617
1891.5
1285
2652
1500
820
2158
1890.10135135135
1007
0
371
930.333333333333
0
1943.25
1089
0
0
1056
0
834
2001
0
1412.5
1006.5
2024.8064516129
3019
0
0
2811
1943.66666666667
2173.8
1920.5
2582
0
1650
855
1062
2463
2909
0
0
0
1881
0
0
1936.13826366559
2457.71428571429
0
1949.58181818182
1557.33333333333
0
2159.66666666667
877.5
2036
1028
0
2179.28571428571
2093.58333333333
2017
2397
2985
2349
0
0
0
1154
0
0
1357
2846
3040
1398
1031
2620
0
1722
2323
971
0
1803
0
0
0
949
1324
1386
1262
1178
2037.57467532468
0
2119.8
2169.33333333333
1822
0
1501
0
2174
0
2116
0
2084
2042
2084
1071.5
0
1361.5
2529
2471
1610.5
0
3003
2165
2784
1687
1670
0
2372
1313
2167
1005
0
0
2357
2249.60465116279
3030
3016
0
1732
1502
1644
1974
0
0
0
0
924
1644
0
2038.4
2025
2095
1980
0
2156.17647058824
0
0
0
1074.5
1831
2146.5
3229
1182
954
0
2287.66666666667
2561
1901.49436090226
2442
1814.42857142857
2378
0
0
0
948
750.5
0
0
0
1109
0
0
0
0
0
2404
955
1175
819
0
0
1761
1594
1616
2277.85714285714
1696
1489
0
0
0
1100.6
0
0
906
1568.66666666667
0
1200
1364
1195
1767
0
2810.5
1033
2823
0
1733
1524
1906
0
3001
1850
0
1213
2157.70229007634
788
1021
2159
1083
0
2258
1720
1740
2167
2984
2971
2077.92307692308
1641.71428571429
0
1757
0
0
0
1441
0
2461
1686
1293
1828
2953
0
2167
1159
0
0
0
2244.41666666667
3039
0
1784
3042
0
2874
0
0
1039
0
293
1956.33333333333
1781.14285714286
3068
0
2314.66666666667
819
2491
0
1141
1933
1824.5
0
0
1243
0
1756
