0.54269638250287
0.160584209446081
-0.0187704261854775
-1.34352932588597
-1.18162048581434
-0.5114211717095
-0.540468208421431
-0.18538891000373
-1.93572889737031
-0.0323723358111968
-0.396692864538559
-0.927403062836603
-1.18995274897675
-1.86720008304141
-0.316866592234635
-0.861190593057838
0.524900713430719
-0.157960226491579
-0.331665684138547
-1.28504937723407
-1.33192845577119
-0.357391635763932
0.444493990899221
-1.07642045018965
-0.628228191521084
-0.46464769569999
-0.677349880504199
-0.264403250104245
-0.38502725950848
-1.07279659606209
-1.30510013818064
-1.02154655667575
-0.247739295221605
-0.198216442180577
1.20832410674689
-0.565444325224582
-0.297875920872863
-0.156401288655299
-0.255323766120984
-0.558244220470442
-0.0902690796576295
-1.14707559869784
0.711545389261101
-0.174700306144437
-1.56962237161157
-0.0133435882338884
0.000264415180025422
-0.858495836151789
-0.366686074924973
-0.267077677352066
-0.626661770416341
-0.999804316282286
-0.0833823346071671
-0.489457303403369
-0.186589412607246
-0.207958970394904
-0.108423999034993
-0.933663570285097
-0.0780099578547949
0.55023257357705
-0.0336291833950176
-0.142377483153638
-1.12102022756626
-0.331746978677143
-0.0352277812757558
-1.19452518488731
-0.0285703137108749
0.577684780011964
-1.55034143221483
-0.105374242141155
-0.268178889354093
-0.372719013920461
-0.411977765043665
-0.87083874587563
0.331372069279181
-0.528698503685756
-0.360487464793219
-0.357273947736021
-0.664930594804259
-0.524703044929454
-0.351457765282639
-0.343967101545617
-0.406765211881649
-1.6918248336437
-0.922134497877031
-0.296940798058196
-1.35666148807202
0.199950946641804
-1.44470216313605
-1.03905290399247
-0.579037211826488
-0.0867815897869033
-1.26500441800317
-0.460909980331102
-0.632384168279362
-0.815853280886267
-0.624767955025885
-0.912421817615679
-1.28780483052144
-0.742533117304103
-0.22710964759428
-0.574412530347766
-0.727156602455118
-1.82969617842949
-0.319560476988845
-1.2163716872364
-0.207457453910435
-0.197964466870266
0.139312076285178
-0.076736119821431
0.332238082764132
-0.542175456446666
-0.154527094338988
-0.94062849950899
-0.897054990067981
0.438189572687761
-0.127011353135371
-0.49677481284
-0.239946704273517
-0.187153743389433
-0.8404834629154
-0.780161644825034
-0.928516468320584
-0.0987739811647588
-0.548563477049669
-0.857561173806773
-0.258612851869899
-1.23204092689945
-0.600432944615205
0.564892182905283
-0.127307895678732
-0.415420848857384
-1.16970678274986
-0.629378017998663
-0.163925577651261
-1.26346997318414
-0.640629184826063
0.452646682397744
0.709744009693086
-0.51165053141274
-0.423907601356916
-0.0689334310319784
-0.644137727158702
-0.288921711143615
-0.409955761938658
-0.951464745914931
-1.28735892829448
-0.989116965900303
-0.139772936829713
-0.618346895575255
-0.626820786110094
-0.281914420845298
-1.29945697203223
-2.00727666318872
-0.277639208008613
-0.464078233792699
-1.51408142788204
-0.135509127496466
-0.500103214123383
-0.820600989490256
-0.0716579144947786
-1.24933714486134
-0.199921422697184
0.0642248508772665
-1.62760935360664
-0.447516186236148
-1.39685722653972
-0.197248345971641
-0.600375649339976
-0.899676833991283
-1.25069090162992
-0.301617961642105
-0.937461939969385
-0.236981712231574
-0.640954886596406
0.765850518110071
-0.61070414411415
-1.38556637443011
-0.986903490823085
0.94441800381601
-0.223791888721498
-0.70956188254325
-0.598498918542311
-0.052280514300657
-1.46586695135688
0.367339064745515
-0.764560414002464
0.707508070198023
-0.495446223391007
-1.00424601780146
-0.323594656050168
-0.057440199089076
-0.0829504324613607
-0.475162759521371
-1.27724184213963
-0.141653998919665
-0.444073266018679
-0.201197500757865
-0.392540608784841
-0.000953286900643224
-0.662028659669673
-0.222620553775392
-0.29072167786493
-0.599579328263771
-0.968218192156389
0.0403670389189585
-0.3069689275553
-0.78789312116413
0.526146749354405
-0.0222341165794614
-0.304159394581872
-0.401060708286226
-0.30755157009645
-0.700955651234293
-2.57437990316522
-0.831973711152337
-1.24167484773375
-0.0991965424408194
-0.120661032420474
-1.82588042096348
0.158027892243342
-0.192176441158078
-0.961102461781381
-0.061280010449874
-1.19047755667857
-0.00757882066327853
-0.969050115158567
-1.33451694465762
-0.268923671971283
-0.60079280951358
-0.48042695898899
-0.195337465901923
-0.746085898622552
-0.322132177293238
-1.57509098288008
-1.31079397765982
-0.356818199072545
1.31613930651297
0.247423952792156
-0.472934569871093
-0.230864142026992
-0.269802948326398
-0.504114640591347
-0.327665899008605
0.349275033541337
-0.188235288251822
-0.85560407665053
-1.47892109212457
-0.281903663797215
-1.2361830013075
-0.711008933275256
-0.0482982229242627
-0.401337907328336
-0.102563452413484
-0.549197082289232
-0.259942426982798
-0.671401371846061
-1.80713362979797
0.876898646140701
-0.116358181703484
-0.352907953160129
-0.373127887739115
1.54712115317989
-0.68274682272488
-0.635851186809423
-1.0803007321688
-0.0388615447006714
-0.309674821074678
-0.194848474145893
-0.0844516607273937
-1.07909758754636
0.163773677017445
-0.503661188464601
-0.979069008157488
-0.806004995619573
-0.204178953220458
-0.56747546582069
0.101825055252099
-0.861180346266996
-0.384163967798219
-0.129710267216294
-0.195010819983409
-1.50297600416856
0.606011939666543
-0.521918240769312
-0.241828922120585
-2.04746852628335
-1.96117135405275
-0.025344789578003
-0.391196596749176
-1.66906585007326
-1.95392280429251
0.872249123456029
-0.529634806081878
-0.0246643276456701
1.1963205540742
1.85031575135068
-0.409891601151537
-1.06629868456822
-0.236993895325484
-1.25275257692973
-0.489664781864893
-1.52858458132367
-0.0744316565729564
-0.285544216808098
-0.524914479822258
-0.621740633666105
-0.478770812618336
-1.19578505440985
-0.26097242235623
0.122800221316867
-0.069356881096866
-0.394412980896057
-0.63196397289134
-0.888474090672733
-0.364889108354108
-0.186680063351682
-0.188871955750017
-0.319598966131584
-1.4088710446944
0.250475721855273
1.464925184315
-1.5438913538598
-0.837012637314272
-0.420748232364639
-0.154269401910195
-0.589339324042749
-0.0512243460263689
-1.62558900618734
-0.233597860031461
-1.54806236866799
-1.27306951673949
-0.831928765079656
0.0634653856780098
-0.482222992340179
-0.119286400482707
-0.925035567539494
-0.334578795521465
-0.698555973389696
-1.50945295057942
-0.725182630686995
-0.0244536135470231
-2.73516866902207
-0.645173649754621
-0.26376732387134
-0.167097731942962
-1.32603773510437
-0.466969313553246
0.104690033564104
-0.32690863241737
-0.636826494012012
0.149137621206978
0.57271239920691
0.0069425202390624
-1.1430458904639
-1.03658485374667
-0.145910857258857
-1.12122764377969
-0.809996334442642
-0.480385865449509
-0.922363152105126
-0.53102363948116
1.45501119141039
-1.96961871028901
-1.15367631498457
-1.1272470917135
-0.79153560602174
-1.25716099329503
-0.37175747399154
0.849335580705345
-0.196349032971341
-1.51147134468956
-0.169091177461835
-0.698933925846297
-0.409791820321186
-1.08218292817103
-0.934561569935666
-0.506477626518325
0.217072034042088
0.13970946193533
-1.44574478959486
0.182747619468996
-0.0637122526204648
-0.111452377491445
-0.277977797912413
-0.0836663197740221
0.579713212612049
-1.03254953867095
-1.41960859243427
-0.46113773273397
-1.84662847511077
-0.787458690736727
-0.0466097321838762
-1.22494602964471
-0.69381156475415
-0.305354628013684
-0.0288254300136904
0.351972403678641
-0.232508558056084
-1.42176280274157
-0.805836699177331
-0.79582492942314
-0.401474134332187
-1.04368445523481
0.707134824655802
-0.335065625736918
0.334496731819168
-0.852943658605031
-0.484607881278426
-0.21863402703497
-0.948501896435782
-0.151113731469435
-0.294715515648023
-0.523836181541624
-0.93146262054565
-0.356011662326969
-0.23492777913947
-1.55653297238466
-0.638921618048971
-0.709183259400324
-0.134678338099052
-0.735747606251105
-0.30351987575454
-0.132289417960271
-0.917069835803254
-0.890641747147599
0.722958596838485
-0.694146900578509
-0.872795013716687
-0.0553545671944575
0.17961409317101
-0.870253629752867
-1.29315362236636
-1.53136286280301
-0.458925822890298
-0.971897110963534
-0.659192549173203
-0.847732815330819
-0.983847083757033
1.94656758166422
-0.118451561331823
-0.420321542489603
-0.33836034510994
-0.182127767609248
-0.351123221593722
-0.777885350242425
-0.419163080063497
-0.0901271684703947
0.0580543460402365
1.09221573501607
-0.242259658409484
-0.264727727218623
-2.07367839892378
-0.31892471729136
-0.319694790956068
-0.881577984479222
-0.344859633932749
-0.362433158932221
-1.27173764238266
-0.590369933744288
-0.846615918085306
-0.622757544414668
-0.942102982398228
-0.93078870130477
-0.858330043849919
-0.243975920840025
-1.07474835477647
-0.376594003934303
-1.40409678286841
-0.452498704683141
-0.253254621747346
-0.733286953334054
-1.10175359717854
1.19102603867063
-0.0539186454467646
-0.128121122098876
-0.339018369298315
-0.489139638651782
-1.47010405005555
-0.185908360294896
-0.635904674995142
-0.797336254974395
-0.235448694833874
-1.57202928803415
-0.517347319025433
-0.763225975128343
-0.378286474336643
0.98176857785591
0.717702878141397
-0.988155623363103
-0.688808283955246
-0.339569898737704
-0.342813719393465
-0.521595002425273
0.945509891054199
-0.212978536373909
-0.205674428397
-0.517599847930532
-0.0574815771423585
1.13146609352853
-0.455212696891161
-0.659213942925292
-0.139104192086207
-1.67459414768043
-0.415548542706807
-0.522461518586176
-0.391105733134821
-0.133121705707834
-0.915325354245141
-0.788932424006226
-0.0671123027359657
1.2252997670748
-0.637022986374659
0.786570501188751
0.0895939663040317
-1.04745991334927
-0.84340764769432
-0.338518201569577
0.360784197199619
-0.220167807200298
-0.0361579657950913
-0.641256591216416
-0.245235778562301
0.0645934108689152
0.95249307530318
-1.06415566191226
0.218566964382919
-0.512599057085565
-0.237989948221636
-1.08515543958704
-0.864084718746678
-1.00952066997387
-0.00274817334605224
0.556260011465568
-0.85921119484365
-0.266910747141634
-0.468661105303127
-0.961679269809553
-1.53322591701684
-0.15114531363236
-0.61332375996245
-0.353521877662706
-0.507853993649686
-1.22919830772914
-0.430825842873203
-0.631808398829994
-0.0969539984708626
-0.371526075108829
-0.112917813815171
-0.193492288187421
-0.388470344723643
-1.26990110763108
-0.909123839494609
-0.915216482034866
-1.48882174630675
-0.731203838447077
-0.729832089378244
-0.236783198426653
-2.26288273973003
-0.434139777636779
-0.090784427016653
-0.0748852717002417
-0.541849179519883
0.389524031982892
-0.227037614587025
0.320962753760276
-0.943028275091054
-0.15616038551566
-0.297952898451493
-1.39597042710837
-0.273902564211262
-0.773802645305014
-0.802391908466261
-0.524884751913492
-0.21681637490965
-1.16548115902599
-0.505013237748328
-0.0298026711040228
-0.183197834300238
-0.0380484618037836
0.08027057602463
-0.533316940702752
-1.35483202550735
-0.508266158670622
-1.36948909756467
-0.52179516493644
-1.10773696225799
-0.939531875271661
-0.109706692211916
-1.4593586735923
-0.952092322361111
-0.710491166802994
-0.0524261633519177
-0.0512995992897411
0.643479384601552
-0.806532173287317
-0.300367639950851
-0.360060057075311
-0.926134474120987
0.162480848456296
0.645601416730035
-0.286236817765139
-0.301999288270194
-0.839762754992116
-0.515921780778445
-0.772797197473293
-0.0265541007849616
0.0268375115918023
-0.960124618415446
-0.272394215317722
1.32446004363752
-1.23819940462222
-0.692293498039979
-1.03891128616523
-0.722701995157761
-0.85303828472589
0.7096321250433
1.74695169286848
-1.53040208181523
-0.0385571878469629
-0.618815541703554
-1.51705166619971
-0.913361396268358
-0.943632943647737
-0.207621787481594
-1.08436763620077
-0.546179217947093
0.260029555929698
-0.912799422973964
-1.86015901041353
-0.407143093066337
-0.12006627775247
-0.759608582365525
-0.182398401384647
-0.83739394197592
0.113291169445032
-0.14176989522861
-0.917400949846128
-0.52307272403014
-0.944726114422778
-0.517604245526474
-0.378493429007182
-0.392889566755816
-1.91857576967365
-1.13095341851261
-0.863433978671537
-0.564740644776626
-0.882070973926964
0.594733914076011
-0.471636087554307
-1.10388489079235
-1.18274571314284
-0.0745354579481419
-0.047362986417507
0.903150067316502
-1.18513766605622
-0.881099340978367
-0.659193668830285
1.14283996564318
-1.14366572306546
-0.428178085873692
-0.792438002520798
-0.764885815925289
-0.183715824938338
-0.149526181285766
-0.176033538380563
-0.880418157418342
-0.710227997191231
-0.456029864464789
0.99859075009791
-0.529855923124297
-0.942282597475227
0.0235358281994918
-0.126856832521939
-0.960793781753778
-0.409982413371973
0.521588308740969
-0.138523835996993
-0.267285773921193
-0.0456314770356698
-0.391719918008511
-1.30852448924787
-0.415248416005748
-0.1912829697639
-0.164740516070396
-1.12139657038423
