1749
0
0
54866
69981
51551
5431.5
0
86376
63623
41507
60391.7954545455
79337.8789473684
7159
46754
0
377258.5
0
76250
6793
0
54721
332379.5
0
55511.7380952381
14232
18918
0
72981.6
19789
23207
29486
153991
839
5358
57413
35101
10655
30037
19581
0
242798
20490.2727272727
38707.6764705882
1426
9933
167423
0
9949
19805.3333333333
99585.6857142857
22335.3333333333
0
27163
98468.3333333333
0
1386
0
62740
24601
228971
2915
0
25568
0
0
0
32116.5
10879
0
23445.6666666667
40733
124475.421052632
11604.6666666667
0
0
550829
348038
75968
60378.2307692308
34263.5
85444.6
15062
98094
29742
0
0
22613
4802
12969
0
26536
0
39171.3333333333
32710.875
19774
2858
80390
101997
28031
77631
73686.125
50980
2293
146580
32888
0
130135.363636364
11984
30982
26182
40706.6666666667
17900
0
0
471
0
0
67166
14366.6666666667
21976
50730.262295082
0
0
4152
187169
0
47296
0
54232.75
54333
45832
0
140826.888888889
0
0
8309.66666666667
269198
16143.6363636364
45390
101997
48429
331
107802
18669.4
0
0
45632
110669.333333333
67771
74029.6666666667
154289
16171
141
49
0
0
23604.2
100620.444444444
0
0
0
60336.5
47506
70232
0
0
17998.8
55537.875
0
140
11642
0
14831
0
0
0
8729
0
13426
664
12731
16134.25
35304
7061.85714285714
7476
0
0
21612.4
9866
81737
5590
4794
0
93772
53955
158697.625
87493.5714285714
63310
8063
133441
167423
0
0
132088
0
183842
0
0
42725.45
0
26827.6538461538
24139
18050
0
0
1694
22883
110098.25
1955
43510
98081.56
99569
17314
0
36707
19399
73929
0
28435
79924
106260
82288
0
0
12596
57355
101997
30362
0
29809
0
22740
3274
100973
40349.3333333333
459958.875
0
53004.2537313433
133265
73062.6956521739
4887.75
25237.3333333333
7788
40999
0
0
0
0
1682
13535
7996
24889
0
23452.6666666667
32269
9635
708
17671
0
64330
102210
0
3287
10822
0
7525
51039.5
0
0
9340
56341.1610738255
71510
86347
0
0
10296.5
19137.5
279
9124
0
105993
6800
854
156671.318584071
18610.7857142857
1277
129032.5
56520
42534.8
0
172194.625
0
4935
16589
0
144856.5
1700
69201
22963
11844
5695
0
203380
210574
149195.772727273
0
0
507701.5
33444.5
12913
18598
0
0
9878.28571428571
0
36648
446
83046
54005
0
21579.5
233
16350
221440.181818182
0
54071
314387
5445
7834
22429
3580
9754
192094
82692.4285714286
5188
0
44304
8908
20193
0
11123.5
13561
85055
83514
6352
22963
0
2774
32089
0
14739
0
22963
40587
130982
0
10257
167423
64127
0
0
244493
114423
16391
0
0
0
0
0
10013
3155
0
230217
48266
29426.2857142857
0
17906
0
334561.9
0
125624.333333333
30087.5
45366
0
16766
2885
0
0
0
58455.25
32906
161589
0
0
0
5124.5
8339
0
6469
137579.416666667
242655
0
0
77687
26274.5
1761
7016
146164
38696
26379
39215.9324324324
30778
0
82527
34132.5
0
105536.25
43379
0
0
16681
0
16266
56635
0
70231
164878.5
45235.2258064516
64127
0
0
131623
80635.1666666667
39768.44
12278.5
64354
0
14310
28047
2520
16976
2274
0
0
0
2952
0
0
76373.0096463022
216997.428571429
0
38131.9272727273
10289.3333333333
0
2679
133855
270552
17757
0
12918.2142857143
27841.4166666667
11931
18477
486
4400
0
0
0
40038
0
0
130875
32234
28
8982.5
30584
14054
0
9683
5742
63990
0
122841.857142857
0
0
0
11154
3080
259475
92656
5865
93483.6883116883
0
40978.6
36770.3333333333
75432
0
66234
0
75784.5
0
1101
0
14842
738
14842
76665.5
0
43352.75
37290.5
58072
47393
0
4169
63793.3333333333
6172
12786
22163
0
2163
881
5681
7487
0
0
137122
53642.8604651163
1498
9186
0
19117
101136.5
23610
86084
0
0
0
0
45897
24894
0
199274
21033
14371
85332.6
0
235494.058823529
0
0
0
81630.5
6828
76059
8356
16442
21102.25
0
3635.66666666667
105529
62037.2142857143
228971
53830.5714285714
53209
0
0
0
58351
40447.75
0
0
0
31495
0
0
0
0
0
17868
134453
58214
37400
0
0
7579
7830
23770.5
88196.1428571429
40581.6666666667
24053
0
0
0
90929.2
0
0
26172
31688.6666666667
0
26243
121734
230339
6338
0
18304
162459
2619
0
48264
35319
30405
0
24861
76740
0
43421
213811.503816794
15206
6088
182518
3654
0
22879
294597
1106
516
225
1760
116621.615384615
52737.6
0
25467
0
0
0
13417
0
2577
3797
194
74055
32888
0
516
17301
0
0
0
105360.916666667
4269
0
12014
23642
0
67415
0
0
5748
0
40377
87522.6666666667
172516.285714286
109
0
37720.6666666667
18754
23298
0
125780
175854
61940.5
0
0
14133
0
18405
