0.434782608695652
0
0.598214285714286
0.311475409836066
0.321428571428571
0.332942321742054
0.456220526323619
0.666666666666667
0
0.293838862559242
0
0.347040733329644
0.316677503262822
0.195652173913043
0.360970592202887
0.344827586206897
0
0.347079037800687
0.363583253974068
0.0279329608938547
0.181818181818182
0.351063829787234
0.781831557141155
0
0.569025553321804
0
0.263099219620959
0.408450704225352
0
0.15
0
0.388888888888889
0
0
0.153846153846154
0.387315654642387
0.75
0
0.216666666666667
0.679738562091503
0
0.599781938491616
0.368754480303793
0.62373337427675
0
0.147058823529412
0
0.6
0.384887005649718
0.434135802469136
0.340409754839894
0.34383423180593
0.619047619047619
0
0.443712735821723
0.470588235294118
0.333333333333333
0
0.176991150442478
0.625
0.300813008130081
0.112676056338028
0.1
0.139901477832512
1
0.485995347935646
0.0857142857142857
0.318206229860365
0.440740740740741
0.25
0.496076132015014
0
0.0864214451968952
0.593748860581044
0.2
0.9375
0
0.610294117647059
0.610103156367974
0.428245442964537
0.356125595738716
0.371879581075109
0
0
0.647058823529412
0.584415584415584
0.106382978723404
0.65
0.73202614379085
0.181818181818182
0.8
0.5
0.47887323943662
0.307583803981584
0.34629632756754
0.358284023668639
0.0645933014354067
0.161619010903939
0.363338691763913
0.36951004908771
0.124129079574624
0.131902938916885
0.484308675792573
0.471698113207547
0.357142857142857
0.332590706556334
0.201497192763568
0.538058007357225
0.0869565217391304
0.0588235294117647
0.469565217391304
0.0333333333333333
0
0
0.0555555555555556
0
0.428571428571429
0.346153846153846
0.521739455076273
0.501177997404412
0.3
0.261616699565144
0.0784313725490196
0
0
0.371717171717172
0.2
0
0
0.509065335753176
0.475
0.402604387366543
0.375
0.607143251233863
0.272727272727273
0.4
0.18211289092296
0.356060606060606
0.242367688616733
0
0.165795746241291
0.529411764705882
0
0
0.461712439653616
0
0.428571428571429
0.11063829787234
0.657156279847291
0.727836901492023
0.26296067766656
0.424878836833603
0.0588235294117647
0.444444444444444
0.138888888888889
0.666666666666667
0.424778761061947
0.556380592857979
0.34654877153161
0
0
0.375
0.353068189733231
0
0.375
0.614898793808562
0
0.0667517006802721
0.463156899586936
0.439393939393939
0
0.525994931871054
0.473118279569893
0.135135135135135
0.0193548387096774
0
0.957446808510638
0.103448275862069
1
0.423407917383821
0.234407484407484
0
0.195706819937207
0
0.296244314489929
0.269230769230769
0
0.303030303030303
0.727724860368492
0
0.644859813084112
0.837837837837838
0.5
0
0.447585394581861
0.1
0.647917256193253
0.0355808378186654
0.590806832913902
0
0
0
0.166666666666667
0
0.811881188118812
0.379148135477249
0.568421052631579
0
0.441666666666667
0
0.785714285714286
0.478228623291445
0.369475645944443
0.571428571428571
0
0
0.111111111111111
0
0.0606060606060606
0
0.266187050359712
0.277047630132707
0.0869565217391304
0.0909090909090909
0
0.37037037037037
0.761904761904762
0.333333333333333
0
0.476190476190476
0.559761703724552
0.0487804878048781
0.615622554970997
0
0.545454545454545
0
0.0617977528089888
0.248258159149248
0.325
0.426666666666667
0.289308176100629
0.380952380952381
0.517241379310345
0.16875
0.347417840375587
0.223330451502002
0.0229275221019323
0.36046511627907
0.540227314893501
0.0526315789473684
0.503145356283337
0.454480583805829
0.215163246870564
0.676470588235294
0.56
0.333333333333333
0.625
0.538461538461538
0
0.0353982300884956
0.430555555555556
0
0.1875
0.444444444444444
0.520872594310297
0.641791044776119
0.583333333333333
0.277777777777778
0.481111111111111
0
0.467045474967147
0
0.269230769230769
0.333333333333333
0.25
0
0.444444444444444
0.42115629984051
0.5
0
0
0.246544228227397
0.730639730639731
0.485714285714286
0.125
0
0.488861386138614
0.0266666666666667
0.537931034482759
0
0.125
0.0476190476190476
0
0.0666666666666667
0.0768382795549112
0.574140430651056
0.472222222222222
0.538597420950362
0.333333333333333
0.29968253968254
0.431693989071038
0.521384311278591
0
0.428571428571429
0
0.166666666666667
0.434289903644742
0.164935064935065
0
0.406494960806271
0
0
0
0.38655462184874
0.0052371540858383
0.0877489311861363
0.0476190476190476
0.4
0.390114908550682
0.468733831872739
0.569148936170213
0.0967741935483871
0
0.0806451612903226
0.142017926356589
2.58538224876548E-05
0.331523378582202
0.104166666666667
0.441860465116279
0.487179487179487
0
0.491661833429564
0
0.591885441527446
0.107855774797074
0.375
0
0.0939445387662705
0.25
0.611111111111111
0.0909090909090909
0.357142857142857
0.333333333333333
0.0133333333333333
0.115068070676226
0.0833333333333333
0.544917522564581
0.285714285714286
0
0.027027027027027
0
0.517246159365928
0.230769230769231
0.290330059229539
0
0.80952380952381
0.406494960806271
0.617647058823529
0.0416666666666667
0.285714285714286
0.277777777777778
0.6
0.315789473684211
0.406494960806271
0.418539518900344
0.326086956521739
0
0.0769230769230769
0
0.0141851831329307
0.298809523809524
0
0.25
0
0.487267282303847
0
0.44
0
0.529411764705882
0
0.333333333333333
1
0.3
0.378787878787879
0.532915360501567
0.560369629257794
0.424886877828054
0.370346491529698
0.155339805825243
0.144743315173131
0.426966292134831
0.237413778002599
0.267114981810164
0
0.444444444444444
0.327102803738318
0.00925925925925926
0.230769230769231
0
0.25
0.639115418894831
0.344988344988345
0.0568868386434559
0.2
0
0.0714285714285714
0.0652173913043478
0.0714414983398153
2.58538224876548E-05
0.61111972905194
0.63110879905823
0.390252249337332
0.142857142857143
0.444444444444444
0.590909090909091
0.155555555555556
0.0161725067385445
0
0.407062146892655
0.774193548387097
0.421428571428571
0.650289720978375
0
0
0.28735632183908
0.47613910897263
0
0.517451654201199
0.439024390243902
0
0.3
0.461997824122404
0
0.5
0.541666666666667
0.666666666666667
0.540445665445665
0.0587333532100974
0.660818680891635
0.0141851831329307
0
0
0.661764705882353
0.458945898091678
0.634257357685152
0.241666666666667
0
0.478260869565217
0.44630890858025
0.00324675324675325
0
0
0
2.58538224876548E-05
0.166666666666667
0.777777777777778
0.150449582530507
0.24390243902439
0.666666666666667
0.595118596948528
0.0403234455319126
0.114102564102564
0.572141368723525
0.478190423186675
0.638888888888889
0.190156599552573
0.210215050324803
0.652173913043478
0.666666666666667
0
0.63368998316432
0.102850160090407
0
0
0.818181818181818
0.372685185185185
0.583333333333333
0.363636363636364
0.3
0
2.58538224876548E-05
0.265060240963855
0
0.11587982832618
0
0.25982238651166
0.0434782608695652
0.481203007518797
0.177215189873418
0.147619047619048
0.0769230769230769
0.175
0.603603603603604
0.245686949647346
0.560606060606061
0.0833333333333333
0
0.0833333333333333
0.577702702702703
0.142578668894458
0.0769230769230769
0.21875
0.448275966795251
0.015625
0.083142160322815
0.293493225008159
0.239535751032945
0.272727272727273
0.0917721518987342
0
0.560970097701732
0.416666666666667
0.214285714285714
0
0.288139646102343
0.242424242424242
0.137254901960784
0.381818181818182
0
0.338768912039364
0.138499298737728
0.478929717118693
0
0.157303370786517
0.0555555555555556
0.000855921376747022
0.659090909090909
0.25
1
0
0.242537313432836
0.223275862068966
0.077720207253886
0.166319444444444
0.104838709677419
0.142857142857143
0.646
0.555854264521863
0.3
0.0173959587849592
0
0.368699394729316
0.445795358419822
0
0.396374769000444
2.58538224876548E-05
0.545454545454545
0
0.3
0.384615384615385
0.348566308243728
0.222222222222222
0.13
0.2
0.1
0.393321609647961
0.133333333333333
0.457770893756993
0
0
0
0.118181818181818
0.15
0.601322029348604
0.448979591836735
0.0625
0.321087216248507
0.585106382978723
0.284730529008931
0.343434343434343
0.310944736549399
0.507549361207898
0.133786067272437
0.100012926911244
0
0.0526315789473684
0
0.470358255842127
0.437094004808028
0.6
0
0
0
0.00535868600523169
0
0.333333333333333
0
0.708090554833921
0.222222222222222
0.164383561643836
0.492063492063492
0.423448275862069
0.714285714285714
0.111111111111111
0.333333333333333
0.369565217391304
0.0577519379844961
0.470848160277113
0.361004682843763
0
0.153153153153153
0.35688758934373
0
0.445671619193953
0.166666666666667
0.666666666666667
0.291666666666667
0.346008605720038
0.666666666666667
0.247749510763209
0.187134502923977
0.335987453919665
8.61794082921827E-06
2.58538224876548E-05
0.0155807365439093
0.0344827586206897
0
0.142857142857143
0.723618090452261
0.25
0
0
0.672131147540984
0.363636363636364
0
0.200664251207729
0.0206243757299238
0.3
0.111111111111111
0.523206751054852
1.29269112438274E-05
2.58538224876548E-05
0.5
0.453222453222453
0.308979147214441
0
0.285714285714286
0
0.0348163145025343
0.533009361396003
2.58538224876548E-05
0.428571428571429
0.135135135135135
2.58538224876548E-05
0.0925925925925926
0
0
0.0714285714285714
0
0.3
0.785714285714286
0.166308280189411
0.166666666666667
0
0.318840579710145
0.3125
2.58538224876548E-05
2.58538224876548E-05
0.445339257891015
0.3
1
0.483333333333333
0.133333333333333
0.6
0
0
2.58538224876548E-05
0.322870043424411
0.666666666666667
0.195121951219512
0.373838772766166
0.54146699520021
0
0.137931034482759
0
0.222222222222222
0.473684210526316
2.58538224876548E-05
0.372340425531915
0.345014556040757
0.342911699633541
0
0
0.6
0.223658493248045
0.307692307692308
