-18000
0
0
-21600
-18000
-9000
-25200
0
-25200
-28800
0
-20880
-17005.6451612903
-18000
-18000
0
-18000
0
-36000
-21600
0
-18000
-25200
0
-14341.3953488372
0
-25200
0
-24000
-18000
-18000
-28800
0
0
-28800
-28800
-21600
0
-18000
0
0
0
514.285714285714
-14233.8461538462
0
0
-14400
0
-21600
-10800
-981.818181818182
12000
0
-18000
-21600
0
0
0
-28800
0
0
0
0
0
0
0
0
-9000
-18000
0
-22800
3600
-17485.7142857143
-25200
0
0
25200
-18000
0
-15733.3333333333
-18000
-18400
-25200
-28800
-14400
0
0
-18000
0
-18000
0
0
0
-2400
-14400
7200
3600
720
0
7200
0
-12600
-22800
0
-25200
3600
0
-21000
-28800
-14400
7200
-7200
7200
0
0
0
0
0
-21600
-18000
3600
-20857.5
0
0
-14400
-19800
0
-21600
0
-23400
-14400
1800
0
-15750
0
0
-15600
-18000
-12600
-18000
0
0
0
-28800
-19800
0
0
-21600
0
-21600
10800
-28800
-14400
0
0
0
0
-1200
-18000
0
0
0
-23400
-21600
7200
0
0
0
-22628.5714285714
0
0
39600
0
-18000
0
0
0
-18000
0
-28800
-14400
0
-12000
-21600
-11520
-18000
0
0
-8640
-18000
-25200
-25200
-14400
0
-18000
0
-21600
-24685.7142857143
-18000
-32400
-28800
-14400
0
0
0
0
39600
0
0
8400
0
-17079.0697674419
-16200
-18000
0
0
0
-21600
-18000
0
-28800
-16200
-32400
-25200
0
-18000
0
-21600
0
-18000
-25200
-18000
0
0
0
-28800
-18000
0
0
0
-18000
0
-32400
0
-14400
-10800
17400
0
-16696.5517241379
-18000
-15130.8584686775
7200
-14400
0
0
0
0
0
0
-18000
0
0
-25200
0
38400
-21600
-25200
0
-18000
0
-26100
-25200
0
0
-18000
0
-14400
-18000
0
0
-14400
-20124.3243243243
0
-36000
0
0
-16200
-21600
0
-18000
0
0
0
-14400
3518.18181818182
-21600
0
-27000
0
-720
0
-21600
0
0
-14400
0
-23400
0
-28800
-18000
-18000
-18000
0
3600
5400
-13114.2857142857
0
0
-23400
-21600
10800
-18000
0
0
-16800
0
-21600
0
-18000
0
0
-9000
0
0
-4628.57142857143
0
-18000
-18000
0
-14400
-14400
39600
0
-18000
-20400
0
0
-14400
-14400
-18000
0
-9000
0
-28800
-28800
19800
-18000
0
-21600
-14400
0
-28800
0
-18000
-28800
-28800
0
0
-14400
-18000
0
0
10800
-18000
36000
0
0
0
0
0
-27000
0
0
-18000
-18000
-16560
0
-9000
0
28800
0
-16800
0
7200
0
-7200
3600
0
0
0
-14400
-14400
28800
0
0
0
-14400
-21600
0
-25200
-21600
-21600
0
0
0
-18000
-21600
-28800
-28800
-18000
10800
-8734.73684210526
-28800
0
0
-23040
0
-20400
10800
0
0
-18000
0
0
-18000
0
-28800
-19800
-12505.2631578947
-18000
0
0
25200
2400
-2215.38461538462
-18000
0
0
-18000
-21600
-21600
0
0
0
0
0
-21600
0
0
-14649.504950495
-3600
0
-2057.14285714286
1800
0
3600
-21600
-21600
-18000
0
900
-12000
0
-28800
7200
-25200
0
0
0
-18000
0
0
0
3600
0
-10800
-18000
0
0
-21600
0
-28800
0
-6685.71428571429
0
0
0
3600
-28800
0
3600
-21600
-8469.64285714286
0
11400
-23400
-17280
0
-18000
0
-25200
0
0
0
-18000
-28800
-18000
-18000
0
-13500
-5400
-21600
-9000
0
0
7200
0
0
-10800
0
0
-18000
-21600
0
0
0
7200
-12547.0588235294
0
7200
0
-25200
-14400
3600
-21600
0
0
0
0
3600
-18000
0
-13050
-10800
3600
-16714.2857142857
0
-16000
0
0
0
2700
-28800
-25200
0
-32400
11700
0
-18000
0
-18724.5283018868
0
-23400
0
0
0
0
3600
-11700
0
0
0
-14400
0
0
0
0
0
-14400
-18000
0
0
0
0
-25200
-28800
-23400
-11160
9000
-21600
0
0
0
-20160
0
0
-25200
-28800
0
-18000
-18000
-18000
-18000
0
0
3600
3600
0
-28800
-14400
-28800
0
0
0
0
3600
-7118.18181818182
-14400
-14400
-14400
-25200
0
37800
-18000
7200
0
0
0
-8460
-19542.8571428571
0
18000
0
0
0
18000
0
39600
-18000
-18000
-10800
3600
0
0
0
0
0
0
-1285.71428571429
0
0
0
0
0
3600
0
0
0
0
0
1200
-5815.38461538462
0
0
-5400
-28800
-21600
0
-25200
-25200
4800
0
0
-10800
0
-14400
