1
0
1
0
0
0.777777777777778
1
0
1
1.5
0
0.682539682539683
1.06679764243615
1
1
0
0.5
0
0.4
1
0
0
1
1
0.992673992673993
1
0
0
0.833333333333333
0
0
0
1
0
0
0
0
0
0
1
0
0
0
1.99186991869919
0
0
1
2
0
0.333333333333333
0.970588235294118
1
0
0
0.166666666666667
0
0
0
0
0
0
0
0
1
0
0
0
1
0
0
0.166666666666667
0
1
0
1
0
0.5
0
1
1
0
0.928571428571429
0
0
1
0
1
1
1
1
0
0
0
0
0
0
0
0
0
1
0
0.75
0
0
0
0
0
0.333333333333333
0
1
0
1
1
0
0
0
2
0
1
0.666666666666667
1
1
0
0
1
0
0
0
0
0
0
1
0
1
0
0
0
0
1
0
0
0
0
0
0.961538461538462
0
0
1
0
0
0.777777777777778
0
0
0
0
1
0
0
0.714285714285714
1
0
0
0
0
0
1
1
0.142857142857143
0
0
0
0
1
0
1
0
1
1
0
0
0
0
1
1
0.133333333333333
1
0
0
0.947368421052632
0
0
0
0
0
0
0
0
1
1
1
1
1
0
0
1
0
0
0
0
2
0
0.0391566265060241
0
1
0
0
2
0
1.16666666666667
0
1
1
0
0
0
0
0
0
0
0
0
0
1
0
0
0
0
0
0
0
0
0
0
1
0
1
0.857142857142857
1
0.933333333333333
0
0.191090269636577
0.477611940298507
1
0
0
0
0
0
0
1
0
0
0
0
0
0
0
1
0
0
1
0
0
1
1
0
1
0
0
1
0
0.98019801980198
0
0
0
0
1
0.5
0
0
0
0
1
0
1.15909090909091
1
1
0
1
1
0
0
0
0
0
0
1
1
0
0
1
1
1
0
0.9375
1
0
0
0
1
1
0
0
1
0.75
0
1
0
0
0
1
1.8
1
0
1.14035087719298
0
1
1
2
0
0
0
0
0
1.28571428571429
0.5
0
0
0
0
0
1
0
1
1
1
0
0
0
2
0
1
2
0
0
0
0
0
1
0
0
0
1
1
0
1
0
0
0
1
1
0
1
0
0
1
1
0
0
1.07142857142857
0
1
0.333333333333333
0
0
1
1
0
0
0
1
0
1.2
0
0
0
0.5
1
3
0.333333333333333
1
0
0
0.5
1
0.5
1
1
0
0
0
0.985915492957747
1
1
1
0.625
0
0
0
1
1
1.2
0
0
0
0
0
1
1.93333333333333
0
0
0
0
1
1
0
1
0
1
1
1
1
1
0
1
1
1
0
0
0.997742663656885
1
0
0.00980392156862745
1
0
1.33333333333333
0
0
0
0
1
1.0625
1
0
2
0
0
0
0
1
1
0
1
0
1
1
1
1
0
0
0
0
0
0
0
0
0
0
0
0
0
0
0.00510204081632653
0
0.91304347826087
1
1.30434782608696
0
0
0
0
0
0
0
0
0
0
1
0
0
0
0
1
0
0
1
1
0
0
0
0
0
0
0
0
1
0
0.0404040404040404
0
2
0
0
0
0
1
0
0
0
0
0
0
1
0.6
0
1
1
0
0.96875
0
0
0
1
1
0
0
1
0.5
0
0
0
1.01355013550136
0
1
0
0
0
0
0.333333333333333
1.16666666666667
0
0
0
0
1
0
0
0
0
0
0
0
0
0
1
0
1
1.33333333333333
1.76470588235294
1
1
0
0
0
0
0
0
1
0
0
1
0
0
0
1
0.5
1
0
0
0
0
2
0
1
0
0
0
1.02941176470588
0
1
0
1
2
0
1
0
2
0
1
1
1
1
0
1
0
0
0
0
0
0
1
0
0
0
1
1
1
0
0
1
0
0
0
0
0
1
0
0
1
1
2
0
1.60869565217391
0
0
1.25
0
1
0
0
0
0
0
0
1
1
0
