10
0
7
38
9
42.2222222222222
55
4
0
62
0
79.5396825396825
85.4165029469548
9
106.5
10
0
101
14.8
20
2
16.5
372.5
0
86.3626373626374
0
28.75
29
0
0.75
0
35
0
0
2
46.6666666666667
15
0
2
104
0
36
6.11111111111111
121.658536585366
0
10
0
3
50.5
52.3333333333333
108.450980392157
25.25
13
0
257.5
8
1
0
20
5
148
8
1
142
1
55.5
3
19.5
8.5
5
519.666666666667
0
19.3529411764706
542.5
57
15
0
28
132.666666666667
88.3896713615024
88.4
20.5714285714286
0
0
22
45
5
26
6.33333333333333
6
8
4
68
2.27272727272727
318.909090909091
4.15384615384615
13.5
303.555555555556
206.8
29.3333333333333
338.5
7
48.7142857142857
25
5
2090
323
439
2
1
162
0.666666666666667
0
0
0.5
0
3
9
300
54
3
50.4480519480519
4
0
0
16.6
6
0
0
21.4
24.5
342.5
3
325.214285714286
3
6
11.6666666666667
47
35.3571428571429
0
339
9
0
0
4.92307692307692
0
3
26
187
38
4.22222222222222
526
1
4
2.5
4
48
19.2857142857143
240.428571428571
0
0
1.5
91
0
10.5
68.6666666666667
0
1.71428571428571
43.5
4
0
26
19.5
10
3
0
45
3
1
246
15
0
20.2
0
3.93333333333333
7
0
3.5
13.7368421052632
0
69
31
0.5
0
380
1
290.25
2
43.6666666666667
0
0
0
5
0
246
28.5
54
0
7.5
0
3
6.65888554216868
6.33333333333333
4
0
0
1
0
2
0
37
104.4375
2
1
0
40
16
24
0
20
203
2
725.5
0
6
0
5.5
677
39
32
46
5
105
13.5
74
97.75
2.52380952380952
31
118.1
1
120.332942555686
4.67164179104478
91.3333333333333
23
14
2
5
7
0
4
31
0
3
8
43.7
43
7
5
6.8
0
232.625
0
7
2
13
0
4
135.75
5
0
0
96.8118811881188
3689
17
2
0
16
8
78
0
0.5
3
0
1
34.3352272727273
5.3953488372093
6.5
206
1
11.2
237
147.75
0
3
0
3
186
1.4
0
363
0
0
0
3.85714285714286
2.3125
25.1538461538462
1
10
951.5
121
16.5
15
0
2.5
186.25
2
52.3333333333333
10
19
12.6666666666667
0
42
0
248
122.508771929825
3
0
166
0.5
11
1
10
3
1
27.1428571428571
1
149.5
4
0
1
0
59
3
157.75
0
16
363
63
5
2
2.5
15
6
363
75
15
0
1
0
512
4.2
0
8
0
41.7142857142857
0
11
0
9
0
8
2
12
25
170
499.625
22
23.6666666666667
16
208.714285714286
38
553.333333333333
34
0
4
35
1
3
0
2
36.5
3.42857142857143
47.2
1
0
8
1.5
2.5
2
3.33333333333333
258.928571428571
535
1
4
91
7
6
0
24
24
7.5
146.924882629108
0
0
50
146.75
0
75.5
18
0
3
82.6
0
5
13
4
8.33333333333333
21.5
96.1111111111111
512
0
0
90
111.1
203.875
9
0
33
39.75
1
0
0
0
2
4.5
7
4.5
10
2
115.878103837472
8
3.5
116.735294117647
71.5
2.66666666666667
28.3333333333333
134
120
2
0
42.1176470588235
23.3125
0
0
9
3.83333333333333
7
4
3
0
2
22
0
54
0
36.3333333333333
2
64
14
31
2
1.75
40
247.727272727273
15
2
0
1
10.5
3
1
7
11.5122448979592
1
4.43478260869565
62.75
124.782608695652
3
14.5
0
81.6666666666667
10
3
0
12.5
16
7
2.2
0
17.2727272727273
3.5
34.6666666666667
0
14
6
5.5
29
0.5
1
0
17
26.6666666666667
15
479
26
1
323
11.2424242424242
15
130
0
199
97.3333333333333
0
235
2
18
0
3
5
542
2
2.6
1
10
138
2
199.5
0
0
0
6
3
147
22
2
9.25
55
26.2
34
95.5420054200542
299
9.8
2
0
1
0
8
40
3
0
0
0
8
0
1
0
307
2
12
31
307
10
1
4
34
1.83333333333333
175.352941176471
13.6666666666667
0
17
100.666666666667
0
31
0.666666666666667
1620
7
22.6666666666667
1620
17
32
11.3333333333333
0.666666666666667
2
5.5
1
0
1
144
3
0
0
123
8
0
31.6666666666667
9.43627450980392
6
2
85.5
1
2
34
436
56.5
0
2
0
19.3
136.953488372093
2
3
5
2
5
0
0
1
0
3
11
1046
1.66666666666667
0
22
10
2
2
97.3529411764706
3
1
27
2
3
0
0
2
45.6666666666667
8
32
454.666666666667
246.478260869565
0
4
0
38
9
2
35
34
111.153846153846
0
0
6
47
4
