1
0
1
0
0
0.625
1
0
1
1.5
0
0.05
0.714285714285714
1
1
0
0.5
0
0.4
1
0
0
1
1
0.571428571428571
1
0
0
0
0
0
0
1
0
0
0
0
0
0
1
0
0
0
2
0
0
1
2
0
0.333333333333333
1
1
0
0
0.166666666666667
0
0
0
0
0
0
0
0
1
0
0
0
1
0
0
0.166666666666667
0
1
0
1
0
0.5
0
1
1
0
0.928571428571429
0
0
1
0
1
1
1
1
0
0
0
0
0
0
0
0
0
1
0
0
0
0
0
0
0
0.333333333333333
0
1
0
1
1
0
0
0
2
0
1
0.666666666666667
1
1
0
0
1
0
0
0
0
0
0
1
0
1
0
0
0
0
1
0
0
0
0
0
0.961538461538462
0
0
1
0
0
1
0
0
0
0
1
0
0
0.714285714285714
1
0
0
0
0
0
1
1
1
0
0
0
0
1
0
1
0
1
1
0
0
0
0
1
1
0.133333333333333
1
0
0
0.947368421052632
0
0
0
0
0
0
0
0
1
1
1
1
1
0
0
1
0
0
0
0
2
0
0
0
1
0
0
2
0
1.16666666666667
0
1
1
0
0
0
0
0
0
0
0
0
0
1
0
0
0
0
0
0
0
0
0
0
1
0
1
0.857142857142857
1
0.931034482758621
0
0.375
0.477611940298507
1
0
0
0
0
0
0
1
0
0
0
0
0
0
0
1
0
0
1
0
0
1
1
0
1
0
0
1
0
0.666666666666667
0
0
0
0
1
0.5
0
0
0
0
1
0
1
1
1
0
1
1
0
0
0
0
0
0
1
1
0
0
1
1
1
0
0.9375
1
0
0
0
1
1
0
0
1
0.75
0
1
0
0
0
1
1.8
1
0
1.14035087719298
0
1
1
2
0
0
0
0
0
1.28571428571429
0.5
0
0
0
0
0
1
0
1
1
1
0
0
0
2
0
1
2
0
0
0
0
0
1
0
0
0
1
1
0
1
0
0
0
1
1
0
1
0
0
1
1
0
0
1.07142857142857
0
1
0.333333333333333
0
0
1
1
0
0
0
1
0
1.2
0
0
0
0.5
1
3
0.333333333333333
1
0
0
0.5
1
1
1
1
0
0
0
0.333333333333333
1
1
1
0.25
0
0
0
1
1
1.2
0
0
0
0
0
1
1.33333333333333
0
0
0
0
1
1
0
1
0
1
1
1
1
1
0
1
1
1
0
0
0.888888888888889
1
0
0.25
1
0
1.33333333333333
0
0
0
0
1
1.0625
1
0
2
0
0
0
0
1
1
0
1
0
1
1
1
1
0
0
0
0
0
0
0
0
0
0
0
0
0
0
0
0
0.875
1
1.33333333333333
0
0
0
0
0
0
0
0
0
0
1
0
0
0
0
1
0
0
1
1
0
0
0
0
0
0
0
0
1
0
0
0
2
0
0
0
0
1
0
0
0
0
0
0
1
0.666666666666667
0
1
1
0
1
0
0
0
1
1
0
0
1
0.333333333333333
0
0
0
1
0
1
0
0
0
0
0.4
1.16666666666667
0
0
0
0
1
0
0
0
0
0
0
0
0
0
1
0
1
1.33333333333333
1
1
1
0
0
0
0
0
0
1
0
0
1
0
0
0
1
0.5
1
0
0
0
0
2
0
1
0
0
0
1
0
1
0
1
2
0
1
0
2
0
1
1
1
1
0
1
0
0
0
0
0
0
1
0
0
0
1
1
1
0
0
1
0
0
0
0
0
1
0
0
1
1
2
0
0
0
0
1
0
1
0
0
0
0
0
0
1
1
0
