13
15
4.5
84
19
94.4444444444444
37
2
40
51.5
9888
122.412698412698
684.862475442043
37
154
19
422
190
30
696
9
14.5
142.5
2
414.569597069597
50
51
42
169.166666666667
2.75
128
55
2986
10
11
127.666666666667
5
34
6.66666666666667
49
0
22.3333333333333
5.03703703703704
88.7235772357724
19
58
185
2
56
66.3333333333333
257.93137254902
28
8
22
228.833333333333
9
2
3
93
3
344
63
9
873
0
50
32
43
10
15
525.333333333333
21
668.529411764706
198.833333333333
228
1
2232
13
73.6666666666667
142.784037558685
204.2
5555.14285714286
62
463
12
32
42
14
3.33333333333333
27
2
1
74
7037.90909090909
285.636363636364
9.15384615384615
798.5
925.666666666667
622.7
54
1065.5
178.083333333333
47.8571428571429
28
9
4194
1280
267.533333333333
21
16
183
14.3333333333333
23
19
4
8
4
17
235.5
58
7
75.551948051948
47
0
18
34
24
219
3
19
28.5
145.125
5
189.785714285714
8
9
44.3333333333333
85
63.6428571428571
182
1030.5
8
19
886
5.07692307692308
1
4
209
77.8333333333333
15
91.1111111111111
712
16
5
9.5
2
65
17.1428571428571
186.428571428571
5
1
11
80
178
3.5
54
290
321.285714285714
2624.6
4.5
22
26.3333333333333
13
64
152
4
2
46
0
335
28.5
10
75.4
43
7.13333333333333
19
114
8
16.6315789473684
9
38
6
0
1
469
9
97.25
252.428571428571
45
153
533
185
25
58
57
48
41
1
8.5
910.3
1.5
995.480421686747
25796.3333333333
3
3
3
8
28
760.833333333333
12
102
487.28125
17.6666666666667
10
1
68
5
48
2
22
57
39
508.5
1
5
43
39.5
2050
81
43
113
3.66666666666667
98
36.5
139
3231.5
4167.66666666667
55
98.9888888888889
18
238.668229777257
2313.80597014925
3488.33333333333
11
11
4
3
6
7
109
41
10
13
10
33.2
24
5
13
5
7
358.125
61
19
4
39
0
5
100.5
5
0
23
645.014851485148
1360
18
14
2
40.5
293
67
8
1.5
60
33
14
822.448863636364
4.06976744186047
8.5
135.5
2
103.4
312
105
1
4
17
15
223.5
6.6
10
530
23
7
3
8
1372.1875
1161.46153846154
20
15
388.5
131.75
10
140
7
13
84.125
77356
65.3333333333333
86
24
31.3333333333333
67
15508.2
186
171
1130.42105263158
5
20
1601
805.5
7
10
18
6
74
651.642857142857
5
167.5
10
8
36
0.5
109.333333333333
9
264.25
80
4
530
39
115
7.5
2.5
10
13
530
120.5
31
10
12
185
35582
4
6
24
6
32.7142857142857
18
14
4
8
1
7.5
0
28
41
149
251
51.5
123.666666666667
87
521.285714285714
51
23819.3333333333
79
23
5
32.5
107
10
0
6
20.5
4.85714285714286
240.8
4
3
104
19
38687
77356
25785.6666666667
104.5
323
6
3
63
562.5
365
18
42.5
7
6
434.403755868545
285
2
124
194.875
1
53
23
1
7
107.4
2.5
5
11
2
8.66666666666667
438
76.8666666666667
35582
0
52
46
53.3
209.09375
45.5
124
36
70.5
307
22
26
14
77356
20.5
2
91
31
1
907.343115124154
1963.18181818182
26
56.8823529411765
32.5
2.33333333333333
48
183.333333333333
64
1
17
40.9411764705882
4980.375
36
47
2
2.83333333333333
5
7
7
1974
77356
61
25
412
14
25884
44
69
65
179
24
5
30.5
752.636363636364
11
22
5
11
12
34.3333333333333
12
25
3404.78979591837
63
4116.26086956522
107.625
735.478260869565
8
64.5
0
50.6666666666667
14
11
5
33.5
50
44
3
1
41.2727272727273
39
38.3333333333333
20.5
75
102
1110.38461538462
15
6
0
3
23.5
29.3333333333333
178
2401
98
6
177
266.936026936027
35
7343
11
338
118.333333333333
8
731.5
77356
15
37
7
8
281
7
5471
4
90
240.928571428571
13
2234.9375
2
0
18
32
17
92.5
27
30
17
39
96.6
65
977.769647696477
262
948.1
38682
28
18
12
8.5
61.3333333333333
2
1
0
5
1586
9
2
0
95
7
61
32
418
4
8
8
58
51.8333333333333
85.8823529411765
15.3333333333333
34
94
71.3333333333333
1
18.1111111111111
11.3333333333333
810
17
49
810
37
139
25793.6666666667
26780.6666666667
77356
193
28
25
6
55
9
325
1
60
14
5
45.6666666666667
1235.87254901961
14
16
36
38684
77356
34
526
89.5
39
5
35
1342.33333333333
128.906976744186
77356
4
32
77356
49
10
9
13
24
7
3
40775
5
39
47
22
77356
77356
594.411764705882
7
0
25.5
13
2
566
0
77356
447
4
132
1368.66666666667
3511.95652173913
21
25
1742.75
133
10
77356
59
663
56.0769230769231
1
5
4
223.5
9
