18
21
11.5
17
18
17.6666666666667
18.3333333333333
25
20
18.5
23
18.5873015873016
18.1669941060904
20
20
23
14
22
15.2
18
17
25.5
14
22
14.6776556776557
12
22.25
22
22.5
19
16
18
14
23
9
23.3333333333333
23
19
23.3333333333333
19
8
16.3333333333333
16.1481481481481
15.0243902439024
24
25
9
16
19
17.3333333333333
15.4117647058824
22.5
9
20
18
16
20
15
11
15
22
21
12
14
8
16
27
16.5
15
12
19.6666666666667
19
17.1176470588235
22.8333333333333
17
20
14.5
23
11.3333333333333
12.6854460093897
21.6
14.5
14
23
20
19
20
20
14
22
15
15
8
10.1818181818182
25.8181818181818
15.6153846153846
18
21.5555555555556
12.5
23
22
16
22
17
13
16
26
16.9333333333333
25
8
21
19
9
26
16
23
12
13
14.5
18.6666666666667
12
16.0974025974026
26
8
23
18.2
17
21.5
13
19.6
17
14
24
13.2142857142857
19
25
18
19
18.4285714285714
20
12.3333333333333
21
21
18
19.5769230769231
25
22
15
18.6666666666667
24
15
20
22
17
25.5
12
11
24.7142857142857
18.0714285714286
15
20
14
20
25
23
18.3333333333333
10
13
16.6
14
25
16.3333333333333
22
20
20
15
18
22
20
24
18
28
13
22
23.1333333333333
19
17
26
14.8947368421053
16
9
9
12
16
19
23
23.5
18.5714285714286
10
23
9
11
18
22
23
22
19
16
15
17
22
14.0097891566265
20
17
11
15
16
16
18.3333333333333
17
18
21.4375
19.6666666666667
10
20
12
22
24
11
17
22
16
19
25
22
26
11
9
21
26
19
23.6666666666667
26
13
22
13.5
13.3333333333333
14
20.7555555555556
18
18.6905041031653
18.2089552238806
20.3333333333333
18
12
18
6
8
16
14
13
24
19
12
20.6
16
17
15
11.6
22
19.125
24
9
18
14
25
10
16.5
21
10
21
19.3019801980198
24
22
20
23
12
9.5
17
25
19
21
20
25
12.7613636363636
13.0232558139535
11
21.5
12
10.6
18
21.25
12
10
13
15
18
18
14
16
20
8
14
18
16.5
12.1538461538462
12
14
18
15
16.5
26
19
10.5
20.375
28
20
14
22
13
21
15.6
20
23
12.8771929824561
13
11
18
14
26
11
13
19
12
13.1428571428571
17.5
24.5
11
20
15
9
22.3333333333333
25
18.75
20
22
17
10
17
15
8
15
19
8
7.5
10
9
28
11
23
23
13
18
9
21.8571428571429
17
14
19
14
17
20
17
10
13
16
17.75
23
14.3333333333333
12
14
21
20.6666666666667
19.6666666666667
25.6666666666667
22
17
13
15
14
15
15.5
13.5714285714286
10
11
27
27
16
18.5
12
15.6666666666667
19.8571428571429
21.5
8
11
15
11.5
19
17
19.5
16
17
17.037558685446
22
18
23
19.125
10
25.5
21
15
14
16.2
21.5
23
20
16
18.3333333333333
16.5
17.0222222222222
10
12
17
21
18.2
17.875
18
20
18
19.5
22
20
9
10
10
14
24
11.5
20
21
15.3792325056433
19.4545454545455
22
19.8725490196078
23.6666666666667
10
17.3333333333333
26.3333333333333
23
22
21
21
11.375
14
25
16
9.66666666666667
9
9
13
12.5
22
27
16
21
20
18
13
17
27
20
16
22.75
18
22.7272727272727
17.5
17
20
12
21
17.3333333333333
18
25
16.2336734693878
23
15.8260869565217
16.25
14.3478260869565
20
18.5
21
23
17
15
11
19
19
17
20.4
23
17.8181818181818
20
24
14.5
20
10
10.8846153846154
22
20
19
11
15.5
19.3333333333333
23
17
17
12
15
17.4545454545455
22
12
19
19
20.3333333333333
20
15.5
14
20
14
13
24
19.6666666666667
13
15.2
18
11
19.5
22
16.40625
14
13
14
15.6666666666667
17
18
22
9
17
9
20.6
21
16.4376693766938
17
13.9
24.5
14
23
14
12.3333333333333
15.6666666666667
16
9
18
16
11
21
8
18
21
11
20
17
14
6
10
25
15
13.3333333333333
13.9411764705882
18.6666666666667
16
14
17.3333333333333
27
22
13.3333333333333
12
15
15.6666666666667
16
18.5
11
21.3333333333333
24.3333333333333
12
15
12
20
12
14
17
16
23
14
17
10
17
10.6764705882353
22
18
16.5
23
14
22
21
17.5
15
22
14
9.46666666666667
22.953488372093
18
22
9
11
17
23
18
15
12
15
21
20
8
12
18
19
12
15
15
23
14
21.5
21
13
19
25
20
15.3333333333333
17
12
21
18.1739130434783
26
10
20.75
22
14
25
20
23.5
14.7692307692308
8
19
10
13
15
