18
21
11.5
17
18
18.375
18.3333333333333
25
20
18.5
23
23.25
20
20
20
23
14
22
15.2
18
17
25.5
14
22
17.1428571428571
12
22.25
22
25
19
16
18
14
23
9
23.3333333333333
23
19
23.3333333333333
19
8
16.3333333333333
18
16
24
25
9
16
19
17.3333333333333
18
22.5
9
20
18
16
20
15
11
15
22
21
12
14
8
16
27
17
15
12
19.6666666666667
19
18
22.8333333333333
17
20
14.5
23
11.3333333333333
13
21.6
14.5
14
23
20
19
20
20
14
22
15
15
8
10.1818181818182
25.8181818181818
15.8333333333333
18
21
12
23
21.3333333333333
17
22
17
13
16
26
16.9333333333333
25
8
21
19
9
26
16
23
12
13
14.5
18.6666666666667
12
18
26
8
23
18.2
17
21
13
19.6
17
14
24
17
19
25
18
19
21
20
13.5
21
21
18
19.5769230769231
25
22
15
18.6666666666667
24
15
20
22
17
25.5
12
11
24.7142857142857
18.0714285714286
15
20
14
20
25
23
19
10
19
16.6
14
25
16.3333333333333
22
20
20
15
18
22
20
24
18
28
13
22
23.1333333333333
19
17
26
14.8947368421053
16
9
9
12
16
19
23
23.5
20
10
23
9
11
18
22
23
23
19
16
15
17
22
16
20
17
11
15
16
16
18.3333333333333
17
18
22
19.6666666666667
10
20
12
22
24
11
17
22
16
19
25
22
26
11
9
21
26
19
23.6666666666667
26
13
22
13.5
13.3333333333333
14
20.7816091954023
18
18.75
18.2089552238806
20.3333333333333
18
12
18
6
8
16
14
13
24
19
12
20.6
16
17
15
11
22
20
24
9
18
14
25
10
16.5
21
10
21
21
24
22
20
23
12
9.5
17
25
19
21
20
25
13
15
11
21.5
12
10.6
18
21.25
12
10
13
15
18
18
14
16
20
8
14
16.8333333333333
16.5
12
12
14
18
15
16.5
26
19
12
20.375
28
20
14
22
13
21
15.6
20
23
12.8771929824561
13
11
18
14
26
11
13
19
12
13.1428571428571
17.5
24.5
11
20
15
11
22.3333333333333
25
18
20
22
17
10
17
15
8
15
19
8
8
10
9
28
11
23
23
13
18
9
21.8571428571429
17
14
19
14
17
20
17
10
13
16
17.75
23
14.3333333333333
12
14
21
21
19.6666666666667
25.6666666666667
22
17
13
15
14
15
18
13.5714285714286
10
11
27
27
16
18.5
12
15.6666666666667
19.8571428571429
21
8
11
15
13
19
17
20
16
17
19.3333333333333
22
18
23
20.5
10
25.5
21
15
14
16.2
24
23
20
16
18.3333333333333
16.5
19.3333333333333
10
12
17
21
18.2
18
18
20
18
19.5
22
20
9
10
10
14
24
11.5
20
21
12.8888888888889
19
22
20
23.6666666666667
10
17.3333333333333
26.3333333333333
23
22
21
21
11.375
14
25
16
9.66666666666667
9
9
13
12.5
22
27
16
21
20
18
13
17
27
20
16
22.75
18
22
17.5
17
20
12
21
17.3333333333333
18
25
17.5
23
18.1875
17
13.8333333333333
20
18.5
21
23
17
15
11
19
19
17
22
23
20
20
24
14.5
20
10
10.8846153846154
22
20
19
11
15.5
19.3333333333333
23
17
17
12
15
19.5
22
12
19
19
20.3333333333333
20
15.5
14
20
14
13
24
19.6666666666667
13
17
18
11
19.5
22
16.5
14
13
14
15.6666666666667
17
18
22
9
16.6666666666667
9
20.6
21
18.2
17
18
24.5
14
23
14
13
15.6666666666667
16
9
18
16
11
21
8
18
21
11
20
17
14
6
10
25
15
13.3333333333333
15
18.6666666666667
16
14
17.3333333333333
27
22
13.3333333333333
12
15
15.6666666666667
16
18.5
11
21.3333333333333
24.5
12
15
12
20
12
14
17
16
23
14
17
10
17
12
22
18
18
23
14
22
21
17
15
22
14
12
22.953488372093
18
22
9
11
17
23
18
15
12
15
21
22
9
12
18
19
12
15
19
23
14
21.5
21
13
19
25
20
15.3333333333333
17
12
22
19
26
10
22
22
14
25
20
23.5
15
8
19
10
13
15
