1
1
1
1
1
1.04009433962264
1
1
1
1
1
1.25085397096499
1.10089758840705
1
1
1
1
1
1
1
1
1
1
1
1.16795607686549
1
1
1
1.11111111111111
1
1
1
1
1
1
1
1
1
1
1
1
1
1.11467889908257
1.06493506493507
1
1
1
1
1
1
1.16793893129771
1
1
1
1
1
1
1
1
1
1
1
1
1
1
1
1
1.03030303030303
1
1
1
1
1.05154639175258
1
1
1
1
1
1
1.02479644707624
1
1
1
1
1
1
1
1
1
1
1
1
1
1
1
1.01395730706076
1
0.974226804123711
0.96
1
0.96969696969697
1.0625
1
1
1
1
1
1
1
1
1
1
1
1
1
1
1
1
1
1
1
1.11819281968536
1
1
1
1
1
0.976744186046512
1
1
1
1
1
1.28648648648649
1
1
1
1
1.13953488372093
1
1.09459459459459
1
1
1
1
1
1
1
1
1
1
1
1
1
1
1
1
1
1
1
1
1
1
1
1
1.03636363636364
1
1.46153846153846
1
1
1
1
1
1
1
1
1
1
1
1
1
1
1
1
1
1
1
1
1
1
1
1
1
1
1
1
1
1.07692307692308
1
1
1
1
1
1
1
1.04545454545455
1
1
1
1
1
1.14205858640151
1
1
1
1
1
1
1
1
1
1.02623906705539
1
1
1
1
1
1
1
1
1
1
1
1
1
1
1
1
1
1
1
1
1
1
1
1
1
1
1.00125526102045
1
1.00318321520416
1
1
1
1
1
1
1
1
1
1
1
1
1
1
1
1
1
0.948275862068966
1
1.04575163398693
1
1
1
1
1
1
1
1
1
1
1.08797127468582
1
1
1
1
1
1
1
1
1
1
1
1
1.01869991095281
1.15178571428571
1
1
1
1
1
1
1
1
1
1
1
1
1
1
1
1
1
0.935185185185185
1
0.987341772151899
1
1
1
1
1
1
1
1.14285714285714
1
1
1
1
1
1
1
1
1
1
1
1
1
1
1
1
1
1
1
1
1
1
1
1
1
1
1.22222222222222
1
1
0.96
1
1
1
1
1
1
1
1
1
1
1.06666666666667
1
1
1
1
1
1
1
1
1
1
1
1
1
1
1
1
1
1
1
1
1
1
1
1
1
1
1.01612903225806
1
1
1
1
1
1
1
1
1.16129032258065
1
1
1
1
1
1
1
1
1
1
0.976744186046512
1
1
1
1.1304347826087
1
1
1.02564102564103
1
1
1.13474786442546
1
1
1
1.0718954248366
1
1
1
1
1
1
1.11627906976744
1
1
1
1
1
1.13577023498695
1
1
1
1
1
1.00699300699301
1
1
1
1
1
1
1
1
1
1
1
1
1
1
0.838071008040185
0.976635514018692
1
1.00641341884558
1
1
1
1
1
1
1
1
1
1
1
1
1
1
1
1
1
1
1
1
1
1
1
1
1
1
1
1
1
1
0.968
1
1
1
1
1
1
1
1
1.0780061600352
1
1.14921016483516
1.04615384615385
0.964141414141414
1
1
1
1
1
1
1
1
1
1
1.07843137254902
1
1.12244897959184
1
1
1
1
1
1
1
1
1
1
1
1
1
1
1
1
1
1.1171875
1
1
1
1
1
1
1
1
1
1
1
1
1
1
1.11842105263158
1
1
1
1
1.00571428571429
1
1
1
1
1
1
1
1
0.980392156862745
1
1
1
1.10721292556261
1
1.29496402877698
1
1
1
1
1.05405405405405
1
1
1
1
1
1
1
1
1
1
1
1
1
1
1
1
1
1
1
1.07594936708861
1
1
1
1
1
1
1
1
1
1
1
1
1
1
1.00684931506849
1
1
1
1
1
1
1
1
1
1
1
1
1
1.12396694214876
1
1
1.09090909090909
1
1
1
1
0.971428571428571
1
1
1
1.26760563380282
1
1
1
1
1
1
1
1
1
1
1
1
1.1
1.125
1
1
1
1
1
1.26666666666667
1
1
1
1
1
1
1
1
1
1
1
1.04761904761905
1.04545454545455
1
1
1.06024096385542
1
1
1
1
1
1.015625
1
1
1
1
1
