0
0
0
1
1
0.666666666666667
0.666666666666667
1
1
0
0
0.253968253968254
0.00589390962671906
1
0.5
1
0.5
0
0.6
1
1
1
0
1
0
0
0.5
0
0
1
1
1
0
0
0
0
0
0
0.333333333333333
1
0
1
0
0
1
0
0
1
1
0
0.990196078431373
1
0
0
0
0
1
0
0
0
0
0
1
0
0
1
0
0
1
0
0
1
0
0
0
1
0
0
0
0.366197183098592
0
0
0
1
1
0
1
0
1
1
0
0
1
0.454545454545455
1
0.846153846153846
0
1
1
0
0.5
0.0833333333333333
0
1
1
1
0
0.0666666666666667
0
0
0
0
0
1
0.5
0
0
0
0
0.333333333333333
1
0
1
0
1
0.6
0
1
0
0
0
0
1
0
0
1
0.333333333333333
0
0
0
0
0
1
0
0.730769230769231
1
1
1
0
1
0.333333333333333
0
1
1
0
0
1
1
0.0714285714285714
1
0
1
0
0
1
0
1
0.142857142857143
1
1
1
0
1
0
0
0
1
1
1
0
1
1
0
0
1
0
1
0
1
1
0
0
0
1
1
0
1
0.571428571428571
0
1
0
0
1
1
0
0
0
0
0
0.1
0
0.000753012048192771
1
0
1
1
1
1
0
1
0
0.1875
1
0
1
0
1
1
0
1
0.5
1
1
0
1
1
0.5
0
0
0
0
0
0
0
0
0
0.666666666666667
1
0.144444444444444
1
0.00468933177022274
0.26865671641791
0.333333333333333
0
0
1
0
1
0
0
0
0
0
0
1
1
0
0
0
0
0
0
0
1
1
1
1
0
1
1
0
0
1
0
0
0
1
1
0
1
1
1
0
0
0
0
0
1
1
0
1
0
1
0
0
1
1
0
1
0
0
1
0
0.571428571428571
1
0
0
0
0
1
0
0
1
0
0.25
0
0
0
1
0
1
1
0
0
0.0526315789473684
0
1
1
0
1
0
0
1
0
0
0
1
0
0
0
0
0
0
0
1
0
1
1
1
0
0
0
0
1
1
1
1
1
0
0
0.4
1
0
0
1
1
0
0
0
0
1
0
0
0
1
0
0
1
1
0.214285714285714
1
0
0.333333333333333
1
1
0.5
0
0
0
1
0
0
0.2
1
0
0
0.5
0.5
0
0
0
0
0
0.5
0
0
0
1
0.5
1
0
0.981220657276995
1
1
0
0.5
0
0
1
0
0
0.6
1
1
0
1
1
0
0
0
1
1
0
0
0
1
0
0
0
0
0
0
1
0
0
0
0
0
0
0.0316027088036117
0
1
0.00980392156862745
0
1
0
1
0
1
1
0
0
1
0
0
0.166666666666667
0
0
1
0
1
1
0
1
0
0
0
0
0
1
0
0
0
0.636363636363636
0
0
1
0
0
0
0
0
0.1
1
0.173913043478261
0
0.0869565217391304
0
1
1
0.333333333333333
0
0
0
0
1
1
0
0
0.181818181818182
0
1
0
0
0
0
0
1
0
0
0.5
1
0
0
0
0
0
0.993265993265993
1
0
0
0
0
1
0
0
1
1
0
0
0
1
0.8
1
1
0.714285714285714
0
0
1
0
0
0.333333333333333
0
0
1
0
0.75
0
0.2
1
0.177506775067751
1
1
0
0
1
1
0.5
0
0
0
1
1
0.5
1
0
1
1
0
1
1
0
0
0
0
0
0
0.176470588235294
1
0
0
0
1
1
0
1
0
0
1
0.5
0
1
0
1
1
1
0
0
1
0
0
1
1
1
0
1
0
0
0
1
0.5
0
1
0
0.5
0
0
0
0
1
1
1
0
1
1
1
1
1
0
0
1
1
0
0
0
1
1
0
0
1
0
0
1
1
0
1
0
0
0
0
0
0
0
0
1
1
0
0
0
0
0
1
0
0
0.5
1
