1
0
0
0
0
3
1
0
0
1
1
32
262
1
1
0
2
0
0
0
0
0
1
0
256
1
3
0
5
1
1
1
0
1
1
0
1
1
2
1
0
0
10
83
1
1
1
0
1
2
46
2
0
1
3
0
1
0
0
0
0
1
0
0
0
0
0
1
1
0
4
1
12
5
0
0
0
0
1
111
1
7
0
1
0
0
0
1
3
0
0
1
0
1
5
0
1
1
0
1
0
4
4
1
0
0
0
7
1
0
0
1
1
0
0
1
0
0
1
2
0
94
0
0
1
2
0
2
0
1
0
2
0
5
0
0
0
0
5
0
0
1
1
1
4
0
0
0
2
2
4
0
1
1
1
0
0
1
7
0
0
0
0
0
0
0
0
5
6
0
1
1
0
0
0
0
0
1
0
1
1
1
3
0
3
1
0
0
1
1
1
1
1
0
0
0
4
4
1
1
1
1
0
0
1
0
0
0
0
20
0
188
2
1
0
0
1
0
1
0
0
13
0
1
0
0
1
0
0
1
1
0
1
0
0
1
1
0
0
0
1
0
1
2
0
1
2
0
46
0
328
4
1
1
1
0
0
0
0
1
1
1
1
0
3
0
0
0
2
0
5
1
0
1
0
0
0
0
0
0
0
103
0
0
0
0
0
1
1
1
0
1
1
1
92
11
1
1
1
2
0
5
0
1
1
0
1
2
1
0
0
1
0
0
8
16
0
0
0
4
2
1
0
0
4
0
0
1
0
0
0
1
1
1
23
0
1
0
1
1
0
1
1
0
5
1
0
0
1
0
0
1
1
0
0
1
0
0
1
0
0
0
0
0
0
0
0
1
1
0
0
0
0
0
1
0
0
0
0
0
1
1
0
0
0
5
0
3
0
3
0
1
1
3
0
1
1
0
0
0
4
1
1
0
0
0
0
0
0
1
7
1
0
0
0
2
1
0
0
0
0
109
1
0
1
2
0
3
0
0
0
1
0
1
1
0
1
0
22
0
0
0
1
2
18
1
1
0
0
0
1
1
1
0
0
0
1
0
0
227
5
0
30
1
0
2
0
0
1
0
6
11
1
1
1
1
0
0
0
0
0
0
0
1
1
2
1
0
0
1
1
0
0
0
0
0
0
1
1
0
0
1
217
0
5
5
8
0
1
0
1
0
1
0
1
0
1
1
0
1
2
0
0
0
1
3
1
1
0
0
1
0
0
1
0
0
1
24
1
1
0
1
2
0
0
0
0
0
0
1
0
0
3
1
1
7
0
12
0
0
0
1
1
0
1
1
1
0
1
1
387
0
6
0
0
0
0
1
0
0
0
0
1
0
0
0
0
0
1
0
0
1
0
0
1
1
1
12
2
1
0
0
0
3
0
0
1
2
0
0
0
0
2
0
1
0
1
0
1
1
1
0
1
0
0
0
79
1
1
0
1
0
1
0
1
1
1
1
14
28
0
0
0
0
0
0
0
1
1
1
0
0
0
1
1
0
0
0
8
0
0
1
0
0
0
0
0
0
0
0
0
8
1
0
2
1
0
0
0
1
5
0
0
1
0
0
