0
0
0
1
1
3
1
0
1
0
0
12
118
0
0
0
0
0
1
1
0
1
1
0
80
0
0
0
0
0
0
0
1
0
0
1
0
0
0
0
0
1
1
19
0
0
0
0
0
1
24
1
0
0
3
0
0
0
1
1
1
0
0
1
0
0
0
1
0
0
2
0
7
1
0
0
2
1
0
45
1
3
1
0
1
0
0
0
0
1
0
0
0
2
3
2
0
5
3
1
4
4
0
0
1
1
0
4
0
1
1
2
0
0
0
0
0
0
1
1
1
28
0
0
0
1
0
0
0
3
1
3
0
4
0
0
3
1
6
1
3
0
0
0
1
0
0
1
1
1
2
1
0
0
0
0
0
4
2
0
0
0
2
1
1
0
0
0
2
0
0
0
0
1
0
0
0
0
0
0
0
0
1
1
4
0
0
0
4
0
0
0
0
0
1
1
4
3
2
0
0
0
0
0
0
0
1
0
0
0
0
46
0
0
0
0
0
1
3
1
1
12
2
0
0
1
0
1
0
0
1
1
1
0
0
0
0
1
1
0
0
0
0
0
1
2
6
0
21
1
247
0
2
0
0
0
0
0
0
0
0
0
0
0
0
1
1
1
0
0
1
0
0
0
1
0
1
2
0
0
1
46
1
1
0
0
2
1
0
0
0
0
0
0
21
3
0
1
0
3
0
3
0
0
0
0
1
0
0
1
1
0
0
3
6
6
0
0
2
0
0
0
0
0
3
0
2
0
1
2
0
1
0
0
21
0
0
1
0
0
1
0
0
1
2
0
0
1
0
1
0
1
1
1
1
0
1
0
0
1
0
1
0
1
1
1
0
0
0
1
0
0
1
1
1
0
0
0
0
0
1
0
0
1
1
2
0
0
0
7
0
2
1
0
0
1
0
0
0
0
0
1
2
0
0
0
2
1
0
0
5
1
0
0
1
0
0
1
1
1
1
39
0
0
0
4
0
1
1
0
0
1
0
0
0
0
1
2
9
1
0
0
0
4
7
1
0
0
1
1
0
0
0
0
0
0
0
0
0
84
2
0
25
2
0
1
2
1
0
0
8
1
0
0
0
0
0
0
0
2
0
0
1
0
0
0
0
1
0
0
0
1
0
7
0
0
0
0
1
1
1
0
91
0
0
1
9
0
0
0
1
0
0
0
0
1
0
1
0
3
0
1
2
0
0
0
0
0
1
0
0
1
1
0
0
0
0
19
0
0
0
1
0
1
2
0
0
0
0
0
1
0
2
0
0
3
0
5
0
0
0
1
0
2
0
0
3
0
2
0
145
1
1
1
0
0
0
0
4
0
0
0
0
0
0
0
0
0
0
1
1
0
0
0
0
0
3
2
1
0
0
0
0
2
0
0
0
1
0
1
1
1
0
0
1
1
0
0
0
0
0
0
0
1
0
1
52
0
0
1
0
0
0
1
0
0
0
0
12
7
0
1
0
0
0
1
0
0
0
0
1
2
0
0
0
0
0
0
4
1
0
1
1
0
1
0
0
1
0
1
3
6
0
0
1
0
1
0
1
1
3
0
0
0
0
1
