0
0
0
1
1
0.5
0.5
0
1
0
0
0.272727272727273
0.310526315789474
0
0
0
0
0
1
1
0
1
0.5
0
0.238095238095238
0
0
0
0
0
0
0
1
0
0
1
0
0
0
0
0
1
0.0909090909090909
0.186274509803922
0
0
0
0
0
0.333333333333333
0.342857142857143
0.333333333333333
0
0
0.5
0
0
0
1
1
1
0
0
1
0
0
0
0.5
0
0
0.333333333333333
0
0.368421052631579
0.166666666666667
0
0
1
1
0
0.288461538461538
0.5
0.3
1
0
1
0
0
0
0
1
0
0
0
0.666666666666667
0.375
1
0
0.833333333333333
1
0.5
1
0.5
0
0
1
1
0
0.363636363636364
0
1
1
0.666666666666667
0
0
0
0
0
0
0.5
0.333333333333333
1
0.229508196721311
0
0
0
0.333333333333333
0
0
0
0.75
1
0.6
0
0.444444444444444
0
0
1
1
0.545454545454545
1
1
0
0
0
0.2
0
0
1
0.333333333333333
0.333333333333333
0.333333333333333
1
0
0
0
0
0
0.8
0.222222222222222
0
0
0
1
1
1
0
0
0
0.25
0
0
0
0
1
0
0
0
0
0
0
0
0
0.25
1
0.571428571428571
0
0
0
0.8
0
0
0
0
0
1
1
0.5
0.428571428571429
0.666666666666667
0
0
0
0
0
0
0
1
0
0
0
0
0.196581196581197
0
0
0
0
0
1
0.75
1
1
0.48
1
0
0
1
0
1
0
0
0.5
1
0.5
0
0
0
0
1
1
0
0
0
0
0
1
0.666666666666667
0.75
0
0.313432835820896
1
0.429565217391304
0
0.666666666666667
0
0
0
0
0
0
0
0
0
0
0
0
1
1
1
0
0
0.166666666666667
0
0
0
1
0
1
1
0
0
1
0.308724832214765
1
1
0
0
1
0.5
0
0
0
0
0
0
0.185840707964602
0.214285714285714
0
0.5
0
0.6
0
0.375
0
0
0
0
0.5
0
0
1
1
0
0
1
0.428571428571429
0.272727272727273
0
0
1
0
0
0
0
0
0.428571428571429
0
1
0
1
1
0
0.5
0
0
0.477272727272727
0
0
1
0
0
1
0
0
1
0.285714285714286
0
0
1
0
1
0
0.5
0.5
1
1
0
1
0
0
1
0
1
0
1
1
1
0
0
0
1
0
0
1
1
0.5
0
0
0
0
0
0.5
0
0
1
1
0.285714285714286
0
0
0
0.7
0
0.666666666666667
0.5
0
0
0.5
0
0
0
0
0
0.5
0.666666666666667
0
0
0
1
1
0
0
0.416666666666667
0.5
0
0
1
0
0
1
1
1
1
0.263513513513513
0
0
0
0.666666666666667
0
0.25
1
0
0
0.5
0
0
0
0
0.5
1
0.290322580645161
1
0
0
0
0.666666666666667
0.28
0.5
0
0
1
1
0
0
0
0
0
0
0
0
0
0.270096463022508
0.285714285714286
0
0.454545454545455
0.666666666666667
0
0.333333333333333
1
1
0
0
0.571428571428571
0.0833333333333333
0
0
0
0
0
0
0
1
0
0
1
0
0
0
0
1
0
0
0
1
0
1
0
0
0
0
0.5
1
1
0
0.295454545454545
0
0
0.166666666666667
0.529411764705882
0
0
0
0.5
0
0
0
0
1
0
0.5
0
0.75
0
1
1
0
0
0
0
0
1
0
0
1
1
0
0
0
0
0.441860465116279
0
0
0
0.5
0
1
1
0
0
0
0
0
1
0
0.4
0
0
0.3
0
0.294117647058824
0
0
0
0.5
0
1
0
0
0.75
0
0.666666666666667
0
0.272556390977444
1
0.142857142857143
1
0
0
0
0
1
0
0
0
0
0
0
0
0
0
0
1
1
0
0
0
0
0
0.75
0.142857142857143
0.333333333333333
0
0
0
0
0.4
0
0
0
0.333333333333333
0
1
1
1
0
0
0.5
1
0
0
0
0
0
0
0
1
0
1
0.396946564885496
0
0
1
0
0
0
1
0
0
0
0
0.461538461538462
0.2
0
1
0
0
0
1
0
0
0
0
1
1
0
0
0
0
0
0
0.333333333333333
1
0
0.5
1
0
1
0
0
1
0
1
1
0.428571428571429
0
0
0.333333333333333
0
1
0
1
0.5
0.375
0
0
0
0
1
