1
1
0.5
0
0
0.111111111111111
0.333333333333333
0
0
0
0
0.0634920634920635
0.00196463654223969
0
0
0
0.5
0
0.2
0
0
0
1
0
0.00549450549450549
0
0
0
0.166666666666667
0
0
0
0
0
1
0
0
0
0
0
0
0
1
0
0
0
1
0
0
0
0
0
0
0
0
0
0
0
0
1
0
0
0
0
0
0
0
0.5
0
0
0
0
0.0294117647058824
0
1
0
0
0
0
0.00938967136150235
0
0.0714285714285714
0
0
0
0
0
1
0
0
0
0
0
0.0909090909090909
0
0.0769230769230769
0
0
0
0
0.5
0
0
0
0
0
0
0
1
0
1
0
0
0
0
1
0
0
0
0
0
0
0
0
0
0
0
0
0
1
0
0
0
0
0
0
0
1
1
0
0
0
0
0
0.269230769230769
0
0
0
0.166666666666667
0
0
0
0
0
0
0
0
0
0.0714285714285714
0
0
0
0
1
0
0
0
0
0
0
0
0
0
0
0
1
0
0
0
1
0
0
0
0
0
1
0
1
0
0
0
0
0
0
0
0
0
0.428571428571429
0
0
0
0
0
0
0
0.5
0
0
1
0.1
0
0
0
0
0
0
0
0
0
0
1
0
0
0
0
0
0
0
0
0
0
0
0
0
0
0
0
1
1
0
0
0
0
0
1
0
0
0
0.0333333333333333
0
0.00234466588511137
0.537313432835821
0
0
0
0
0
0
1
0
0
0
1
0
0
0
0
0
0
0
0
1
0
0
0
0
0
1
0
0
0
0.0396039603960396
0
1
0
0
0
0
0
0
0
0
1
0
0.164772727272727
1
1
0
0
0
0
0
0
0
0
0
0
0
0
0
1
0
0
0.285714285714286
0
0.0384615384615385
0
0
0
0
0.5
1
0
0
0
0
0.333333333333333
0
0
0
0
0
0
1
0
0
0
0
0
0
0
0
0
0
0
0.5
0
0
1
0
0
0.333333333333333
1
0.25
0
0
0
0
0
0
0
0
1
0
0
0
0
0
0
1
0
0
0
0
0
0
0
0
1
1
0
1
0
0
0
0.125
1
0
0
0
0
0
0.333333333333333
0
0
0
0
1
0
0
0
0.142857142857143
0
0
1
0
0.5
0
0
0.333333333333333
0
0
0
0
0
0
0
0
0
0
0
0
0
0
0
0
1
0
0
0
1
0
0
0
0
0
0
0
0
1
0
0
0
0
0
0
0
0
1
1
0
0
0
0
0
0
0
0
0
0.0203160270880361
0
0
0
0
0
0
0
0
0
0
0
0.125
0
1
0
0.166666666666667
0
0
0
0
0
0
0
0
0
0
0
1
1
0
0
0
0
0.181818181818182
1
0
0
0
0
1
0
0
0.0122448979591837
0
0.0869565217391304
0
0.0434782608695652
0
0
0
0.333333333333333
1
0
1
0.5
0
0
0
1
0.0909090909090909
0
0
0
1
1
0
1
0
0
0
0
0
0
1
0
0
0
0.00673400673400673
0
0
0
0
0
0
0
0
0
0
0
0
0
0
0
0
0
0
0
0.0625
0
0
0
0.333333333333333
0
1
0
1
0
0
0
0
0.0040650406504065
0
0
0
0
0
0
0.5
0.166666666666667
0
1
0
0
0
0
0
0
0
0
0
0
0
0
0
1
0
0.166666666666667
0
0
1
1
0
0
0
0
0
0
0.333333333333333
0
0
1
0
0
0
0
0
1
1
0
0
0
0
0
0
0
0
0.00980392156862745
1
0
0
0
0
0
0
0
1
0
0
0
0
0
0
0
0
0
0
0
0
1
0
0
0
0
0
1
0
0
0
0.823529411764706
0
0
0
0
0
0
0
0
0
0
1
0
0
1
0
0
0
1
0
0
0
0
0
0
0
0
0
