1
1
1
1
1
0.888888888888889
1
1
1
1
1
0.317460317460317
0.0137524557956778
1
1
1
1
1
1
1
1
1
1
1
0.0128205128205128
1
1
1
0.166666666666667
1
1
1
1
1
1
1
1
1
1
1
1
1
0.0740740740740741
0.00813008130081301
1
1
1
1
1
1
0.00980392156862745
1
1
1
1
1
1
1
1
1
1
1
1
1
1
1
1
0.5
1
1
1
1
0.0588235294117647
1
1
1
1
1
1
0.00469483568075117
1
1
1
1
1
1
1
1
1
1
1
1
1
1
1
0.923076923076923
1
0.111111111111111
0.2
1
0.75
0.333333333333333
1
1
1
1
1
1
1
1
1
1
1
1
1
1
1
1
1
1
1
0.00649350649350649
1
1
1
1
1
0.5
1
1
1
1
1
0.0714285714285714
1
1
1
1
0.142857142857143
1
0.666666666666667
1
1
1
1
1
1
1
1
1
0.111111111111111
1
1
1
1
1
1
1
1
1
1
1
1
1
1
0.666666666666667
1
0.142857142857143
1
1
1
1
1
1
1
1
1
1
1
1
1
1
1
1
1
1
1
1
1
1
1
1
1
1
1
1
1
0.142857142857143
1
1
1
1
1
1
1
0.5
1
1
1
1
1
0.00150602409638554
1
1
1
1
1
1
1
1
1
0.03125
1
1
1
1
1
1
1
1
1
1
1
1
1
1
1
1
1
1
1
1
1
1
1
1
1
1
0.966666666666667
1
0.00937866354044549
1
1
1
1
1
1
1
1
1
1
1
1
1
1
1
1
1
0.4
1
0.375
1
1
1
1
1
1
1
1
1
1
0.0148514851485149
1
1
1
1
1
1
1
1
1
1
1
1
0.00568181818181818
0.0232558139534884
1
1
1
1
1
1
1
1
1
1
1
1
1
1
1
1
1
0.857142857142857
1
0.0384615384615385
1
1
1
1
1
1
1
0.5
1
1
1
1
1
1
1
1
1
1
1
1
1
1
1
1
1
1
1
1
1
1
1
1
1
1
0.5
1
1
0.25
1
1
1
1
1
1
1
1
1
1
0.5
1
1
1
1
1
1
1
1
1
1
1
1
1
1
1
1
1
1
1
1
1
1
1
1
1
1
0.333333333333333
1
1
1
1
1
1
1
1
0.25
1
1
1
1
1
1
1
1
1
1
0.5
1
1
1
0.5
1
1
0.5
1
1
0.028169014084507
1
1
1
0.5
1
1
1
1
1
1
0.5
1
1
1
1
1
0.0666666666666667
1
1
1
1
1
0.03125
1
1
1
1
1
1
1
1
1
0.5
1
1
1
1
0.0406320541760722
0.0909090909090909
1
0.0392156862745098
1
1
1
1
1
1
1
1
1
1
1
1
1
1
1
1
1
1
1
1
1
1
1
1
1
1
1
1
1
1
0.727272727272727
1
1
1
1
1
1
1
1
0.00408163265306122
1
0.695652173913043
0.125
0.521739130434783
1
1
1
1
1
1
1
1
1
1
0.4
1
0.454545454545455
1
0.333333333333333
1
1
1
1
1
1
1
1
1
1
1
1
1
1
1
0.00673400673400673
1
1
1
1
1
1
1
1
1
1
1
1
1
1
0.6
1
1
0.571428571428571
1
0.0625
1
1
1
1
1
1
1
1
0.75
1
1
1
0.00677506775067751
1
0.1
1
1
1
1
0.833333333333333
1
1
1
1
1
1
1
1
1
1
1
1
1
1
1
1
1
1
1
0.0588235294117647
1
1
1
1
1
1
1
1
1
1
1
1
1
1
0.666666666666667
1
1
1
1
1
1
1
1
1
1
1
1
1
0.00490196078431373
1
1
0.5
1
1
1
1
0.5
1
1
1
0.0333333333333333
1
1
1
1
1
1
1
1
1
1
1
1
0.25
0.333333333333333
1
1
1
1
1
0.235294117647059
1
1
1
1
1
1
1
1
1
1
1
0.666666666666667
0.0434782608695652
1
1
0.5
1
1
1
1
1
0.0769230769230769
1
1
1
1
1
