0
0
0
0
0
1
1
0
0
1
0
5
87
0
1
0
0
0
1
0
0
0
4
1
450
0
1
1
0
4
0
0
0
0
0
2
0
0
2
0
0
2
25
122
0
0
0
1
1
0
26
3
0
0
2
1
0
0
0
1
0
0
0
0
0
1
0
0
1
0
5
0
2
5
0
0
0
2
2
126
3
12
0
0
1
1
0
0
2
0
1
1
0
2
10
3
0
1
2
3
0
1
6
0
0
0
0
10
0
0
0
0
0
0
0
0
0
0
1
1
0
3
0
0
0
1
1
0
0
4
2
2
0
13
0
0
1
0
1
0
0
1
0
0
14
0
0
0
5
4
3
0
0
0
1
1
0
6
2
0
0
1
1
0
2
2
0
0
25
1
0
2
2
0
0
0
1
0
0
0
1
0
0
0
12
0
0
0
13
0
0
0
1
0
0
0
6
0
3
0
0
0
0
0
1
1
0
1
1
0
2
1030
2
0
0
0
0
0
1
0
0
4
1
0
0
0
0
0
0
0
1
0
2
0
0
0
1
0
0
0
0
2
0
0
0
2
1
0
73
0
225
25
1
0
1
0
0
0
0
0
0
0
0
1
6
0
0
1
3
0
3
0
1
0
0
1
0
3
0
0
0
4
1
0
1
0
1
0
0
0
1
0
0
0
14
41
1
1
0
2
0
6
0
0
0
0
1
5
0
0
0
0
0
1
1
4
0
0
1
1
1
0
0
0
1
0
0
0
1
1
0
3
0
0
7
0
0
0
0
1
0
0
0
0
2
0
1
0
0
1
0
2
1
3
0
2
0
0
0
1
1
0
0
0
2
0
0
0
0
0
1
0
1
0
6
0
1
0
0
1
1
0
0
0
1
7
2
2
0
1
1
1
0
0
0
1
0
0
0
0
4
5
0
1
0
0
0
0
0
1
13
1
0
0
1
0
0
0
1
0
2
190
0
1
1
3
0
3
0
0
0
2
0
0
0
0
1
0
35
0
0
0
1
7
28
1
0
0
3
0
0
0
0
0
1
1
0
0
1
305
0
1
85
5
3
0
2
0
0
0
16
1
0
0
1
2
0
0
0
0
0
0
0
0
0
1
0
0
0
0
0
3
1
2
1
0
0
0
1
0
0
0
628
0
1
0
2
0
0
0
1
0
0
0
1
0
0
2
0
7
0
2
0
1
0
0
0
1
0
1
0
2
0
0
1
0
0
214
0
0
0
1
2
0
1
0
0
0
0
1
1
0
0
0
0
3
0
20
0
0
0
0
1
1
0
0
1
0
4
0
76
1
1
0
0
0
2
1
5
0
0
0
0
0
0
0
0
1
0
0
1
0
1
0
0
0
0
16
2
0
0
2
0
8
2
1
0
2
1
0
1
2
0
0
0
0
0
0
0
0
0
0
1
0
0
2
1
0
0
1
0
0
0
0
1
0
1
0
0
42
0
0
0
0
0
0
0
0
0
0
0
0
0
0
0
0
0
0
12
0
0
1
0
0
0
1
0
2
0
0
0
21
0
0
0
0
1
0
0
1
8
0
0
0
1
0
