0
0
0
0
0
1
1
0
0
1
0
7
50
0
1
0
0
0
2
0
0
0
1
1
1
0
2
1
0
1
0
0
0
0
0
1
0
0
1
0
0
1
2
1
0
0
0
1
1
0
6
1
0
0
1
1
0
0
0
1
0
0
0
0
0
1
0
0
1
0
1
0
1
1
0
0
0
1
1
1
1
1
0
0
1
1
0
0
1
0
1
1
0
3
1
2
0
2
4
1
0
2
1
0
0
0
0
2
0
0
0
0
0
0
0
0
0
0
1
2
0
11
0
0
0
1
1
0
0
1
1
2
0
1
0
0
1
0
2
0
0
1
0
0
3
0
0
0
1
1
2
0
0
0
1
1
0
1
3
0
0
1
1
0
1
1
0
0
2
1
0
1
1
0
0
0
1
0
0
0
1
0
0
0
1
0
0
0
2
0
0
0
1
0
0
0
1
0
1
0
0
0
0
0
1
1
0
1
1
0
1
37
1
0
0
0
0
0
1
0
0
4
1
0
0
0
0
0
0
0
1
0
1
0
0
0
1
0
0
0
0
1
0
0
0
1
1
0
3
0
40
13
1
0
1
0
0
0
0
0
0
0
0
1
1
0
0
1
2
0
5
0
1
0
0
1
0
1
0
0
0
20
1
0
1
0
1
0
0
0
1
0
0
0
3
2
1
1
0
1
0
1
0
0
0
0
1
1
0
0
0
0
0
1
1
1
0
0
1
1
1
0
0
0
1
0
0
0
1
1
0
1
0
0
2
0
0
0
0
1
0
0
0
0
1
0
1
0
0
1
0
1
1
1
0
1
0
0
0
1
1
0
0
0
1
0
0
0
0
0
1
0
1
0
1
0
1
0
0
1
1
0
0
0
1
1
1
1
0
5
1
1
0
0
0
1
0
0
0
0
1
2
0
1
0
0
0
0
0
2
1
1
0
0
1
0
0
0
1
0
1
2
0
1
1
2
0
1
0
0
0
1
0
0
0
0
1
0
3
0
0
0
1
1
1
1
0
0
1
0
0
0
0
0
1
1
0
0
1
9
0
1
4
1
1
0
1
0
0
0
1
1
0
0
1
4
0
0
0
0
0
0
0
0
0
1
0
0
0
0
0
1
1
4
1
0
0
0
1
0
0
0
18
0
1
0
2
0
0
0
1
0
0
0
1
0
0
2
0
1
0
1
0
1
0
0
0
1
0
1
0
1
0
0
1
0
0
16
0
0
0
1
1
0
1
0
0
0
0
1
1
0
0
0
0
3
0
2
0
0
0
0
1
1
0
0
1
0
1
0
74
1
1
0
0
0
1
1
1
0
0
0
0
0
0
0
0
1
0
0
1
0
1
0
0
0
0
1
1
0
0
1
0
1
1
1
0
1
1
0
1
1
0
0
0
0
0
0
0
0
0
0
1
0
0
1
1
0
0
1
0
0
0
0
1
0
1
0
0
1
0
0
0
0
0
0
0
0
0
0
0
0
0
0
0
0
0
0
1
0
0
1
0
0
0
1
0
1
0
0
0
1
0
0
0
0
1
0
0
1
2
0
0
0
1
0
