0
0
0
0
0
1
1
0
0
1
0
11
255
0
1
0
0
0
2
0
0
0
4
1
451
0
2
1
0
4
0
0
0
0
0
2
0
0
2
0
0
2
27
122
0
0
0
1
1
0
55
3
0
0
2
1
0
0
0
1
0
0
0
0
0
1
0
0
1
0
5
0
2
5
0
0
0
2
2
129
3
12
0
0
1
1
0
0
2
0
1
1
0
4
10
6
0
2
7
3
0
2
6
0
0
0
0
13
0
0
0
0
0
0
0
0
0
0
1
2
0
17
0
0
0
1
1
0
0
4
2
3
0
13
0
0
1
0
2
0
0
1
0
0
21
0
0
0
5
4
4
0
0
0
1
1
0
6
5
0
0
1
1
0
2
2
0
0
27
1
0
2
2
0
0
0
1
0
0
0
1
0
0
0
12
0
0
0
16
0
0
0
1
0
0
0
6
0
3
0
0
0
0
0
1
1
0
1
1
0
2
1080
2
0
0
0
0
0
1
0
0
11
1
0
0
0
0
0
0
0
1
0
2
0
0
0
1
0
0
0
0
2
0
0
0
2
1
0
79
0
680
55
1
0
1
0
0
0
0
0
0
0
0
1
6
0
0
1
4
0
7
0
1
0
0
1
0
4
0
0
0
39
1
0
1
0
1
0
0
0
1
0
0
0
16
42
1
1
0
2
0
6
0
0
0
0
1
5
0
0
0
0
0
1
1
4
0
0
1
1
1
0
0
0
1
0
0
0
1
1
0
3
0
0
9
0
0
0
0
1
0
0
0
0
2
0
1
0
0
1
0
2
1
3
0
2
0
0
0
2
1
0
0
0
2
0
0
0
0
0
1
0
1
0
6
0
1
0
0
1
1
0
0
0
1
7
2
2
0
5
1
1
0
0
0
1
0
0
0
0
5
8
0
1
0
0
0
0
0
2
13
1
0
0
1
0
0
0
1
0
3
191
0
1
1
6
0
3
0
0
0
2
0
0
0
0
1
0
38
0
0
0
1
7
28
1
0
0
3
0
0
0
0
0
1
1
0
0
1
365
0
1
90
5
3
0
2
0
0
0
17
1
0
0
1
5
0
0
0
0
0
0
0
0
0
1
0
0
0
0
0
3
1
6
1
0
0
0
1
0
0
0
813
0
1
0
4
0
0
0
1
0
0
0
1
0
0
3
0
7
0
2
0
1
0
0
0
1
0
1
0
2
0
0
1
0
0
233
0
0
0
1
2
0
1
0
0
0
0
1
1
0
0
0
0
7
0
22
0
0
0
0
1
1
0
0
1
0
4
0
363
1
1
0
0
0
2
1
5
0
0
0
0
0
0
0
0
1
0
0
1
0
1
0
0
0
0
16
2
0
0
3
0
8
2
1
0
2
1
0
1
2
0
0
0
0
0
0
0
0
0
0
1
0
0
2
1
0
0
1
0
0
0
0
1
0
1
0
0
42
0
0
0
0
0
0
0
0
0
0
0
0
0
0
0
0
0
0
12
0
0
1
0
0
0
1
0
2
0
0
0
21
0
0
0
0
1
0
0
1
9
0
0
0
1
0
