0
0
0
0
0
0
0.333333333333333
0
0
0.5
0
0.0317460317460317
0.335952848722986
0
0.5
0
0
0
0.4
0
0
0
1
0
0.811355311355311
0
0.5
1
0
0
0
0
0
0
0
0.666666666666667
0
0
0.666666666666667
0
0
0
0.037037037037037
0.975609756097561
0
0
0
1
0.5
0
0.245098039215686
0.75
0
0
0.333333333333333
1
0
0
0
1
0
0
0
0
0
0.5
0
0
0
0
0.833333333333333
0
0.0588235294117647
0.833333333333333
0
0
0
1
0
0.0140845070422535
0
0.785714285714286
0
0
1
1
0
0
0
0
0
0.5
0
0
0.909090909090909
0.153846153846154
0
0.222222222222222
0.5
1
0
0.166666666666667
0
0
0
0
0
0.866666666666667
0
0
0
0
0
0
0
0
0
0
0
0.333333333333333
0
0.11038961038961
0
0
0
0.2
0
0
0
0.8
0
0.125
0
0.857142857142857
0
0
0.333333333333333
0
0.142857142857143
0
0.333333333333333
1
0
0
0.730769230769231
0
0
0
0.833333333333333
1
0.111111111111111
0
0
0
0.5
0
0
0.857142857142857
0.214285714285714
0
0
0
0.5
0
0
0.666666666666667
0
0
0.9
0.5
0
0
1
0
0
0
0
0
0
0
0.5
0
0
0
0
0
0
0
0.842105263157895
0
0
0
0.5
0
0
0
0.75
0
1
0
0
0
0
0
1
0
0
0
0
0
1
0.805722891566265
0.666666666666667
0
0
0
0
0
0.166666666666667
0
0
0.3125
0
0
0
0
0
0
0
0
0.5
0
0
0
0
0
0
0
0
0
0
0.666666666666667
0
0
0
0.5
0
0
0.822222222222222
0
0.702227432590856
0.626865671641791
0.333333333333333
0
1
0
0
0
0
0
0
0
0
0
0.6
0
0
1
0.8
0
0.25
0
1
0
0
1
0
0
0
0
0
0.148514851485149
0
0
0
0
0.5
0
0
0
0
0
0
0
0.0738636363636364
0.976744186046512
0.5
0
0
0
0
0.75
0
0
0
0
0
0
0
0
0
0
0
0.285714285714286
0
0
0
0
0.5
0
0.5
0
0
0
0
0
0
0
0
0.333333333333333
0
0.6
0
0
0.157894736842105
0
0
0
0
0
0
0
0
0
0.142857142857143
0
0.5
0
0
1
0
0.666666666666667
0.5
0.75
0
1
0
0
0
0
0.5
0
0
0
0.5
0
0
0
0
0
0.2
0
0
0
0.857142857142857
0
0
0
0
0
0.5
0
0
0
0
0
0
0.666666666666667
0
0.0714285714285714
1
0
0
0
0
0
0
0
0
0
0.75
0.714285714285714
0
1
0
0
0
0
0
0.666666666666667
0.928571428571429
0.5
0
0
0
0
0
0
0.5
0
1
0.892018779342723
0
0
1
0.375
0
0.75
0
0
0
0.4
0
0
0
0
0.333333333333333
0
0.8
0
0
0
0
0.7
0.875
0
0
0
0.75
0
0
0
0
0
0.5
1
0
0
1
0.81941309255079
0
0.5
0.862745098039216
0.833333333333333
1
0
0
0
0
0
0.941176470588235
0.0625
0
0
1
0.5
0
0
0
0
0
0
0
0
0
0.333333333333333
0
0
0
0
0
0.75
0
0.181818181818182
0
0
0
0
0.5
0.666666666666667
0
0
0.801020408163265
0
0
0
0.173913043478261
0
0
0
0.333333333333333
0
0
0
0
0
0
0.6
0
0.545454545454545
0
0.666666666666667
0
1
0
0
0
0.5
0
1
0
0
0
0
0.5
0
0
0.760942760942761
0
0
0
0.5
0.666666666666667
0
0.5
0
0
0
0
1
0.333333333333333
0
0
0
0
0.214285714285714
0
0.6875
0
0
0
0
0
0.5
0
0
0.25
0
0
0
0.210027100271003
0.5
0.1
0
0
0
0
0
0.833333333333333
0
0
0
0
0
0
0
0
0.5
0
0
0
0
0
0
0
0
0
0
0.666666666666667
0
0
0.666666666666667
0
0.888888888888889
0
1
0
0.666666666666667
0
0
0
0.666666666666667
0
0
0
0
0
0
0
0
0
0
0
0
0
0
0
0
0
0
0
0
0
0
0.5
0
1
0
0
0.976744186046512
0
0
0
0
0
0
0
0
0
0
0
0
0
0
0
0
0
0
0.647058823529412
0
0
0.5
0
0
0
1
0
0.666666666666667
0
0
0.333333333333333
0.782608695652174
0
0
0
0
1
0
0
0.5
0
0
0
0
0
0
