0
0
0
0
0
0
0.333333333333333
0
0
0.5
0
0
0.428571428571429
0
0.5
0
0
0
0.4
0
0
0
1
0
0
0
0.5
1
0
0
0
0
0
0
0
0.666666666666667
0
0
0.666666666666667
0
0
0
0.5
0
0
0
0
1
0.5
0
0
0.75
0
0
0.333333333333333
1
0
0
0
1
0
0
0
0
0
0.5
0
0
0
0
0.833333333333333
0
0
0.833333333333333
0
0
0
1
0
0
0
0.785714285714286
0
0
1
1
0
0
0
0
0
0.5
0
0
0.909090909090909
0.166666666666667
0
0
0.5
1
0
0.25
0
0
0
0
0
0.866666666666667
0
0
0
0
0
0
0
0
0
0
0
0.333333333333333
0
0
0
0
0
0.2
0
0
0
0.8
0
0.125
0
0
0
0
0.333333333333333
0
0.5
0
0.25
1
0
0
0.730769230769231
0
0
0
0.833333333333333
1
0
0
0
0
0.5
0
0
0.857142857142857
0.214285714285714
0
0
0
0.5
0
0
1
0
0
0.9
0.5
0
0
1
0
0
0
0
0
0
0
0.5
0
0
0
0
0
0
0
0.842105263157895
0
0
0
0.5
0
0
0
0.75
0
1
0
0
0
0
0
1
0
0
0
0
0
1
0.5
0.666666666666667
0
0
0
0
0
0.166666666666667
0
0
0
0
0
0
0
0
0
0
0
0.5
0
0
0
0
0
0
0
0
0
0
0.666666666666667
0
0
0
0.5
0
0
0.850574712643678
0
0
0.626865671641791
0.333333333333333
0
1
0
0
0
0
0
0
0
0
0
0.6
0
0
1
0.5
0
0
0
1
0
0
1
0
0
0
0
0
0
0
0
0
0
0.5
0
0
0
0
0
0
0
0
1
0.5
0
0
0
0
0.75
0
0
0
0
0
0
0
0
0
0
0
0.166666666666667
0
0
0
0
0.5
0
0.5
0
0
0
0
0
0
0
0
0.333333333333333
0
0.6
0
0
0.157894736842105
0
0
0
0
0
0
0
0
0
0.142857142857143
0
0.5
0
0
1
0
0.666666666666667
0.5
0
0
1
0
0
0
0
0.5
0
0
0
0
0
0
0
0
0
0.2
0
0
0
0.857142857142857
0
0
0
0
0
0.5
0
0
0
0
0
0
0.666666666666667
0
0.0714285714285714
1
0
0
0
0
0
0
0
0
0
1
0.714285714285714
0
1
0
0
0
0
0
0.666666666666667
0.928571428571429
0
0
0
0
0
0
0
1
0
1
0
0
0
1
0
0
0.75
0
0
0
0.4
0
0
0
0
0.333333333333333
0
0.333333333333333
0
0
0
0
0.7
0
0
0
0
0.75
0
0
0
0
0
0
1
0
0
1
0
0
0.5
0
0.833333333333333
1
0
0
0
0
0
0.941176470588235
0.0625
0
0
1
0.5
0
0
0
0
0
0
0
0
0
0.333333333333333
0
0
0
0
0
0.75
0
0.125
0
0
0
0
0.5
0.666666666666667
0
0
0
0
0
0
0.166666666666667
0
0
0
0.333333333333333
0
0
0
0
0
0
0.5
0
0
0
0
0
1
0
0
0
0.5
0
1
0
0
0
0
0.5
0
0
0.5
0
0
0
0.5
0.666666666666667
0
0.5
0
0
0
0
1
0.333333333333333
0
0
0
0
0.375
0
0
0
0
0
0
0
0.5
0
0
0
0
0
0
0.4
0.5
0
0
0
0
0
0
0.833333333333333
0
0
0
0
0
0
0
0
0.5
0
0
0
0
0
0
0
0
0
0
0.666666666666667
0
0
0.666666666666667
0
0.888888888888889
0
1
0
0.666666666666667
0
0
0
0.666666666666667
0
0
0
0
0
0
0
0
0
0
0
0
0
0
0
0
0
0
0
0
0
0
0
0
1
0
0
0.976744186046512
0
0
0
0
0
0
0
0
0
0
0
0
0
0
0
0
0
0
0
0
0
0.5
0
0
0
1
0
0.666666666666667
0
0
0
0
0
0
0
0
1
0
0
0.5
0
0
0
0
0
0
