1
1
2
1
1
9
3
1
1
2
1
63
509
1
2
1
2
1
5
1
1
2
4
1
546
1
4
1
6
4
1
1
1
1
1
3
1
1
3
1
1
3
27
123
1
1
1
1
2
3
102
4
1
1
6
1
1
1
1
1
1
1
1
1
1
2
1
2
2
1
6
1
34
6
1
1
2
2
3
213
5
14
1
1
1
1
1
1
3
1
1
2
1
11
11
13
2
9
10
3
4
12
7
1
1
1
1
15
1
1
1
3
1
1
2
1
1
1
2
3
1
154
1
1
1
5
1
2
1
5
2
8
1
14
1
1
3
1
14
1
6
1
1
1
26
1
1
1
6
4
9
1
1
1
2
1
1
7
14
1
1
2
2
1
2
3
1
7
30
2
1
3
2
1
1
1
1
2
1
1
2
1
5
1
15
1
1
2
19
1
1
1
2
1
1
1
8
7
3
1
1
1
1
1
1
2
1
1
2
20
2
1328
3
1
1
1
1
1
6
1
1
32
3
1
2
1
1
1
1
1
2
1
2
1
1
1
2
1
1
1
1
3
1
2
1
4
21
1
90
1
853
67
3
1
1
1
1
1
2
1
1
1
1
1
10
1
1
1
5
1
8
1
1
1
1
1
1
4
1
1
1
202
1
1
1
1
2
2
1
1
2
1
1
1
176
43
2
2
1
5
1
8
1
1
1
1
2
5
1
1
1
1
1
7
16
26
1
1
2
4
2
1
1
2
8
1
3
1
1
3
1
5
1
1
57
1
1
1
2
1
1
1
1
1
14
2
2
1
1
1
2
3
2
4
1
2
1
1
1
2
2
1
1
1
2
1
1
1
1
1
5
1
1
1
7
1
1
1
1
1
2
1
1
1
1
8
2
3
1
14
1
3
3
3
1
2
1
1
1
1
4
7
5
1
1
1
2
2
1
3
14
2
1
2
1
2
1
1
2
1
2
213
1
1
1
8
1
4
1
1
1
5
2
1
1
1
3
2
45
1
1
1
1
10
32
2
1
1
4
1
1
1
1
1
2
1
2
1
1
443
11
2
102
6
3
3
3
1
1
1
17
16
1
1
1
6
1
1
1
2
1
1
1
1
1
3
1
1
1
1
1
4
2
11
2
1
1
1
2
3
1
1
980
1
23
8
23
1
2
1
3
1
1
1
2
1
1
5
1
11
2
3
2
1
1
26
1
2
1
1
4
3
1
1
2
1
1
297
1
1
1
2
3
1
2
1
1
1
1
1
3
1
5
1
1
14
1
32
1
1
1
3
1
2
1
1
4
1
5
1
738
2
10
2
1
1
2
6
6
1
1
1
1
2
1
1
1
2
1
1
1
1
1
1
1
1
6
17
3
1
1
3
1
9
3
1
1
3
1
2
1
3
3
1
2
1
1
1
1
1
1
1
1
1
1
3
204
1
1
2
2
1
1
1
2
1
1
1
30
43
1
1
1
1
1
1
1
1
1
1
1
4
3
1
1
1
1
1
17
1
1
2
1
1
1
1
1
3
1
1
3
23
1
1
4
1
1
1
1
2
13
1
1
1
2
1
