clusterTimeSimilarity_0.5.txt
clusterHashTagSimilarity.txt
clusterNameEntitySetSimilarity.txt

0.0 0.0 1.0 686: 0.918587
0.0 0.1 0.9 686: 0.919312
0.0 0.2 0.8 686: 0.929039
0.0 0.3 0.7 686: 0.930158
0.0 0.4 0.6 686: 0.932348
0.0 0.5 0.5 686: 0.933534
0.0 0.6 0.4 686: 0.934400
0.0 0.7 0.3 686: 0.936048
0.0 0.8 0.2 686: 0.936162
0.0 0.9 0.1 686: 0.934038
0.0 1.0 0.0 686: 0.881737
0.1 0.0 0.9 686: 0.922019
0.1 0.1 0.8 686: 0.928339
0.1 0.2 0.7 686: 0.932196
0.1 0.3 0.6 686: 0.933577
0.1 0.4 0.5 686: 0.936692
0.1 0.5 0.4 686: 0.936948
0.1 0.6 0.3 686: 0.939709
0.1 0.7 0.2 686: 0.941094
0.1 0.8 0.1 686: 0.943038
0.1 0.9 0.0 686: 0.938418
0.2 0.0 0.8 686: 0.927067
0.2 0.1 0.7 686: 0.932073
0.2 0.2 0.6 686: 0.934694
0.2 0.3 0.5 686: 0.937928
0.2 0.4 0.4 686: 0.941555
0.2 0.5 0.3 686: 0.943642
0.2 0.6 0.2 686: 0.943992
0.2 0.7 0.1 686: 0.943822
0.2 0.8 0.0 686: 0.939855
0.3 0.0 0.7 686: 0.932805
0.3 0.1 0.6 686: 0.937196
0.3 0.2 0.5 686: 0.940329
0.3 0.3 0.4 686: 0.941469
0.3 0.4 0.3 686: 0.943075
0.3 0.5 0.2 686: 0.944720
0.3 0.6 0.1 686: 0.943401
0.3 0.7 -0.0 686: 0.940698
0.4 0.0 0.6 686: 0.935346
0.4 0.1 0.5 686: 0.938963
0.4 0.2 0.4 686: 0.942290
0.4 0.3 0.3 686: 0.944240
0.4 0.4 0.2 686: 0.943319
0.4 0.5 0.1 686: 0.940879
0.4 0.6 -0.0 686: 0.939064
0.5 0.0 0.5 686: 0.937360
0.5 0.1 0.4 686: 0.940987
0.5 0.2 0.3 686: 0.942034
0.5 0.3 0.2 686: 0.940942
0.5 0.4 0.1 686: 0.940135
0.5 0.5 0.0 686: 0.938358
0.6 0.0 0.4 686: 0.937909
0.6 0.1 0.3 686: 0.938811
0.6 0.2 0.2 686: 0.939660
0.6 0.3 0.1 686: 0.938950
0.6 0.4 -0.0 686: 0.937253
0.7 0.0 0.3 686: 0.936334
0.7 0.1 0.2 686: 0.936830
0.7 0.2 0.1 686: 0.937184
0.7 0.3 -0.0 686: 0.935714
0.8 0.0 0.2 686: 0.934699
0.8 0.1 0.1 686: 0.935203
0.8 0.2 -0.0 686: 0.934785
0.9 0.0 0.1 686: 0.932914
0.9 0.1 -0.0 686: 0.933463
1.0 0.0 0.0 686: 0.930149

Max NMI:
0.3 0.5 0.2 686: 0.944720
