clusterTimeSimilarity_0.5.txt
clusterHashTagSimilarity.txt
clusterNameEntitySetSimilarity.txt

0.0 0.0 1.0 686: 0.708117
0.0 0.1 0.9 686: 0.780156
0.0 0.2 0.8 686: 0.781591
0.0 0.3 0.7 686: 0.781796
0.0 0.4 0.6 686: 0.778801
0.0 0.5 0.5 686: 0.778884
0.0 0.6 0.4 686: 0.781144
0.0 0.7 0.3 686: 0.781740
0.0 0.8 0.2 686: 0.781498
0.0 0.9 0.1 686: 0.781740
0.0 1.0 0.0 686: 0.518504
0.1 0.0 0.9 686: 0.930304
0.1 0.1 0.8 686: 0.928696
0.1 0.2 0.7 686: 0.926955
0.1 0.3 0.6 686: 0.928175
0.1 0.4 0.5 686: 0.929322
0.1 0.5 0.4 686: 0.930255
0.1 0.6 0.3 686: 0.927786
0.1 0.7 0.2 686: 0.925706
0.1 0.8 0.1 686: 0.926351
0.1 0.9 0.0 686: 0.930821
0.2 0.0 0.8 686: 0.929388
0.2 0.1 0.7 686: 0.928153
0.2 0.2 0.6 686: 0.928901
0.2 0.3 0.5 686: 0.928979
0.2 0.4 0.4 686: 0.927324
0.2 0.5 0.3 686: 0.925735
0.2 0.6 0.2 686: 0.925698
0.2 0.7 0.1 686: 0.927292
0.2 0.8 0.0 686: 0.929206
0.3 0.0 0.7 686: 0.927356
0.3 0.1 0.6 686: 0.927090
0.3 0.2 0.5 686: 0.926674
0.3 0.3 0.4 686: 0.926793
0.3 0.4 0.3 686: 0.925809
0.3 0.5 0.2 686: 0.925791
0.3 0.6 0.1 686: 0.927381
0.3 0.7 -0.0 686: 0.928025
0.4 0.0 0.6 686: 0.927425
0.4 0.1 0.5 686: 0.926304
0.4 0.2 0.4 686: 0.925534
0.4 0.3 0.3 686: 0.926555
0.4 0.4 0.2 686: 0.926483
0.4 0.5 0.1 686: 0.926693
0.4 0.6 -0.0 686: 0.927536
0.5 0.0 0.5 686: 0.929349
0.5 0.1 0.4 686: 0.927611
0.5 0.2 0.3 686: 0.926780
0.5 0.3 0.2 686: 0.926519
0.5 0.4 0.1 686: 0.926931
0.5 0.5 0.0 686: 0.927654
0.6 0.0 0.4 686: 0.925865
0.6 0.1 0.3 686: 0.930157
0.6 0.2 0.2 686: 0.926443
0.6 0.3 0.1 686: 0.925944
0.6 0.4 -0.0 686: 0.928453
0.7 0.0 0.3 686: 0.926465
0.7 0.1 0.2 686: 0.928509
0.7 0.2 0.1 686: 0.928454
0.7 0.3 -0.0 686: 0.929124
0.8 0.0 0.2 686: 0.929093
0.8 0.1 0.1 686: 0.927830
0.8 0.2 -0.0 686: 0.929506
0.9 0.0 0.1 686: 0.927386
0.9 0.1 -0.0 686: 0.927194
1.0 0.0 0.0 686: 0.928826

Max NMI:
0.1 0.9 0.0 686: 0.930821
