clusterTimeSimilarity_0.5.txt
clusterHashTagSimilarity.txt
clusterNameEntitySetSimilarity.txt

0.0 0.0 1.0 686: 0.925507
0.0 0.1 0.9 686: 0.932621
0.0 0.2 0.8 686: 0.933532
0.0 0.3 0.7 686: 0.934976
0.0 0.4 0.6 686: 0.936051
0.0 0.5 0.5 686: 0.936892
0.0 0.6 0.4 686: 0.937526
0.0 0.7 0.3 686: 0.937330
0.0 0.8 0.2 686: 0.938771
0.0 0.9 0.1 686: 0.938185
0.0 1.0 0.0 686: 0.889841
0.1 0.0 0.9 686: 0.929238
0.1 0.1 0.8 686: 0.933601
0.1 0.2 0.7 686: 0.936158
0.1 0.3 0.6 686: 0.937605
0.1 0.4 0.5 686: 0.938285
0.1 0.5 0.4 686: 0.939667
0.1 0.6 0.3 686: 0.940862
0.1 0.7 0.2 686: 0.941917
0.1 0.8 0.1 686: 0.943765
0.1 0.9 0.0 686: 0.939057
0.2 0.0 0.8 686: 0.933538
0.2 0.1 0.7 686: 0.937000
0.2 0.2 0.6 686: 0.938088
0.2 0.3 0.5 686: 0.940009
0.2 0.4 0.4 686: 0.940910
0.2 0.5 0.3 686: 0.943639
0.2 0.6 0.2 686: 0.944411
0.2 0.7 0.1 686: 0.943499
0.2 0.8 0.0 686: 0.939371
0.3 0.0 0.7 686: 0.935182
0.3 0.1 0.6 686: 0.938201
0.3 0.2 0.5 686: 0.940179
0.3 0.3 0.4 686: 0.942657
0.3 0.4 0.3 686: 0.944189
0.3 0.5 0.2 686: 0.943645
0.3 0.6 0.1 686: 0.941652
0.3 0.7 -0.0 686: 0.939704
0.4 0.0 0.6 686: 0.937057
0.4 0.1 0.5 686: 0.940615
0.4 0.2 0.4 686: 0.942770
0.4 0.3 0.3 686: 0.942232
0.4 0.4 0.2 686: 0.942067
0.4 0.5 0.1 686: 0.941412
0.4 0.6 -0.0 686: 0.939019
0.5 0.0 0.5 686: 0.939491
0.5 0.1 0.4 686: 0.941436
0.5 0.2 0.3 686: 0.941076
0.5 0.3 0.2 686: 0.940705
0.5 0.4 0.1 686: 0.939379
0.5 0.5 0.0 686: 0.938080
0.6 0.0 0.4 686: 0.938453
0.6 0.1 0.3 686: 0.939170
0.6 0.2 0.2 686: 0.938892
0.6 0.3 0.1 686: 0.938380
0.6 0.4 -0.0 686: 0.937055
0.7 0.0 0.3 686: 0.936915
0.7 0.1 0.2 686: 0.937604
0.7 0.2 0.1 686: 0.936797
0.7 0.3 -0.0 686: 0.936030
0.8 0.0 0.2 686: 0.935619
0.8 0.1 0.1 686: 0.935515
0.8 0.2 -0.0 686: 0.934870
0.9 0.0 0.1 686: 0.934103
0.9 0.1 -0.0 686: 0.933938
1.0 0.0 0.0 686: 0.930914

Max NMI:
0.2 0.6 0.2 686: 0.944411
