clusterTimeSimilarity_0.5.txt
clusterHashTagSimilarity.txt
clusterNameEntitySetSimilarity.txt

0.0 0.0 1.0 686: 0.691607
0.0 0.1 0.9 686: 0.731642
0.0 0.2 0.8 686: 0.736652
0.0 0.3 0.7 686: 0.731770
0.0 0.4 0.6 686: 0.732670
0.0 0.5 0.5 686: 0.729444
0.0 0.6 0.4 686: 0.721783
0.0 0.7 0.3 686: 0.720072
0.0 0.8 0.2 686: 0.725293
0.0 0.9 0.1 686: 0.711208
0.0 1.0 0.0 686: 0.510580
0.1 0.0 0.9 686: 0.888584
0.1 0.1 0.8 686: 0.877559
0.1 0.2 0.7 686: 0.877924
0.1 0.3 0.6 686: 0.874191
0.1 0.4 0.5 686: 0.864953
0.1 0.5 0.4 686: 0.876581
0.1 0.6 0.3 686: 0.868339
0.1 0.7 0.2 686: 0.865248
0.1 0.8 0.1 686: 0.864365
0.1 0.9 0.0 686: 0.870193
0.2 0.0 0.8 686: 0.878168
0.2 0.1 0.7 686: 0.870155
0.2 0.2 0.6 686: 0.863747
0.2 0.3 0.5 686: 0.861312
0.2 0.4 0.4 686: 0.858877
0.2 0.5 0.3 686: 0.856764
0.2 0.6 0.2 686: 0.844162
0.2 0.7 0.1 686: 0.849052
0.2 0.8 0.0 686: 0.853926
0.3 0.0 0.7 686: 0.866884
0.3 0.1 0.6 686: 0.858888
0.3 0.2 0.5 686: 0.857099
0.3 0.3 0.4 686: 0.858771
0.3 0.4 0.3 686: 0.850288
0.3 0.5 0.2 686: 0.839216
0.3 0.6 0.1 686: 0.838298
0.3 0.7 -0.0 686: 0.842934
0.4 0.0 0.6 686: 0.863779
0.4 0.1 0.5 686: 0.857506
0.4 0.2 0.4 686: 0.845913
0.4 0.3 0.3 686: 0.844321
0.4 0.4 0.2 686: 0.843313
0.4 0.5 0.1 686: 0.834612
0.4 0.6 -0.0 686: 0.837999
0.5 0.0 0.5 686: 0.861450
0.5 0.1 0.4 686: 0.847772
0.5 0.2 0.3 686: 0.836417
0.5 0.3 0.2 686: 0.842770
0.5 0.4 0.1 686: 0.835728
0.5 0.5 0.0 686: 0.840944
0.6 0.0 0.4 686: 0.857328
0.6 0.1 0.3 686: 0.842782
0.6 0.2 0.2 686: 0.847291
0.6 0.3 0.1 686: 0.837318
0.6 0.4 -0.0 686: 0.843973
0.7 0.0 0.3 686: 0.847607
0.7 0.1 0.2 686: 0.853147
0.7 0.2 0.1 686: 0.840258
0.7 0.3 -0.0 686: 0.840875
0.8 0.0 0.2 686: 0.842818
0.8 0.1 0.1 686: 0.850690
0.8 0.2 -0.0 686: 0.844193
0.9 0.0 0.1 686: 0.842758
0.9 0.1 -0.0 686: 0.852497
1.0 0.0 0.0 686: 0.850958

Max NMI:
0.1 0.0 0.9 686: 0.888584
