clusterTimeSimilarity_0.5.txt
clusterHashTagSimilarity.txt
clusterNameEntitySetSimilarity.txt

0.0 0.0 1.0 686: 0.918981
0.0 0.1 0.9 686: 0.921706
0.0 0.2 0.8 686: 0.928778
0.0 0.3 0.7 686: 0.929610
0.0 0.4 0.6 686: 0.930944
0.0 0.5 0.5 686: 0.933502
0.0 0.6 0.4 686: 0.933837
0.0 0.7 0.3 686: 0.935986
0.0 0.8 0.2 686: 0.935769
0.0 0.9 0.1 686: 0.934555
0.0 1.0 0.0 686: 0.881737
0.1 0.0 0.9 686: 0.920483
0.1 0.1 0.8 686: 0.927163
0.1 0.2 0.7 686: 0.930618
0.1 0.3 0.6 686: 0.931610
0.1 0.4 0.5 686: 0.934937
0.1 0.5 0.4 686: 0.935927
0.1 0.6 0.3 686: 0.938427
0.1 0.7 0.2 686: 0.940314
0.1 0.8 0.1 686: 0.944331
0.1 0.9 0.0 686: 0.938940
0.2 0.0 0.8 686: 0.925582
0.2 0.1 0.7 686: 0.929316
0.2 0.2 0.6 686: 0.933120
0.2 0.3 0.5 686: 0.934693
0.2 0.4 0.4 686: 0.939896
0.2 0.5 0.3 686: 0.943460
0.2 0.6 0.2 686: 0.945208
0.2 0.7 0.1 686: 0.943984
0.2 0.8 0.0 686: 0.939761
0.3 0.0 0.7 686: 0.929668
0.3 0.1 0.6 686: 0.935016
0.3 0.2 0.5 686: 0.939864
0.3 0.3 0.4 686: 0.941017
0.3 0.4 0.3 686: 0.945464
0.3 0.5 0.2 686: 0.944948
0.3 0.6 0.1 686: 0.944047
0.3 0.7 -0.0 686: 0.940473
0.4 0.0 0.6 686: 0.935315
0.4 0.1 0.5 686: 0.938801
0.4 0.2 0.4 686: 0.942346
0.4 0.3 0.3 686: 0.944395
0.4 0.4 0.2 686: 0.943183
0.4 0.5 0.1 686: 0.942831
0.4 0.6 -0.0 686: 0.939920
0.5 0.0 0.5 686: 0.937947
0.5 0.1 0.4 686: 0.941118
0.5 0.2 0.3 686: 0.941686
0.5 0.3 0.2 686: 0.941850
0.5 0.4 0.1 686: 0.940135
0.5 0.5 0.0 686: 0.938221
0.6 0.0 0.4 686: 0.938291
0.6 0.1 0.3 686: 0.938811
0.6 0.2 0.2 686: 0.939660
0.6 0.3 0.1 686: 0.939110
0.6 0.4 -0.0 686: 0.937679
0.7 0.0 0.3 686: 0.936334
0.7 0.1 0.2 686: 0.937409
0.7 0.2 0.1 686: 0.937184
0.7 0.3 -0.0 686: 0.935714
0.8 0.0 0.2 686: 0.934699
0.8 0.1 0.1 686: 0.935827
0.8 0.2 -0.0 686: 0.934785
0.9 0.0 0.1 686: 0.932914
0.9 0.1 -0.0 686: 0.933463
1.0 0.0 0.0 686: 0.930149

Max NMI:
0.3 0.4 0.3 686: 0.945464
