clusterTimeSimilarity_0.5.txt
clusterHashTagSimilarity.txt
clusterNameEntitySetSimilarity.txt

0.0 0.0 1.0 686: 0.887682
0.0 0.1 0.9 686: 0.887682
0.0 0.2 0.8 686: 0.887760
0.0 0.3 0.7 686: 0.897992
0.0 0.4 0.6 686: 0.897992
0.0 0.5 0.5 686: 0.894282
0.0 0.6 0.4 686: 0.894393
0.0 0.7 0.3 686: 0.899636
0.0 0.8 0.2 686: 0.901545
0.0 0.9 0.1 686: 0.902210
0.0 1.0 0.0 686: 0.869456
0.1 0.0 0.9 686: 0.888950
0.1 0.1 0.8 686: 0.888795
0.1 0.2 0.7 686: 0.901170
0.1 0.3 0.6 686: 0.898468
0.1 0.4 0.5 686: 0.899218
0.1 0.5 0.4 686: 0.903230
0.1 0.6 0.3 686: 0.920962
0.1 0.7 0.2 686: 0.921793
0.1 0.8 0.1 686: 0.914347
0.1 0.9 0.0 686: 0.924447
0.2 0.0 0.8 686: 0.885950
0.2 0.1 0.7 686: 0.891478
0.2 0.2 0.6 686: 0.901983
0.2 0.3 0.5 686: 0.905278
0.2 0.4 0.4 686: 0.906525
0.2 0.5 0.3 686: 0.911390
0.2 0.6 0.2 686: 0.911253
0.2 0.7 0.1 686: 0.935863
0.2 0.8 0.0 686: 0.931391
0.3 0.0 0.7 686: 0.887702
0.3 0.1 0.6 686: 0.898018
0.3 0.2 0.5 686: 0.904390
0.3 0.3 0.4 686: 0.913092
0.3 0.4 0.3 686: 0.916035
0.3 0.5 0.2 686: 0.936736
0.3 0.6 0.1 686: 0.935618
0.3 0.7 -0.0 686: 0.933236
0.4 0.0 0.6 686: 0.902985
0.4 0.1 0.5 686: 0.907773
0.4 0.2 0.4 686: 0.920915
0.4 0.3 0.3 686: 0.936780
0.4 0.4 0.2 686: 0.937539
0.4 0.5 0.1 686: 0.937060
0.4 0.6 -0.0 686: 0.934290
0.5 0.0 0.5 686: 0.919102
0.5 0.1 0.4 686: 0.933210
0.5 0.2 0.3 686: 0.935212
0.5 0.3 0.2 686: 0.934343
0.5 0.4 0.1 686: 0.936352
0.5 0.5 0.0 686: 0.934675
0.6 0.0 0.4 686: 0.931170
0.6 0.1 0.3 686: 0.932797
0.6 0.2 0.2 686: 0.932899
0.6 0.3 0.1 686: 0.934861
0.6 0.4 -0.0 686: 0.934767
0.7 0.0 0.3 686: 0.930988
0.7 0.1 0.2 686: 0.931709
0.7 0.2 0.1 686: 0.932752
0.7 0.3 -0.0 686: 0.933275
0.8 0.0 0.2 686: 0.931224
0.8 0.1 0.1 686: 0.931866
0.8 0.2 -0.0 686: 0.931321
0.9 0.0 0.1 686: 0.930632
0.9 0.1 -0.0 686: 0.929666
1.0 0.0 0.0 686: 0.928255

Max NMI:
0.4 0.4 0.2 686: 0.937539
