clusterTimeSimilarity_0.5.txt
clusterHashTagSimilarity.txt
clusterNameEntitySetSimilarity.txt

0.0 0.0 1.0 686: 0.907407
0.0 0.1 0.9 686: 0.902738
0.0 0.2 0.8 686: 0.908436
0.0 0.3 0.7 686: 0.912884
0.0 0.4 0.6 686: 0.900561
0.0 0.5 0.5 686: 0.900640
0.0 0.6 0.4 686: 0.901067
0.0 0.7 0.3 686: 0.913517
0.0 0.8 0.2 686: 0.909739
0.0 0.9 0.1 686: 0.891433
0.0 1.0 0.0 686: 0.899285
0.1 0.0 0.9 686: 0.927439
0.1 0.1 0.8 686: 0.919892
0.1 0.2 0.7 686: 0.921295
0.1 0.3 0.6 686: 0.919065
0.1 0.4 0.5 686: 0.918523
0.1 0.5 0.4 686: 0.919143
0.1 0.6 0.3 686: 0.918114
0.1 0.7 0.2 686: 0.919241
0.1 0.8 0.1 686: 0.921380
0.1 0.9 0.0 686: 0.929289
0.2 0.0 0.8 686: 0.927590
0.2 0.1 0.7 686: 0.920253
0.2 0.2 0.6 686: 0.921244
0.2 0.3 0.5 686: 0.920722
0.2 0.4 0.4 686: 0.919145
0.2 0.5 0.3 686: 0.918841
0.2 0.6 0.2 686: 0.920337
0.2 0.7 0.1 686: 0.922249
0.2 0.8 0.0 686: 0.929289
0.3 0.0 0.7 686: 0.927785
0.3 0.1 0.6 686: 0.919603
0.3 0.2 0.5 686: 0.921315
0.3 0.3 0.4 686: 0.919998
0.3 0.4 0.3 686: 0.919031
0.3 0.5 0.2 686: 0.921215
0.3 0.6 0.1 686: 0.922247
0.3 0.7 -0.0 686: 0.929289
0.4 0.0 0.6 686: 0.927336
0.4 0.1 0.5 686: 0.922937
0.4 0.2 0.4 686: 0.920080
0.4 0.3 0.3 686: 0.918980
0.4 0.4 0.2 686: 0.920281
0.4 0.5 0.1 686: 0.922576
0.4 0.6 -0.0 686: 0.929282
0.5 0.0 0.5 686: 0.927313
0.5 0.1 0.4 686: 0.922533
0.5 0.2 0.3 686: 0.922025
0.5 0.3 0.2 686: 0.919923
0.5 0.4 0.1 686: 0.922973
0.5 0.5 0.0 686: 0.929704
0.6 0.0 0.4 686: 0.927657
0.6 0.1 0.3 686: 0.923393
0.6 0.2 0.2 686: 0.922463
0.6 0.3 0.1 686: 0.923313
0.6 0.4 -0.0 686: 0.929882
0.7 0.0 0.3 686: 0.927199
0.7 0.1 0.2 686: 0.924050
0.7 0.2 0.1 686: 0.924088
0.7 0.3 -0.0 686: 0.929710
0.8 0.0 0.2 686: 0.926691
0.8 0.1 0.1 686: 0.927691
0.8 0.2 -0.0 686: 0.929718
0.9 0.0 0.1 686: 0.927488
0.9 0.1 -0.0 686: 0.930152
1.0 0.0 0.0 686: 0.931328

Max NMI:
1.0 0.0 0.0 686: 0.931328
