0 0 0


1 0 0


2 0 0


3 0 0


4 0 0


5 0 0


6 1 1
9489494 

7 3 4
1963234 13969254 14344035 

8 0 4


9 0 4


10 1 5
3545767 

11 0 5


12 0 5


13 0 5


14 89 94
114938 308951 575973 632574 1047504 1203756 1594899 1996101 2302164 2378009 2457751 2559632 2641972 2743058 2911100 2955658 3234840 3727399 3891226 3903442 4129661 4796740 4908316 4954990 5220249 5469318 5481120 5620483 5668792 5675874 5872332 6409100 6563783 6599616 6738805 6944875 6968429 7162313 7247427 7275379 7503345 7575172 7851108 7979582 8292414 8400683 8429984 8557699 8632097 8731324 8799502 9031454 9267155 9354801 9371944 9379273 9464914 9546906 9720260 9952232 10124637 10280779 10435414 10562848 10617158 10824039 10925981 10983659 11083259 11280675 11366760 11387175 11517346 11556817 11567754 11615504 11619235 11647830 11695177 11721650 11738302 11903488 11941840 12060335 12367833 12481706 12608349 12642190 12650648 

15 0 94


16 0 94


17 0 94


18 0 94


19 0 94


20 26 120
133041 294113 986982 1392211 1986207 2645703 2814716 3056851 3154792 3400274 4176069 4892704 4901099 6947902 7789400 9250057 9452760 9973196 9988397 10174862 10691194 11536801 11616584 11883822 12249238 12262730 

21 0 120


22 0 120


23 0 120


24 0 120


25 0 120


26 0 120


27 0 120


28 0 120


29 11 131
985402 2537271 2664309 3588051 7474774 9354802 9836590 10149690 11966724 13383593 15911408 

30 0 131


31 0 131


32 4 135
1173500 1660719 11263872 11573448 

33 0 135


34 2 137
1577123 11249848 

35 0 137


36 0 137


37 0 137


38 0 137


39 0 137


40 1 138
13376403 

41 1 139
10409035 

42 0 139


43 0 139


44 0 139


45 0 139


46 0 139


47 0 139


48 0 139


49 0 139


50 0 139


51 1 140
4589591 

52 0 140


53 0 140


54 0 140


55 0 140


56 0 140


57 45 185
50502 1023529 1051888 1129225 1676479 2244027 2405276 2941558 3006082 3036942 3200120 3366903 4084424 4644978 5213221 5397050 5518574 5615629 5639405 5696395 6281971 6590494 6946930 7112451 7669026 7754759 8031260 8446550 8664424 9159817 9598899 9729699 10336149 10443746 10615190 11245281 11509053 11675919 12022915 12061526 12070564 12151672 12406776 12565790 14559082 

58 0 185


59 597 782
22835 62364 72665 94444 126878 165154 171564 178197 216972 261245 273241 312904 368935 378701 446681 498518 499052 502600 518265 520030 528818 530506 534537 579115 613541 621521 753443 766196 781925 812023 854771 902738 954649 964461 1041615 1136687 1187658 1273521 1304827 1341477 1355466 1382667 1442764 1451988 1466031 1530926 1542614 1570890 1640971 1642895 1652157 1684130 1689072 1709057 1717424 1758618 1765368 1795611 1841814 1853582 1860936 1862055 1865854 1877518 1888901 1904619 1928957 1948877 1964554 1980010 1981631 1983838 1990174 1990920 1991330 2009199 2010412 2012457 2029487 2070428 2083456 2089369 2097266 2100817 2141073 2152852 2190467 2227477 2254222 2260019 2267238 2276118 2288774 2317334 2340960 2353484 2363331 2420117 2429755 2479225 2521937 2525656 2547309 2589926 2623186 2635238 2668671 2704160 2705830 2714389 2754905 2772246 2796829 2847915 2914475 2980584 2985509 3043155 3058837 3077781 3094478 3103311 3111394 3141630 3240202 3250057 3264207 3268498 3296549 3303583 3309815 3329703 3337885 3349408 3352438 3381252 3401163 3456960 3493592 3514122 3531743 3537562 3583238 3587962 3602515 3615897 3621832 3683747 3710766 3711922 3727288 3744345 3766714 3852866 3884335 3903543 3920685 3930191 3958024 3964608 3979820 3992885 4004857 4018588 4033344 4034880 4039520 4054695 4057101 4057349 4058241 4078544 4085108 4100207 4110469 4111288 4112164 4132171 4160071 4170088 4196251 4197019 4206610 4207471 4214556 4215547 4241265 4249268 4283391 4286740 4290807 4295062 4339227 4388457 4529460 4532540 4580801 4587669 4639429 4685169 4694102 4719821 4728049 4743044 4793363 4796510 4828882 4869432 4870159 4920582 4967258 4972472 5031058 5060811 5141584 5171124 5218206 5268383 5274362 5291810 5300497 5329705 5393168 5401485 5413459 5446368 5447117 5448646 5452265 5467812 5516683 5533844 5538666 5571602 5615790 5646896 5649858 5710536 5720220 5734918 5752172 5787245 5788085 5799939 5816945 5826464 5843480 5848105 5868295 5872053 5881911 5917346 5936034 5962930 6000706 6011226 6031625 6033710 6038408 6067696 6088778 6110102 6136892 6140210 6146130 6147781 6154399 6172444 6180912 6197748 6325886 6360388 6389840 6400341 6426337 6426722 6449041 6449861 6461109 6479274 6495679 6504146 6542732 6549961 6575717 6589528 6595400 6606517 6618425 6640058 6643567 6706029 6706820 6790621 6810231 6821582 6834957 6853462 6867212 6875505 6890243 6890274 6945711 6951706 6971902 7000319 7044612 7044633 7046521 7058069 7061653 7086466 7086524 7110011 7175098 7230154 7254415 7300278 7350603 7401455 7414424 7419004 7419746 7465313 7491345 7510456 7581904 7606242 7606772 7637512 7642882 7657520 7665821 7673399 7704636 7707425 7752249 7818212 7858713 7866609 7897153 7952238 7959140 7982167 7989177 8002927 8005645 8013506 8056296 8067719 8077665 8114517 8119808 8139522 8141712 8164989 8203827 8211487 8235217 8257899 8378350 8429024 8432842 8468594 8538985 8551295 8554410 8598466 8617062 8655027 8678467 8692613 8698251 8702572 8741253 8781978 8797006 8806622 8816731 8861444 8871966 8878007 8918442 8943759 8960746 8962608 8981500 9009442 9013742 9021043 9048311 9089274 9101997 9183759 9200961 9201634 9207997 9222362 9223985 9254657 9299192 9308941 9309588 9319234 9341797 9377448 9391599 9403243 9436725 9436871 9459023 9462168 9498070 9510038 9516813 9526915 9543645 9592493 9638061 9651144 9652183 9742943 9753230 9754314 9772640 9779683 9786686 9824729 9864724 9883197 9892757 9909716 9921264 9931138 9931381 9955631 9983113 9991881 10038768 10069093 10070991 10080766 10080965 10112878 10117575 10143272 10145317 10189194 10191733 10210797 10213409 10214850 10221750 10231991 10234670 10238792 10250927 10268000 10279065 10291133 10294935 10306240 10338618 10354105 10374876 10381790 10388875 10390442 10390959 10409736 10416464 10417071 10427998 10537796 10559750 10569148 10605015 10630505 10636213 10640614 10654533 10661450 10689064 10723549 10738129 10755727 10760411 10764199 10769928 10785841 10792815 10800147 10800293 10811496 10826216 10830831 10863724 10869360 10881817 10881904 10882877 10892638 10894737 10897919 10923252 10956302 11005323 11006388 11010322 11019111 11042059 11053224 11079970 11083411 11085843 11091540 11100151 11141238 11148067 11149977 11188337 11204602 11222653 11252716 11266783 11273967 11279282 11408066 11451101 11518064 11560087 11566326 11571022 11590328 11592087 11620635 11625237 11633293 11666889 11695704 11704986 11722779 11750656 11772946 11787367 11793425 11808944 11821644 11832804 11833658 11868929 11870096 11882126 11913321 11942473 11965059 11986436 12001928 12005843 12038423 12102313 12114504 12128582 12168338 12181505 12185101 12189388 12212421 12220552 12221989 12248697 12251508 12251869 12272622 12278733 12292013 12293704 12303771 12303868 12305879 12344979 12353316 12362310 12366111 12389495 12393078 12406531 12432790 12463109 12470874 12506612 12523389 12594217 12595814 12616417 12620239 15733609 

60 0 782


61 0 782


62 554 1336
9144 21383 26432 31331 34046 38523 87645 96353 112029 119856 133708 140608 158413 182051 200850 231396 242798 253798 268566 272603 273077 277672 305367 338460 387730 410066 432523 436503 440812 444718 488368 501411 503635 527278 530811 531989 545246 555308 566247 613302 641130 655932 657555 678422 691145 714411 733472 749705 787103 804070 825151 834610 857981 862174 894555 905761 917222 958299 966682 968093 988521 989131 1023120 1023860 1062553 1063100 1067665 1111015 1148769 1155897 1166001 1170827 1178963 1179995 1193162 1205499 1219435 1261265 1291172 1302346 1307112 1386981 1392904 1407117 1416691 1430613 1444842 1457587 1464759 1474014 1474713 1514509 1560386 1561319 1592913 1614221 1616393 1628467 1628771 1639358 1642985 1647858 1648778 1669560 1670897 1691019 1693444 1693706 1696800 1703959 1753619 1771768 1795824 1806500 1821039 1834262 1836981 1870474 1878964 1900749 1901916 1915985 1933297 1981891 2001629 2007892 2016738 2043712 2065365 2070899 2073499 2074115 2079085 2104424 2106485 2108108 2151321 2235434 2251933 2263999 2272913 2278382 2295635 2296273 2296969 2318601 2323009 2324184 2336204 2347687 2394095 2412714 2454170 2483846 2489893 2499125 2504246 2519435 2565071 2565135 2569457 2586609 2590709 2642497 2648819 2662399 2688076 2690021 2697341 2702341 2709733 2711565 2737483 2737682 2783575 2794345 2794614 2797021 2799021 2800779 2831055 2860968 2876684 2886598 2920862 2987388 3001863 3021601 3026944 3034457 3044447 3049658 3073571 3073650 3078592 3091484 3106562 3106624 3109850 3138971 3158397 3171934 3192468 3211678 3216928 3243691 3244400 3279546 3351246 3360709 3366402 3378830 3410239 3417489 3431450 3436301 3445187 3478288 3486122 3486157 3530183 3540679 3540770 3560219 3570632 3585358 3603546 3611027 3622572 3625865 3633130 3653700 3690301 3693289 3693546 3705688 3741456 3819472 3823745 3894031 3895106 3904854 3905755 3923093 3929970 3976934 3983840 3985235 4003903 4014610 4043705 4048105 4053847 4081112 4091863 4097854 4107190 4107884 4120477 4152377 4162253 4201014 4212261 4216537 4243287 4253174 4253241 4258224 4278087 4303733 4349105 4366035 4386977 4399218 4405889 4426598 4434112 4479226 4481406 4502213 4554616 4566718 4567161 4570759 4576565 4597680 4601480 4627692 4671980 4694958 4715268 4715416 4726973 4770610 4778773 4824673 4878800 4879159 4882986 4886501 4887737 4963518 4970560 4984820 4993124 5019074 5025675 5031712 5032929 5037060 5047597 5104846 5146361 5148708 5181878 5211283 5222056 5226680 5286809 5289683 5306157 5335385 5373060 5375354 5401142 5441972 5462003 5484702 5491069 5495025 5499496 5516816 5520449 5525872 5527880 5559826 5575296 5594514 5614607 5645674 5649981 5674291 5677539 5690433 5701697 5703314 5726355 5789979 5793711 5819248 5841539 5852454 5880998 5924936 5950339 5951890 5961804 5975315 5980479 5983736 5984506 5989973 5999862 6008614 6010381 6012100 6013318 6036812 6058963 6088554 6099385 6113717 6131242 6146872 6152288 6165857 6174277 6279702 6296255 6339010 6341178 6346108 6383725 6406462 6408048 6410936 6434190 6456576 6459092 6459862 6472231 6556591 6570411 6589821 6616534 6646282 6657657 6657926 6665699 6667537 6713645 6720101 6721896 6746365 6787944 6791900 6798491 6847141 6916995 6917786 6933773 6965029 6968028 7005893 7055777 7057683 7088843 7119488 7154774 7172353 7173296 7195834 7280422 7334971 7335008 7359455 7374122 7382559 7395515 7513980 7531221 7570627 7577002 7616861 7629187 7654780 7671159 7710724 7735543 7793713 7800646 7912564 7969615 7974459 8077788 8129889 8171993 8196430 8207109 8209793 8457733 8501537 8510766 8512896 8535664 8625396 8661075 8682779 8692107 8705111 8727584 8731461 8733528 8766491 8835351 8838656 8855796 8869029 8939992 8986792 9004247 9122563 9150385 9204870 9232461 9308879 9311876 9391229 9450329 9456099 9474582 9501264 9528656 9533532 9559705 9574038 9601271 9635746 9641723 9642800 9663229 9699813 9790558 9836078 9849788 9854695 9859436 9896675 9907759 9911041 9976248 9987715 10043581 10130693 10161723 10178691 10281552 10304379 10362632 10379995 10412560 10487829 10507661 10601162 10671389 10680648 10804750 10900758 10929280 10974005 11070629 11120051 11145706 11162338 11188947 11248678 11300536 11356727 11433294 11468538 11568283 11596792 11638099 11671654 11818395 11834189 11884668 11968516 11985707 12015923 12047422 12116797 12121422 12150703 12203498 12205931 12297571 12381059 12418452 12458542 12476063 12490469 12537489 12585055 

63 0 1336


64 0 1336


65 0 1336


66 3 1339
4775890 7383679 11011353 

67 3 1342
646258 5304416 12198104 

68 0 1342


69 0 1342


70 0 1342


71 0 1342


72 0 1342


73 0 1342


74 0 1342


75 0 1342


76 0 1342


77 0 1342


78 0 1342


79 0 1342


80 0 1342


81 0 1342


82 0 1342


83 0 1342


84 8 1350
2468505 2524147 3023800 4803167 7966892 8019701 10267554 10759506 

85 0 1350


86 0 1350


87 896 2246
5497 22729 34790 46169 67756 81334 81369 82988 86566 90559 92045 111812 111928 116046 118594 125905 129801 132387 132890 145176 147678 149196 157840 159912 164426 164459 165175 168021 171625 178030 178347 185874 191172 197596 198836 199134 207827 215573 236181 251756 266141 268069 270156 281361 293557 303890 308287 310083 318082 318350 318392 325740 350975 359471 374895 381819 382363 382591 394332 394541 403378 405991 407494 407942 419513 421026 426403 432051 432703 435563 435655 437075 462734 469090 484618 492861 507450 512984 518482 519076 522448 522979 531202 533517 538516 541994 553057 556972 560816 574963 574994 577030 578647 579548 587933 600552 620626 620779 641322 641507 652348 655383 662284 667748 669620 671579 686839 703836 706606 718984 727518 731308 739797 739913 748236 754920 776366 778279 782497 783395 784780 787285 794644 799317 805279 805640 808977 810130 813688 814610 819985 823043 826198 844181 849148 853596 855004 858534 859738 875850 876195 876704 882222 893500 908923 912589 915989 927569 947789 962182 964713 975825 995943 1002574 1009172 1013130 1023770 1035863 1037175 1050873 1052205 1054567 1062963 1067436 1077072 1081030 1082728 1082850 1097508 1105889 1123187 1147012 1164663 1165728 1166621 1167877 1172082 1187660 1192629 1216230 1224924 1235342 1236414 1238935 1249637 1265889 1278121 1283028 1291688 1292819 1300808 1305398 1307902 1310215 1340917 1351041 1353502 1355451 1355608 1357594 1366863 1373270 1375822 1377509 1380522 1393421 1398214 1400057 1408307 1414824 1415125 1429165 1431814 1431902 1441717 1451528 1452855 1477250 1477288 1491660 1496511 1497118 1498295 1514166 1517189 1518549 1519652 1533681 1542282 1542307 1544339 1552804 1567757 1569080 1572731 1579917 1580019 1582746 1588261 1591619 1595293 1611134 1628845 1641046 1665152 1685492 1688038 1688961 1693605 1711367 1717062 1717334 1718840 1718920 1729172 1729278 1729867 1730304 1740062 1744242 1754690 1788881 1803954 1807991 1814056 1845556 1850748 1854661 1857915 1879324 1892906 1894947 1895586 1899357 1903854 1904249 1906406 1906553 1920678 1923824 1925052 1928803 1947836 1951334 1986305 1993034 1994747 1995035 2013534 2030705 2032750 2036811 2047631 2051364 2062563 2079364 2083493 2088675 2100085 2103015 2108089 2139286 2153778 2155769 2200364 2209094 2223922 2233665 2239643 2240981 2268440 2269779 2274108 2280023 2280026 2283570 2288847 2296738 2303500 2309331 2311188 2321544 2322660 2325109 2336140 2340452 2347919 2348331 2349762 2350742 2361805 2362845 2363769 2365582 2374666 2391132 2396894 2401381 2404333 2404788 2419555 2431867 2439978 2441583 2444899 2449366 2454909 2459566 2461482 2466594 2468528 2472179 2482679 2487136 2487771 2499498 2501025 2545099 2559643 2561118 2562762 2578480 2587312 2587920 2591345 2595190 2600806 2625434 2628685 2632966 2655882 2666601 2680609 2686402 2722861 2726807 2748609 2770756 2772601 2805544 2808614 2818078 2820875 2828758 2829979 2830475 2830812 2835730 2838335 2859914 2860032 2883619 2889592 2914180 2930498 2933902 2937580 2939905 2947369 2955956 2968413 2979779 3000926 3009070 3016053 3035009 3069243 3077382 3087999 3093106 3094804 3096465 3096767 3101570 3104103 3106246 3116571 3117221 3120330 3131382 3135010 3167446 3173595 3176369 3182646 3203987 3225391 3242131 3254924 3258838 3263350 3265133 3266787 3273705 3316465 3320393 3356113 3399790 3399915 3424322 3430143 3431071 3431724 3439124 3446338 3464809 3487922 3491109 3493482 3493990 3504653 3515331 3521267 3527374 3537502 3541676 3552895 3557967 3559647 3566967 3568483 3578673 3582037 3590410 3593615 3596411 3598891 3599153 3608126 3664161 3684581 3686604 3693015 3700621 3702233 3721011 3726755 3734096 3749526 3751467 3767892 3770822 3773206 3807356 3824850 3855327 3870344 3877238 3877304 3879087 3932185 3944513 3947678 3962614 3965266 3967710 3983463 3985324 3989036 3992182 4012622 4027181 4038747 4049275 4059439 4063833 4073214 4093428 4153898 4163471 4175612 4180598 4185847 4186079 4187637 4201001 4225109 4240123 4252264 4253392 4259697 4261721 4263024 4278381 4293847 4319483 4323990 4326045 4327476 4328922 4337319 4343047 4385700 4414735 4476699 4477563 4484890 4493667 4501895 4503128 4503606 4509411 4514305 4516191 4520206 4546649 4555148 4567222 4570864 4586971 4604573 4605477 4614277 4633596 4638344 4639556 4650982 4651001 4654135 4698611 4702853 4707649 4708289 4709123 4714491 4758038 4763649 4765835 4778308 4802631 4803044 4814831 4815036 4822939 4826352 4887901 4888954 4914024 4924647 4926851 4931401 4932720 4945643 4950884 4957114 4960763 4963327 4965534 4966270 5009299 5019449 5028967 5035678 5048169 5063163 5142740 5143739 5204074 5219021 5225794 5242159 5250115 5268543 5279808 5285003 5317013 5331633 5333402 5361496 5361727 5369728 5381678 5424758 5430744 5433572 5445177 5464090 5473059 5522256 5524797 5540737 5551651 5573233 5574774 5576701 5582680 5593308 5599701 5613995 5618481 5651005 5651618 5671767 5680055 5695211 5695720 5712828 5739873 5798961 5822945 5839098 5869672 5869833 5875829 5886666 5890572 5896212 5897217 5961387 5965999 5970344 5974426 5976635 6002830 6017683 6036179 6036374 6082835 6090118 6136402 6137621 6144549 6147665 6148870 6161285 6162047 6163076 6172287 6174753 6174884 6184623 6188518 6193897 6201569 6209642 6234919 6243236 6292181 6327811 6329741 6337248 6356004 6390313 6394691 6414161 6442961 6461218 6479499 6503403 6511878 6533362 6578023 6584957 6589506 6603613 6609922 6625202 6647321 6657288 6663124 6669019 6672706 6737466 6746493 6755771 6764486 6767457 6773411 6807256 6812695 6819610 6830726 6840925 6893166 6912876 6916297 6943357 6963754 6985437 6998923 7009706 7013545 7025682 7028205 7035615 7045514 7074848 7104525 7114824 7133815 7135085 7157225 7158770 7165519 7200075 7216993 7222644 7244492 7269677 7274855 7292313 7417560 7494611 7546340 7554108 7573600 7653842 7677118 7680552 7684813 7701590 7705305 7709542 7730108 7813499 7896944 7907295 7932038 7932156 8024911 8030597 8039611 8044756 8078549 8139632 8148227 8159976 8161587 8162099 8164735 8222903 8249323 8274152 8333671 8371493 8378758 8381330 8394510 8441873 8461144 8467560 8475685 8545263 8548249 8581397 8590902 8597965 8634273 8649040 8657223 8684517 8703579 8733625 8753419 8759508 8808468 8813364 8833571 8888541 8889827 8896999 8935931 8950900 8980118 8988984 8996151 9005503 9006257 9050151 9066624 9093836 9134787 9153401 9156521 9173118 9173485 9203894 9342849 9370223 9406466 9421066 9490046 9496469 9541035 9542866 9547678 9554498 9562404 9581494 9585204 9594243 9610796 9627792 9668645 9685317 9715694 9722966 9747318 9770457 9819591 9858440 9883863 9894806 9900074 9905352 9921532 9928206 9948536 9962096 9968319 10127968 10240842 10265351 10395111 10406584 10497612 10511725 10542785 10633163 10668824 10711375 10873448 10945811 10980660 10981224 10996450 11040669 11145247 11159495 11183897 11246873 11337318 11341093 11347834 11358506 11503842 11551454 11711906 11740902 11861848 11958520 11972087 11978995 12006329 12211587 12326069 12424052 12430324 12476687 12485299 12565340 12605466 12622990 12630147 12650487 13739460 

88 48 2294
25095 58016 486754 1229752 1479421 1636963 2135448 2223443 2600517 2779448 3149963 3456219 4017088 4525432 4557761 4679986 4848447 4910238 6004771 6148067 6932988 7093482 8086347 8330650 8406182 8702212 8734466 8876723 9255041 9489341 9498885 9758123 9802714 9836655 10057982 10635951 10943045 10955050 10986133 11029162 11256673 11489335 11560814 11689391 12076638 12122397 12249231 12617222 

89 0 2294


90 0 2294


91 0 2294


92 0 2294


93 0 2294


94 0 2294


95 0 2294


96 0 2294


97 0 2294


98 0 2294


99 0 2294


100 0 2294


101 0 2294


102 0 2294


103 0 2294


104 0 2294


105 26 2320
95829 447613 644362 1007320 1120172 1408779 1553809 1674774 2280405 2447169 3153217 3307863 3313317 3794018 3826868 4313686 4316319 4974197 5587719 5987410 5988480 6695221 8071556 9302622 9486768 10797313 

106 5 2325
1457713 1717565 5628530 8714379 8912535 

107 0 2325


108 0 2325


109 0 2325


110 0 2325


111 1 2326
7638201 

112 0 2326


113 0 2326


114 0 2326


115 0 2326


116 0 2326


117 12 2338
182881 3520017 5825849 6050242 8719508 9564814 9900645 10026807 10744645 10963448 12287051 12378603 

118 0 2338


119 0 2338


120 0 2338


121 0 2338


122 0 2338


123 0 2338


124 0 2338


125 4 2342
5260793 5339942 7736048 11648166 

126 0 2342


127 0 2342


128 0 2342


129 0 2342


130 0 2342


131 0 2342


132 0 2342


133 0 2342


134 0 2342


135 0 2342


136 0 2342


137 0 2342


138 12 2354
429851 552123 768667 890708 1185456 4700913 4741770 4754069 7233325 8463961 10532049 10598662 

139 0 2354


140 0 2354


141 0 2354


142 2 2356
14076161 15230786 

143 0 2356


144 2 2358
116712 13337073 

145 3 2361
5351686 10168989 11682568 

146 0 2361


147 0 2361


148 0 2361


149 0 2361


150 0 2361


151 0 2361


152 0 2361


153 0 2361


154 0 2361


155 0 2361


156 0 2361


157 0 2361


158 0 2361


159 0 2361


160 0 2361


161 4 2365
1503330 4431874 7650605 10002412 

162 0 2365


163 0 2365


164 0 2365


165 0 2365


166 0 2365


167 0 2365


168 0 2365


169 0 2365


170 0 2365


171 0 2365


172 0 2365


173 0 2365


174 0 2365


175 0 2365


176 0 2365


177 56 2421
215489 279669 473161 512073 517216 729035 1008927 1040992 1061766 1135384 1195083 1329644 1389692 1772749 1924712 1968641 1985883 2094167 2147759 2240109 2241259 2339190 2541764 2916138 3296222 3418330 3544279 3987500 4027067 4273664 4897075 4903576 4906664 4907701 5152645 5329249 5565529 5867218 6322835 6691747 6698032 6846418 6927794 6998060 7567117 7737558 7747899 7760149 7803436 7921774 8178213 8493513 8747182 8908649 9640396 11986680 

178 0 2421


179 0 2421


180 0 2421


181 0 2421


182 0 2421


183 0 2421


184 0 2421


185 0 2421


186 0 2421


187 0 2421


188 1 2422
802231 

189 0 2422


190 0 2422


191 0 2422


192 0 2422


193 0 2422


194 0 2422


195 0 2422


196 0 2422


197 0 2422


198 0 2422


199 0 2422


200 0 2422


201 2 2424
4396677 5404057 

202 0 2424


203 0 2424


204 0 2424


205 4 2428
6722948 10093445 10278837 12456608 

206 0 2428


207 0 2428


208 0 2428


209 0 2428


210 0 2428


211 0 2428


212 0 2428


213 0 2428


214 0 2428


215 0 2428


216 0 2428


217 1 2429
6341854 

218 0 2429


219 0 2429


220 0 2429


221 0 2429


222 0 2429


223 0 2429


224 0 2429


225 0 2429


226 0 2429


227 0 2429


228 1 2430
609937 

229 0 2430


230 0 2430


231 0 2430


232 0 2430


233 0 2430


234 0 2430


235 0 2430


236 0 2430


237 1 2431
902566 

238 0 2431


239 48 2479
439577 480411 510153 737140 762224 892108 967508 1055092 1216329 1441957 1553829 1611996 1658249 2129436 2157772 2273233 2400250 2636783 3119747 3148810 3669213 3883344 3943892 3959570 4137419 4636689 5600030 5989479 6064337 6790445 7437527 7614006 8228560 8482374 8500012 8726699 8729279 9070215 10091170 10609616 10813351 10846959 10949101 11354323 11558732 11852749 12438220 12558208 

240 0 2479


241 0 2479


242 0 2479


243 0 2479


244 0 2479


245 0 2479


246 0 2479


247 0 2479


248 0 2479


249 0 2479


250 0 2479


251 0 2479


252 22 2501
8654 15113 190382 875777 1043672 1494678 1619059 1736353 2705961 2866522 3159390 4072428 4230578 4374389 4477658 5026202 6227955 7027098 7540578 7572415 8086427 9003055 

253 38 2539
86794 323217 484610 505648 638690 823743 869471 1093816 1909834 2315984 2342763 2508893 2883305 3068551 3337560 3601039 3742509 3744686 3818050 4128362 4171194 5540245 5756682 6297168 6428184 6590123 7156056 7423408 7618426 7708648 7762418 7968366 9624837 9641904 10317323 10450407 11054197 11317989 

254 0 2539


255 0 2539


256 0 2539


257 0 2539


258 0 2539


259 1 2540
55120 

260 0 2540


261 0 2540


262 1 2541
10540442 

263 0 2541


264 0 2541


265 0 2541


266 0 2541


267 0 2541


268 0 2541


269 0 2541


270 0 2541


271 3 2544
5236590 6803436 8529841 

272 0 2544


273 0 2544


274 0 2544


275 0 2544


276 0 2544


277 0 2544


278 0 2544


279 0 2544


280 0 2544


281 0 2544


282 0 2544


283 0 2544


284 0 2544


285 0 2544


286 0 2544


287 0 2544


288 0 2544


289 0 2544


290 0 2544


291 0 2544


292 0 2544


293 0 2544


294 0 2544


295 0 2544


296 0 2544


297 0 2544


298 0 2544


299 0 2544


300 0 2544


301 0 2544


302 2 2546
306761 3600444 

303 0 2546


304 1 2547
12010783 

305 0 2547


306 0 2547


307 0 2547


308 0 2547


309 0 2547


310 0 2547


311 0 2547


312 0 2547


313 0 2547


314 1 2548
5934607 

315 94 2642
12966 28559 350241 455563 502975 571473 612599 837598 899782 981851 1029270 1128171 1128796 1454822 1467617 1467824 1473139 1510318 1671167 1783049 1834636 1869030 2090109 2130215 2169471 2310612 2529909 2789208 2815919 2817955 2961678 3009371 3077862 3098711 3633733 3718202 3759293 4040357 4242290 4361302 4616046 4744214 4758994 4768507 4975565 5029741 5041702 5213593 5364989 5604788 5627152 5799534 5885482 5924247 6247950 6320759 6447515 6511089 6730605 6909213 7107908 7146500 7452463 7509255 7540543 7650811 8108716 8114524 8302055 8313041 8627573 8654321 8681300 8785270 8980591 9040123 9103132 9175224 9175657 9402987 9447101 9480813 9507746 9556956 9754649 10038266 10804181 10899077 11065665 11311770 11565169 11574928 11652784 11997150 

316 0 2642


317 0 2642


318 0 2642


319 0 2642


320 0 2642


321 0 2642


322 0 2642


323 1 2643
12308459 

324 0 2643


325 0 2643


326 1 2644
2592149 

327 0 2644


328 0 2644


329 0 2644


330 0 2644


331 0 2644


332 0 2644


333 0 2644


334 0 2644


335 0 2644


336 0 2644


337 0 2644


338 0 2644


339 0 2644


340 0 2644


341 2 2646
3213725 6399212 

342 0 2646


343 0 2646


344 0 2646


345 0 2646


346 0 2646


347 0 2646


348 0 2646


349 0 2646


350 0 2646


351 0 2646


352 0 2646


353 0 2646


354 0 2646


355 0 2646


356 87 2733
27336 89234 110840 137292 311326 318650 424890 451386 453590 515895 568232 1000412 1266782 1327035 1383805 1384094 1430284 1788680 1910167 1938421 1989892 2151412 2325904 2490236 2492271 2554118 2600354 2938509 2968921 3234547 3381693 3499238 3551264 3568509 3578760 3749482 3931716 4045921 4269626 4293754 4401377 4615640 4638099 4662299 4724471 4760303 4791499 4861225 4896785 4935374 5004960 5492383 5571656 5577358 5617857 5726254 5988719 6251700 6525039 6528568 6834062 6987360 7019278 7034557 7144668 7180481 7200375 7438105 7600300 7656812 8077443 8103482 8173540 8181056 8643262 8875877 9100402 9110973 9366288 10223274 10510860 10937963 10954584 11579162 11599920 11865230 11891775 

357 0 2733


358 0 2733


359 0 2733


360 0 2733


361 37 2770
289851 422414 448736 498760 557845 1624389 2506327 2528948 3078553 3145605 3810783 4160654 4363617 4568212 4745031 4768974 5100756 5249345 5316423 5673780 5820599 6042748 6076016 6093791 6150227 6685094 6772851 6799810 7052229 7079361 9035433 9746985 10816131 10821901 11371616 12225291 12505184 

362 0 2770


363 3 2773
1438318 4106666 6019221 

364 0 2773


365 0 2773


366 0 2773


367 0 2773


368 0 2773


369 0 2773


370 3 2776
398136 3189341 11798323 

371 0 2776


372 0 2776


373 0 2776


374 218 2994
114274 142159 171390 201079 201513 285309 319488 350194 354994 402894 432196 473450 493633 641500 652243 736471 793860 814982 821454 849952 896992 914825 953741 1062258 1152908 1154013 1175452 1228128 1246524 1246563 1266297 1329993 1347516 1488970 1544901 1551743 1596019 1712757 1816151 1844863 1846991 1893814 1960158 1964111 1966611 2021394 2027737 2027752 2056928 2128131 2145085 2286429 2353477 2391361 2395612 2466366 2516365 2538394 2561821 2625277 2646728 2649863 2652765 2693819 2726207 2818936 2821452 2821879 2843758 2933728 2967371 2984278 3002335 3028888 3072135 3134874 3165375 3175642 3273177 3279728 3347405 3403751 3414761 3441832 3471482 3652743 3655233 3657230 3674044 3731173 3768025 3821847 3827805 3833216 3838024 3838693 3964343 4024684 4057438 4216529 4268619 4332195 4347854 4348402 4363447 4558759 4746272 4749091 4783023 4794423 4818112 4843187 4847154 5005365 5011673 5025057 5096409 5097522 5172087 5182774 5183652 5190291 5215880 5216564 5237842 5361827 5367841 5472665 5483274 5593728 5658630 5660612 5740318 5774595 5777923 5812218 5843978 5860931 5999040 6126424 6202332 6241864 6256137 6302479 6372933 6383511 6388794 6414873 6602217 6803961 6804173 6931905 6933571 6945819 7004657 7062995 7072756 7160651 7175804 7228956 7233542 7380697 7598857 7621913 7723293 7743886 7894110 7940560 8048035 8103767 8145987 8202849 8226759 8281130 8363889 8390890 8410746 8650440 8690603 9009775 9078864 9145167 9306974 9340264 9381550 9481114 9528797 9629485 9669555 9670790 9798120 9834290 9853049 9868946 10073727 10158165 10285608 10401612 10416246 10730902 10813855 11016076 11083953 11099137 11123991 11206777 11209031 11215236 11345919 11380238 11417373 11426597 11646187 11762110 11816413 12364124 12382432 14875357 

375 0 2994


376 235 3229
11817 81444 107623 140009 158167 239270 315246 341686 370723 401708 489167 508676 649618 717447 735984 910129 994221 1021126 1074721 1181994 1420555 1421548 1498540 1568123 1652027 1773269 1790935 1924058 1937829 1949200 2034413 2154082 2206884 2223580 2291819 2297831 2304317 2330351 2353623 2437443 2485126 2636268 2636423 2638089 2654195 2713693 2730414 3058116 3223909 3320622 3654489 3709201 3724626 3816517 3833605 3843025 3958167 4078936 4119169 4205747 4244518 4245975 4271969 4295229 4355044 4394643 4417402 4472789 4499200 4505813 4516948 4517445 4547591 4586954 4809054 5027751 5075787 5132640 5185667 5303375 5335973 5416711 5451842 5478611 5511979 5512448 5518110 5578474 5580489 5605361 5651375 5719979 5761153 5791578 5826934 6206032 6208613 6239997 6254307 6288401 6303572 6315575 6398494 6429324 6491288 6501789 6576445 6592864 6644319 6678255 6697330 6784517 6841539 6933557 6987406 7009691 7049421 7050197 7096627 7182265 7188728 7195861 7212946 7235530 7256506 7301968 7391845 7442715 7480547 7638829 7759829 7771964 7785011 7959487 7960258 7994391 8029402 8251544 8341478 8364878 8368272 8378657 8401895 8409837 8490651 8505400 8564546 8570548 8664243 8674986 8722342 8768228 8769717 8792441 8837130 8855185 8869495 8930229 9047036 9053441 9120107 9198013 9226007 9268419 9274000 9308935 9334695 9335360 9393121 9434195 9457602 9488486 9493459 9698782 9824124 9840245 9856875 9924361 9932147 9956110 9977758 10014770 10036048 10138163 10141684 10177356 10211795 10309522 10408024 10435801 10462238 10537317 10551226 10572427 10830132 10840654 10883124 10901720 10916382 10977431 11000971 11029481 11051261 11056933 11067476 11080625 11206904 11274176 11408431 11477994 11618214 11658599 11665250 11665522 11713561 11781508 11856958 11873522 11893588 11899651 11950390 12055340 12228244 12235826 12241661 12358640 12394141 12421548 12450580 12455814 12484368 12484959 12615819 14168779 14585875 

377 0 3229


378 207 3436
36655 61761 74533 78872 98051 148568 173496 265279 270638 296228 340422 442793 443542 534054 542233 795045 827614 829294 859542 908543 909000 925138 929345 986307 1220829 1222352 1262658 1287713 1399166 1560167 1562513 1646848 1665222 1746339 1791656 1837463 1931359 1932312 1938404 2123472 2159903 2210930 2252695 2271871 2305344 2313495 2429249 2448586 2473956 2524133 2530341 2537190 2544269 2611465 2648434 2654194 2843059 2892263 2896453 2982557 3014023 3017898 3077167 3193126 3309614 3355635 3439855 3712427 3815097 3823187 3876888 3877929 3887725 3888750 3893575 3908028 3924757 3941690 4002337 4118814 4161027 4191882 4366376 4520988 4628446 4636435 4639380 4733646 4799768 4810190 4902495 4994275 5007258 5042422 5072129 5095775 5114512 5350471 5354503 5462091 5475875 5539775 5695357 5704491 5755716 5957033 5985171 5993174 6002173 6076653 6077203 6090337 6092667 6148299 6151110 6210440 6219642 6221214 6224257 6237498 6328871 6385423 6431304 6505774 6544261 6630207 6678856 6987833 7113340 7247119 7249051 7283547 7323511 7377383 7485006 7580039 7699429 7810632 7852994 7859927 7887590 8065401 8082950 8092832 8110931 8225344 8413411 8413834 8443261 8484835 8557652 8557799 8612722 8661554 8665914 8730284 8733913 8763599 8851276 8880372 8899386 9227310 9240507 9260400 9262177 9264813 9293451 9346100 9615272 9652211 9782150 9995550 10244111 10260339 10569392 10573327 10581439 10603427 10696702 10796555 10894761 10997596 10997672 11050521 11129745 11142124 11299300 11412979 11428395 11578656 11591702 11595289 11619772 11650764 11687571 11724848 11754398 11833869 11962668 12110302 12155903 12156225 12156295 12273699 12508984 12611672 12613944 

379 0 3436


380 474 3910
36549 61277 83180 105458 181463 207870 225204 251376 267390 268639 295476 309359 391179 442471 493251 499490 510846 574871 595034 706083 717754 740093 746917 751424 784433 814873 886156 1004330 1038276 1047782 1072964 1122318 1167544 1282422 1296890 1352448 1444641 1452552 1459184 1516214 1530002 1695704 1762521 1818443 1819951 1839308 1896126 1970899 1973582 1984234 1989893 1998945 2004090 2005064 2010868 2024482 2039672 2040579 2051191 2056778 2062520 2080858 2086033 2086999 2119264 2129395 2162363 2181305 2197154 2215819 2258009 2313124 2313557 2326239 2336059 2337925 2362563 2362932 2366976 2423949 2469964 2480073 2517536 2527012 2583497 2589194 2596475 2602621 2614476 2622173 2667486 2684189 2694937 2731215 2779463 2799059 2873025 2929150 2952238 2953915 2955095 2959961 3037045 3112018 3138748 3159186 3172436 3196794 3240228 3274241 3294210 3310655 3330939 3337655 3340292 3369549 3409854 3419352 3426652 3429674 3443979 3480016 3491392 3511718 3540445 3544113 3562555 3567555 3602149 3613253 3689232 3690796 3710986 3762979 3788317 3794007 3859902 3865631 3899898 3953355 3976582 4045728 4067820 4082345 4121806 4143172 4152453 4170860 4186132 4197986 4286438 4289116 4355761 4372504 4375514 4391657 4407930 4488974 4537316 4564862 4568458 4574990 4579029 4589052 4634699 4652452 4684188 4713711 4713849 4723580 4733936 4779034 4785013 4797489 4802177 4803853 4816209 4870563 4935638 4940056 4962044 5009962 5033854 5043188 5071249 5071458 5136448 5163106 5163453 5196712 5202446 5210461 5211445 5216660 5258440 5284797 5287129 5309671 5320274 5354461 5386844 5394983 5397491 5399850 5402482 5406462 5497660 5522821 5537939 5539561 5543116 5568964 5580633 5730321 5730992 5744518 5745487 5774101 5830138 5872493 5875009 5877177 5897279 5912790 5921321 5940386 5942337 5981933 6036371 6065874 6115900 6144429 6218134 6219125 6220155 6220382 6253346 6253506 6283888 6286006 6302034 6315635 6377890 6414409 6429546 6435860 6440314 6513486 6515257 6581040 6584091 6593470 6644115 6653947 6663544 6668414 6673275 6750252 6756387 6798625 6798733 6861590 6871469 6871769 6894238 6904978 6928475 6946393 6956156 6977278 6990628 7009721 7074516 7103730 7126741 7133690 7136694 7138776 7175021 7195853 7262330 7339623 7351307 7372711 7400831 7411551 7418747 7428436 7435284 7452903 7484225 7538778 7539412 7574599 7583061 7607489 7608737 7611646 7613049 7628359 7638554 7640696 7669551 7696785 7724146 7724983 7733819 7735872 7737044 7790468 7794056 7794242 7875032 7941067 7964108 7965670 7967640 7968421 7969710 7970485 7998667 8010512 8020365 8160756 8171134 8188726 8191515 8204961 8205451 8208608 8232905 8234568 8291733 8318490 8358517 8383255 8409055 8434848 8465759 8536774 8551475 8556569 8648269 8664993 8669614 8699366 8700705 8796217 8806515 8820740 8821975 8823635 8841178 8853321 8867936 8873877 8902339 8922588 8965702 8983029 8986160 8987670 8992206 8994501 9000946 9011350 9012485 9031649 9039088 9046435 9057983 9082078 9133521 9147099 9218316 9228936 9312330 9336353 9339203 9346255 9381277 9406804 9465053 9499129 9632429 9758676 9771019 9843988 9854960 9927220 9964381 9965381 9974322 9996228 10132096 10195162 10195392 10198074 10198983 10263584 10274131 10310015 10381528 10417563 10423592 10602461 10604954 10627999 10667529 10668102 10696606 10714221 10782057 10784225 10794031 10797303 10802080 10890775 10924452 10924744 11017507 11025204 11042783 11069212 11105936 11117217 11117326 11121558 11135685 11138120 11145524 11148135 11159178 11199102 11241843 11246797 11261699 11289527 11408384 11408426 11432741 11461300 11561332 11592792 11593138 11593141 11622564 11637564 11658223 11748597 11750579 11794197 11807587 11817504 11869587 11917463 11976302 12022581 12109305 12130286 12133458 12213587 12297358 12338659 12396972 12471920 12501677 12581946 12584479 12584644 12607306 12618414 12625310 14178010 

381 0 3910


382 3 3913
3802260 6998025 15087962 

383 0 3913


384 0 3913


385 0 3913


386 0 3913


387 0 3913


388 0 3913


389 0 3913


390 0 3913


391 0 3913


392 0 3913


393 0 3913


394 0 3913


395 0 3913


396 1 3914
4495622 

397 0 3914


398 0 3914


399 0 3914


400 0 3914


401 0 3914


402 0 3914


403 0 3914


404 22 3936
828900 885923 1186426 2766423 3335085 6207408 6219421 6277200 6671092 7260036 7726010 8058954 8346367 8376226 9317804 10098360 10321109 10347115 11286461 11734440 12400699 12555084 

405 0 3936


406 3 3939
9314102 10901171 12540206 

407 0 3939


408 0 3939


409 184 4123
20230 28385 56010 73015 240744 283203 436878 491999 570732 689263 779442 815394 851194 926776 955186 1089077 1095486 1124829 1441649 1514826 1678922 1749574 1817033 2099736 2171496 2186616 2467381 2517780 2523520 2640271 2653142 2672022 2676280 2770087 2810372 2887195 2893376 2902664 2971301 2973382 3078858 3410810 3466083 3534187 3554955 3640686 4172812 4242798 4245562 4247270 4273648 4348633 4371180 4382786 4401117 4496286 4499642 4604263 4634584 4707395 4817989 4886390 4889996 4931565 4935842 4981298 5024852 5143894 5424431 5446363 6117770 6172860 6241349 6252406 6270543 6364629 6383268 6443542 6447750 6485523 6569847 6601082 6677301 6719315 6725511 6746455 6747403 6855385 6962566 7054029 7162223 7262276 7313352 7337333 7518057 7597853 7671580 7688132 7865574 7917322 7998097 8054629 8163108 8183910 8279602 8325756 8337783 8355927 8357367 8437358 8468588 8477763 8490013 8517254 8598040 8627836 8635172 8687684 8757765 8812202 8814090 8857399 8858961 8875505 8922585 8931695 8963967 9018868 9047990 9076928 9097328 9217401 9282304 9308081 9382261 9482432 9488766 9498563 9506596 9561915 9600995 9656401 9730649 9737810 9753501 9760658 9793719 10337540 10488301 10517751 10547900 10578550 10606712 10705591 10710724 10944193 10958431 10981010 11024209 11089309 11115428 11126982 11141618 11146432 11147502 11168375 11190446 11308973 11386510 11451138 11601118 11648880 11741823 12114204 12328276 12330179 12389056 12425238 12448721 12459988 12467843 12474064 12534442 13233074 

410 0 4123


411 0 4123


412 0 4123


413 0 4123


414 0 4123


415 0 4123


416 0 4123


417 0 4123


418 0 4123


419 0 4123


420 0 4123


421 0 4123


422 12 4135
209283 466464 910713 965282 1288795 1584159 2445031 3844274 5353995 6306691 8605861 9750553 

423 0 4135


424 208 4343
63007 265047 325630 442428 475132 506829 661685 773738 840033 1015276 1092886 1115735 1125607 1183548 1245071 1266645 1310629 1328716 1391851 1395377 1399327 1467304 1700300 1725344 1755106 1806486 2082811 2117405 2144094 2146450 2231935 2301610 2373374 2397981 2445632 2495164 2568183 2597454 2623731 2650900 2685766 2722920 2766363 2893963 3013040 3063588 3165996 3177304 3183126 3203842 3226696 3243433 3335629 3414103 3497980 3674551 3757541 3758830 3787748 3834983 3846883 3854235 4011597 4025847 4027456 4149270 4217449 4227810 4469400 4549840 4562829 4700200 4731958 4754908 4767553 4854382 4874581 4877192 4944619 4949125 4971228 4986609 5049752 5122266 5193971 5209872 5305298 5356570 5383851 5404412 5417714 5472824 5558077 5674022 5686612 5784781 5792424 5946440 5997600 5998111 6022877 6024246 6096061 6097190 6113760 6127727 6256437 6406826 6409854 6528465 6555052 6568719 6764662 6854192 6984683 7008189 7125720 7238371 7243013 7270820 7320826 7453165 7548263 7649738 7695633 7733044 7781290 7791431 7863684 8012833 8099773 8183804 8257985 8263088 8343512 8413029 8460349 8575594 8608962 8635858 8690277 8750178 8816122 8863442 8882074 8909407 9069565 9072117 9146504 9323434 9338134 9344607 9407248 9443301 9519230 9593874 9649493 9659805 9672589 9675031 9903789 9915060 9975168 10021580 10046185 10125472 10177508 10269402 10314375 10332799 10383360 10398420 10502591 10547769 10646695 10677375 10723745 10840862 10869130 10894725 10906348 10926484 11192793 11221715 11310391 11351353 11397700 11402530 11445271 11507984 11548755 11651359 11703323 11717457 11836065 11848038 11872439 12045150 12110754 12176787 12287641 12305520 12321504 12325684 12370662 12449317 12498007 12656501 

425 0 4343


426 0 4343


427 0 4343


428 0 4343


429 0 4343


430 0 4343


431 0 4343


432 0 4343


433 0 4343


434 0 4343


435 4 4347
2233958 5840528 6888788 12608089 

436 0 4347


437 0 4347


438 0 4347


439 0 4347


440 0 4347


441 0 4347


442 0 4347


443 0 4347


444 0 4347


445 0 4347


446 0 4347


447 0 4347


448 0 4347


449 0 4347


450 328 4675
63174 65006 70759 120565 168761 171236 228120 261639 279434 326219 330442 336265 356759 365890 373175 382582 484721 614135 729361 807889 812042 818217 839412 862389 943205 957886 969906 1075035 1192824 1276137 1287020 1314149 1325072 1570681 1607687 1764450 1785609 1835909 1895445 1932249 1964731 2008604 2021040 2031874 2056959 2157187 2173118 2210600 2224238 2228923 2267965 2295045 2312564 2398788 2428621 2459182 2467076 2597981 2613244 2664200 2668781 2697105 2727573 2765875 2786179 2813006 2856210 2887026 2937267 2938866 2940419 3047306 3118595 3167594 3198787 3223226 3246838 3257832 3290888 3371724 3400615 3500917 3583502 3688504 3688863 3701782 3706168 3774113 3823156 3826043 3906758 4049782 4095613 4104527 4108194 4136939 4258671 4333159 4434160 4450588 4454172 4618434 4671866 4717876 4725488 4751877 4773674 4824537 4845368 4958149 4963234 4997289 5015817 5111217 5152661 5196217 5230644 5239768 5264391 5273945 5329951 5365315 5407465 5411280 5418852 5436699 5560863 5569402 5580330 5732541 5742186 5787943 5822068 5918593 5982937 6005578 6088489 6126103 6150467 6208752 6246051 6264007 6288987 6335559 6438927 6478171 6493432 6501099 6557625 6590918 6615177 6734893 6743209 6773209 6870596 6911521 6912953 6913778 6925230 6940817 6948556 6959451 6988953 6991442 7007496 7040960 7064134 7125414 7139587 7172441 7285876 7349379 7361127 7420076 7483662 7500576 7530483 7563406 7564045 7575724 7683275 7741846 7832755 7836927 7879319 7903449 7911104 7980491 7988889 8042330 8101848 8126477 8251963 8362998 8373152 8398203 8399129 8401819 8407063 8422032 8422686 8426996 8485463 8502936 8539837 8568728 8607184 8610406 8696976 8699970 8730621 8759777 8784818 8823495 8857612 8867195 8883949 8932125 8982146 9035158 9062555 9174848 9181264 9295063 9299482 9318823 9375290 9399541 9422986 9444808 9445163 9446213 9527678 9531378 9561194 9611830 9662445 9684832 9691157 9706474 9788310 9889904 9895449 9969026 10063222 10070043 10119618 10147197 10148591 10348036 10371440 10381225 10412962 10419945 10420213 10437917 10462933 10477384 10481339 10481537 10498051 10502826 10573262 10594653 10674527 10678854 10684873 10775617 10816708 10821347 10822259 10824201 10896834 10925108 11023793 11045033 11079661 11138260 11169590 11171838 11189422 11191548 11216814 11257439 11280854 11283461 11314283 11325775 11337726 11360269 11368603 11409789 11410386 11425788 11442550 11489361 11490433 11504712 11574780 11585625 11597269 11600393 11632180 11663060 11684865 11688730 11747548 11792387 11819982 11850487 11872587 11904986 11914757 11955335 11989181 12002075 12020181 12250739 12307227 12388435 12427394 12507944 12552359 12558381 12576133 12636361 12643519 12660359 

451 0 4675


452 0 4675


453 40 4715
8817 138904 500982 1210054 1264933 1895872 2036133 2115119 2161730 3313740 3430068 3496235 3590730 4673861 4848018 4877467 5090367 5289028 5424459 5892304 6607017 6948076 7019689 7244078 8392327 8436967 8503574 8945947 10297115 10335397 10460106 10493687 11068395 11068933 11125571 11834733 12022814 12029661 12065558 12088357 

454 0 4715


455 0 4715


456 1 4716
1726169 

457 0 4716


458 0 4716


459 0 4716


460 0 4716


461 0 4716


462 0 4716


463 0 4716


464 0 4716


465 0 4716


466 4 4720
2914475 3077781 9201634 15733609 

467 0 4720


468 0 4720


469 0 4720


470 0 4720


471 0 4720


472 0 4720


473 0 4720


474 0 4720


475 0 4720


476 0 4720


477 1 4721
7129067 

478 0 4721


479 0 4721


480 0 4721


481 0 4721


482 0 4721


483 0 4721


484 0 4721


485 0 4721


486 0 4721


487 0 4721


488 0 4721


489 0 4721


490 0 4721


491 6 4727
940708 2674434 4986512 6215335 10943170 11325089 

492 0 4727


493 42 4769
54213 64426 92713 405635 644476 701329 826900 1799685 1953749 2177637 2664339 3218957 3947373 4524498 4807011 5459120 6104734 6104962 6335614 6484401 7029375 7105666 7463514 8326981 8563662 8971950 9178856 10068246 10102291 10162583 10282422 10701709 10888313 11007701 11084118 11111214 11127295 11166937 11401027 11905094 13361668 15490796 

494 0 4769


495 0 4769


496 0 4769


497 0 4769


498 0 4769


499 0 4769


500 0 4769


501 0 4769


502 0 4769


503 0 4769


504 0 4769


505 0 4769


506 0 4769


507 3 4772
1218246 8444517 12195104 

508 0 4772


509 0 4772


510 0 4772


511 0 4772


512 7 4779
703011 1610968 3852619 4171046 7477597 8305437 9679865 

513 0 4779


514 0 4779


515 0 4779


516 0 4779


517 0 4779


518 0 4779


519 0 4779


520 0 4779


521 0 4779


522 0 4779


523 0 4779


524 0 4779


525 0 4779


526 0 4779


527 134 4913
92494 215919 355630 364560 418780 449967 635288 661685 774371 784210 988468 1022572 1043722 1092886 1125607 1183548 1310629 1426980 1489164 1516402 1642197 1755106 1768477 1864663 1920192 2048109 2112825 2129772 2174945 2231935 2371469 2375487 2387673 2393130 2414097 2464190 2482736 2694677 2903971 3110300 3203842 3335629 3414103 3555908 3710179 3949993 3973196 4098231 4110624 4174965 4306488 4562829 4763064 4899975 4963393 4971228 5018083 5035970 5073757 5270660 5321990 5364938 5383851 5417714 5636123 5786129 5816838 5928869 5982290 5995398 6030492 6227405 6228222 6343123 6386016 6535600 6555052 6764662 7079435 7246461 7274276 7534892 7540070 7586515 7647268 7695633 7718270 7781290 7791431 7797330 7863684 8149483 8181346 8222757 8264615 8291052 8297553 8399207 8460349 8469987 8501341 8508551 8519447 8608962 8635858 8691377 9034895 9163257 9268980 9396201 9590114 9652976 9659805 9709320 9830473 9872820 10466802 10544304 10869130 11100891 11372396 11402530 11415544 11651359 11681107 11768141 11836065 11848038 11914667 12287641 12387813 12534584 12583736 12656501 

528 0 4913


529 0 4913


530 0 4913


531 0 4913


532 0 4913


533 0 4913


534 0 4913


535 1 4914
5240657 

536 0 4914


537 1049 5963
5363 11166 19962 23899 30733 43060 80514 97433 111139 136153 144670 153696 154262 160209 194767 226267 227580 231643 250511 256124 284974 285905 300203 319880 349913 363634 385488 394501 397035 400800 474491 493178 500436 532034 539479 568933 572826 617869 621420 634364 645081 654654 659074 659172 667202 675920 684568 697650 701377 703349 736917 750719 776218 845190 846667 864845 906282 931203 942276 969867 980828 1004774 1061919 1093947 1100089 1103800 1149981 1159242 1166272 1173255 1193369 1209146 1232279 1268737 1296072 1323794 1336609 1341381 1363487 1377256 1379709 1404141 1416529 1429323 1442083 1442743 1458389 1476999 1528924 1583363 1649035 1657748 1687005 1707205 1726914 1727135 1727354 1730234 1748483 1750414 1757655 1761872 1783687 1789477 1793289 1811821 1814193 1819720 1826094 1831252 1841337 1845372 1858917 1874156 1874797 1881993 1890198 1895012 1908022 1927525 1971335 1977889 1983044 1998022 2002166 2026726 2031248 2035984 2060241 2063208 2083348 2107680 2126624 2154149 2155063 2155587 2182078 2184380 2220887 2225912 2230164 2257610 2264873 2270261 2282303 2284424 2397456 2406263 2415920 2423709 2431476 2491823 2506322 2519546 2533459 2536271 2587714 2610834 2613255 2620422 2625646 2631767 2636449 2639760 2642849 2644409 2650940 2706331 2747617 2761371 2768034 2784129 2804281 2824752 2828462 2855096 2896972 2910059 2913481 2917979 2955438 2963398 3024017 3037180 3110887 3119887 3136872 3145038 3168996 3213561 3235543 3238572 3242482 3288241 3357844 3363144 3398715 3405192 3424752 3436027 3445769 3471295 3474866 3475623 3549708 3563927 3591787 3649555 3681227 3700199 3701897 3707679 3720742 3752142 3766884 3771704 3779752 3787841 3810726 3818202 3821095 3845147 3845597 3849072 3856160 3863211 3866673 3874903 3876584 3878498 3884582 3891398 3894285 3895436 3911374 3917227 3944252 4006512 4006728 4024067 4028360 4045188 4074256 4075659 4075848 4091679 4106743 4131717 4132077 4132943 4134593 4154239 4183390 4188531 4195669 4302090 4322038 4344727 4358678 4364574 4372426 4391694 4393415 4394308 4398605 4426261 4450053 4486262 4486896 4515910 4530203 4540745 4553626 4575871 4578838 4586869 4594410 4605603 4648813 4655832 4666264 4757871 4767867 4780173 4811292 4833739 4842055 4845482 4850383 4859474 4870688 4870957 4875793 4893802 4909345 4920627 4948268 4971302 4996235 5000511 5025160 5027386 5067680 5085091 5088223 5103509 5115586 5117100 5122202 5122261 5146485 5153346 5157598 5159558 5169923 5184369 5195746 5207041 5210780 5222289 5237941 5261608 5269794 5272367 5285685 5293883 5306034 5317730 5338447 5339797 5379032 5406441 5467325 5493295 5510189 5533313 5537456 5537706 5558522 5587837 5590142 5597788 5680094 5696375 5710531 5712613 5734903 5754580 5764922 5829642 5834759 5839799 5841160 5846218 5847634 5859196 5862266 5885240 5888640 5921149 5924969 5959686 5989827 5990139 5991015 6010416 6012241 6012931 6026301 6027285 6054780 6074301 6074693 6081689 6085987 6092249 6134435 6141126 6147167 6159632 6168197 6175919 6214387 6220076 6230802 6239785 6255722 6260978 6265309 6287439 6287934 6290886 6306377 6317174 6335744 6368534 6386741 6399657 6410471 6437635 6441755 6462746 6464247 6485291 6509972 6517612 6526945 6536298 6563975 6571810 6575950 6577653 6581041 6588360 6590206 6603496 6623100 6637233 6646118 6652005 6652185 6660881 6670904 6683206 6692777 6695352 6704744 6746035 6759130 6825122 6826520 6828144 6847863 6853004 6855563 6859948 6861792 6868331 6886106 6890929 6899542 6905893 6911806 6919894 6931902 6941339 6953619 6958179 6961753 6982194 6983367 6987482 6993537 7001540 7015104 7020624 7027582 7028551 7055349 7063470 7065507 7069400 7069637 7084965 7103591 7106651 7107349 7112548 7136270 7167104 7167519 7191945 7192762 7193614 7198762 7217678 7218081 7222867 7235839 7237520 7243330 7257866 7271936 7351769 7352630 7355428 7360240 7378333 7420875 7423843 7448807 7526011 7527826 7527882 7528771 7530396 7532203 7539567 7547782 7556214 7560501 7595434 7602176 7609462 7610942 7646794 7649013 7649754 7650330 7676426 7677716 7691702 7701616 7798930 7852179 7870187 7870901 7880113 7893815 7893914 7896862 7900045 7907750 7912099 7919668 7921415 7925535 7926295 7931789 7942835 7942877 7961689 7970421 7972024 7975343 7980107 7984321 7991859 7993234 8007518 8009322 8018138 8027525 8027823 8047919 8060667 8065461 8069813 8104021 8112347 8116672 8167512 8168479 8182955 8208135 8213826 8240367 8247613 8252472 8254186 8254455 8255555 8258631 8260163 8262084 8263534 8268918 8278081 8283360 8287119 8301046 8301370 8343730 8355899 8360411 8360815 8361106 8365014 8368199 8369316 8371975 8402802 8404656 8420518 8468493 8486562 8486629 8498848 8505746 8508380 8509006 8513570 8545525 8553975 8561049 8577671 8583892 8586876 8611147 8617935 8630873 8638828 8642532 8663469 8667081 8668080 8671107 8678315 8679511 8709934 8710250 8711173 8715951 8719989 8722674 8733657 8735125 8737169 8741126 8745231 8755956 8757906 8761434 8768463 8770605 8773068 8773984 8776575 8783877 8792691 8792976 8802427 8807604 8825237 8831796 8849291 8856793 8876410 8876805 8879733 8881867 8887443 8887509 8888201 8890821 8918482 8926823 8931949 8942492 8960107 8974878 8984740 8995360 9007187 9012327 9019366 9039618 9047951 9051136 9059265 9060103 9064782 9083984 9087363 9087725 9092119 9096805 9098941 9104795 9114039 9114844 9123360 9139803 9148221 9149071 9160434 9168690 9180103 9196190 9207547 9213601 9238648 9252788 9263046 9266809 9269273 9280816 9301175 9301537 9318663 9318858 9319444 9323511 9326380 9337204 9358605 9369890 9375126 9376918 9387514 9390080 9413799 9419023 9426819 9435535 9441576 9466874 9474671 9489584 9495984 9496101 9499113 9500026 9506300 9521448 9526380 9567788 9573777 9579061 9580879 9585086 9597356 9653708 9654415 9654622 9657621 9672687 9677851 9683744 9686693 9693645 9699868 9706081 9721625 9728426 9738057 9738111 9761057 9765354 9768972 9780329 9788334 9818432 9842333 9853165 9855472 9859603 9860934 9869939 9870799 9877336 9881990 9886962 9895739 9905526 9921385 9932699 9936210 9940871 9945881 9977069 9981076 9981947 9982878 9983611 9991870 9993126 9993592 9994310 9997347 9998587 10033647 10052443 10064367 10071450 10089648 10093452 10103422 10114690 10152198 10172725 10179523 10188217 10189915 10190405 10195547 10196086 10201612 10202051 10204552 10213468 10216624 10220164 10220936 10229669 10252553 10257681 10266157 10268196 10272068 10277405 10279642 10287116 10292024 10298792 10302090 10304226 10305800 10317996 10325088 10333728 10336252 10346239 10357615 10360226 10378351 10398530 10402163 10414626 10421146 10421666 10446979 10456339 10471013 10504968 10505315 10509784 10510992 10523497 10529151 10529421 10532955 10564930 10571973 10572555 10581036 10594672 10603939 10631142 10632447 10634682 10656727 10679306 10682969 10686691 10699907 10709518 10712530 10716150 10719078 10724752 10737389 10737969 10739557 10740729 10754952 10759586 10763310 10765998 10772351 10772513 10775043 10796798 10803350 10818098 10823732 10887665 10908239 10913874 10960233 10976872 11002672 11009118 11037645 11039411 11049561 11077449 11089233 11093024 11093384 11094911 11111367 11118560 11129639 11147142 11166205 11214419 11225260 11229057 11233103 11240460 11240726 11247858 11253476 11256869 11306862 11331669 11351146 11356653 11359867 11360597 11364858 11387013 11400253 11402442 11418536 11423028 11429688 11435077 11440486 11441396 11458610 11477603 11485284 11487881 11508412 11516088 11520967 11521916 11525081 11528285 11542939 11557658 11561555 11568011 11570938 11573443 11574290 11586776 11587162 11592204 11625624 11625751 11626412 11628765 11629072 11631571 11639207 11645866 11656625 11658668 11676749 11684317 11710574 11716062 11724716 11735397 11738816 11745628 11772076 11779131 11809189 11817878 11844198 11855027 11859572 11879307 11890760 11890826 11928544 11930602 11937475 11946783 11948706 11971105 11974355 11983484 11984752 11994956 12007638 12011888 12014895 12016018 12016335 12022291 12024756 12034606 12040083 12041540 12044118 12046244 12047319 12056179 12058249 12079259 12093286 12107155 12107329 12115935 12134498 12135758 12137839 12141743 12143269 12170191 12170524 12176824 12181064 12183331 12193046 12205294 12221064 12234040 12237296 12258980 12281208 12286000 12291628 12294187 12295376 12298155 12301819 12312257 12323602 12351684 12363113 12399328 12431340 12445065 12445471 12454324 12454790 12457203 12460829 12461776 12491210 12492411 12494912 12516921 12517930 12519132 12534271 12539943 12543744 12560522 12571077 12578846 12587182 12591270 12615473 12615911 12617231 12618143 12618619 12621656 12636891 12648548 12651224 13267908 

538 0 5963


539 1 5964
8045528 

540 0 5964


541 0 5964


542 0 5964


543 0 5964


544 194 6158
39791 45191 68893 187173 202540 270450 305799 315052 326709 364100 428301 468235 549980 626986 648675 704843 712405 713526 758269 823855 873441 898290 953860 1177545 1244069 1291256 1300385 1321523 1349074 1363843 1631607 1646320 1732777 1786976 1794403 1795150 1856576 1896580 1900089 1914800 2032095 2098230 2218203 2242334 2260554 2367606 2391573 2451186 2751176 2774037 2803505 2868362 2916550 3135794 3281201 3297472 3400978 3419236 3463334 3715388 3753552 3785546 3927146 3974628 4102503 4354208 4366406 4406986 4443240 4584125 4659527 4782186 4838191 4894193 4971675 5052662 5156229 5197592 5228615 5228833 5245215 5393736 5473872 5487525 5511440 5836306 5874067 5939346 6002174 6022270 6157591 6178247 6289595 6311147 6318421 6457803 6568101 6682894 6719968 6782276 6832878 6894798 6926583 7081158 7162675 7163050 7171127 7175785 7246063 7437195 7658554 7706826 8097957 8196078 8284387 8387591 8388350 8405484 8686698 8692674 8712350 8760972 8961970 8996701 9027543 9050902 9084891 9086185 9128463 9167365 9197180 9318837 9473161 9533101 9719775 9730701 9801616 9821684 10161335 10188852 10324797 10372432 10495632 10504623 10538647 10552877 10591933 10599243 10680739 10685251 10780013 10807073 10923056 10956536 11038187 11073098 11222628 11271657 11313167 11316300 11322322 11395430 11410302 11483515 11524946 11986591 12019660 12174033 12214704 12269382 12269880 12286242 12297232 12301323 12344698 12445381 12511745 12842582 12869096 12968944 13324751 13800204 13868161 14050587 14123658 14753038 15174445 15315257 15552781 15944224 16295243 16321108 16347341 16601517 

545 0 6158


546 0 6158


547 0 6158


548 0 6158


549 0 6158


550 0 6158


551 0 6158


552 0 6158


553 2 6160
11145888 11302185 

554 0 6160


555 0 6160


556 0 6160


557 0 6160


558 0 6160


559 0 6160


560 0 6160


561 0 6160


562 0 6160


563 0 6160


564 0 6160


565 0 6160


566 0 6160


567 0 6160


568 0 6160


569 0 6160


570 0 6160


571 0 6160


572 0 6160


573 0 6160


574 0 6160


575 22 6182
419181 1077503 1110330 1839914 1994289 2253059 2460948 3227059 3398322 3551598 4881399 5173132 5206980 7084832 7610309 7657331 8168307 9522706 9551729 10793995 11553519 12429734 

576 0 6182


577 0 6182


578 0 6182


579 7 6189
172974 614267 2001091 4186722 4210710 6812522 8491168 

580 0 6189


581 0 6189


582 0 6189


583 0 6189


584 0 6189


585 0 6189


586 1 6190
10877265 

587 0 6190


588 0 6190


589 0 6190


590 74 6264
130521 202598 352173 467130 598253 749835 1055731 1081638 1140942 1319483 1500405 1902887 1938593 2261241 2548892 2550201 2579807 2594281 2837823 3049374 3170585 3178591 3295188 3296630 3515861 4568124 4737935 4815787 5143397 5350758 5495601 5753587 5940770 6233521 6738098 6756920 6839555 6917722 7044495 7115754 7296306 7304956 7366823 7639110 7985529 8071070 8566099 9199294 9229228 9297442 9315465 9839420 10236589 10242214 10328042 10429382 10485935 10523501 10870514 11009473 11067955 11111912 11112086 11203222 11249901 11511166 11520669 11795208 11860571 12117832 12175799 12397166 12570391 12633295 

591 0 6264


592 67 6331
274456 388550 456028 751413 780611 869089 879106 900893 1150450 1174051 1484502 1533731 1660838 1856509 2046287 2752871 2804844 2932517 3611713 3783357 4129459 4156356 4325240 4457179 4982627 5120795 5527519 5826027 5968886 6121582 6143326 6310831 6605902 6997841 7099775 7110148 7218008 7413312 7625203 8363523 8375547 8390723 8427452 8451053 8462836 8549924 8562118 8635707 8705069 8764064 8864910 8867790 8880011 9079683 9149898 9197736 10223316 10367497 10726095 10737300 10829124 10932402 11070809 11194913 11211390 11451147 12545647 

593 0 6331


594 1 6332
7111685 

595 0 6332


596 0 6332


597 0 6332


598 0 6332


599 0 6332


600 0 6332


601 0 6332


602 0 6332


603 0 6332


604 0 6332


605 0 6332


606 260 6592
52132 66754 143237 384270 390343 439288 616070 646316 836805 850436 1008062 1046212 1047230 1082070 1139821 1175174 1202021 1299733 1314417 1371004 1536224 1610814 1719813 1736921 1804122 1856606 1917245 2074268 2135708 2141397 2188976 2205933 2222424 2264686 2315026 2348847 2349488 2351214 2489268 2503755 2590292 2611208 2774850 2780071 2780994 2818158 2865979 3202303 3202890 3260679 3350473 3401922 3516102 3600118 3646161 3697045 3714879 3789407 3805497 4009071 4037718 4042332 4095151 4137362 4142979 4179604 4270078 4287225 4300195 4300936 4438586 4454436 4651461 4671709 4716081 4744858 4862814 4877787 4888239 4920567 4921806 4930394 4949536 4949558 5013230 5070543 5093995 5098070 5098891 5113921 5114182 5227063 5352984 5356937 5366124 5381438 5402796 5435883 5436225 5488905 5510827 5532038 5547389 5572471 5603008 5652449 5658315 5671571 5776862 5841806 5870478 5884498 5909216 5920740 5933449 5964567 5972313 6105685 6116602 6122226 6126077 6216441 6221295 6251455 6277934 6400778 6407936 6443970 6470008 6472574 6491884 6497907 6567680 6635724 6646316 6696458 6706248 6773518 6798895 6827823 6847957 6858949 6933972 6948152 6965761 6985864 7008632 7018514 7057856 7100603 7101867 7117875 7122652 7189999 7226107 7233980 7236201 7244111 7270890 7346025 7470739 7557700 7590652 7608692 7738236 7850065 7855879 7995914 8014825 8040180 8201102 8327146 8447754 8511442 8511886 8749735 8766227 8771906 8783200 8823710 8870971 9000975 9022041 9023539 9243408 9244068 9247127 9249980 9707800 9749661 9784449 9882815 9884922 9919218 9926521 10049209 10059403 10199116 10206054 10361440 10364814 10368808 10426926 10439946 10462924 10772925 10805995 10846836 10896969 10904793 10905079 10940109 10949509 11008675 11080606 11141080 11176968 11377374 11400476 11400798 11440472 11441467 11480271 11506602 11526639 11650646 11670968 11672526 11673179 11691605 11732193 11760624 11793265 11794684 11801645 11826081 11968225 11986645 12030679 12039260 12107095 12136698 12219970 12258610 12288755 12317236 12350292 12352865 12388496 12389098 12410694 12475554 12476722 12494220 12523771 12566069 12611802 12620878 12631117 12642491 

607 0 6592


608 0 6592


609 0 6592


610 0 6592


611 0 6592


612 6 6598
1175949 1239663 1251564 6179938 7573770 12237934 

613 0 6598


614 0 6598


615 0 6598


616 0 6598


617 0 6598


618 70 6668
89382 132475 240224 498569 657829 1067541 1120510 1460965 1635971 2252385 2772898 2785692 2971331 2979290 3118162 3254384 3340045 3572946 3923605 4310136 4314195 4322155 4434110 4571012 4575590 4678136 4886387 4893838 5091355 5091993 5415888 5421066 5746897 5897799 6168023 6371759 6818331 7007810 7216651 7464429 7683518 8043746 8291483 8439464 8537755 8559993 8650168 8664603 8967120 9170126 9789475 9874619 9967095 10091058 10213663 10300852 10367814 11122577 11146359 11166887 11169810 11260951 11546436 11632130 11675316 12074916 12174855 12177084 12235818 12472929 

619 0 6668


620 0 6668


621 0 6668


622 3 6671
447460 982452 1152638 

623 0 6671


624 852 7523
23548 55411 72185 96736 103335 141099 174429 184887 188482 195072 198726 199004 210215 211885 213183 219035 222000 264049 274622 304280 317683 320390 324572 330754 366404 367902 375025 378730 396725 399277 405731 411341 412478 417011 455357 481372 524087 529916 538413 548038 560973 562843 571695 583909 590746 591064 608880 624638 636298 644779 649935 654788 657647 660087 680414 681771 686519 694853 695553 699750 708895 716639 720611 720695 744107 765283 769511 770820 775992 790011 800737 802183 803571 806117 833162 842640 848191 850366 855444 855678 856577 868827 878033 880336 880344 883271 883382 884357 885015 889178 891387 894247 898950 899095 901974 903092 907201 928080 931536 932925 932988 969457 980163 993355 1006665 1012270 1014300 1016853 1051549 1068907 1072078 1100348 1122536 1157127 1160219 1203558 1216658 1227227 1235929 1242995 1267548 1308418 1316145 1332221 1342918 1386473 1425535 1432685 1444810 1453893 1456046 1462730 1477049 1478207 1481434 1499519 1501850 1540772 1549914 1552539 1557179 1562248 1565779 1579520 1582041 1591664 1608095 1645929 1656386 1663392 1670275 1680381 1695053 1704167 1704474 1722448 1724761 1725022 1734337 1735794 1748401 1756823 1779737 1796845 1835055 1891235 1893214 1901228 1905325 1905334 1937232 1971686 1972036 2000661 2008857 2025026 2059269 2070677 2072984 2077765 2101133 2104093 2157618 2181746 2195405 2240439 2266285 2269508 2301845 2304179 2310426 2321607 2333802 2341210 2341339 2347951 2367743 2381084 2382818 2397434 2407450 2427289 2451908 2469542 2472239 2472733 2476756 2489759 2491205 2491998 2493478 2493545 2499331 2499385 2499454 2499484 2499772 2517475 2518889 2525877 2531052 2540268 2553299 2567392 2569220 2570545 2571574 2572598 2627565 2632561 2647288 2654857 2690254 2702210 2713309 2714339 2718780 2728482 2736158 2740495 2759144 2779916 2784339 2795987 2801467 2802353 2816320 2829688 2854602 2864679 2871126 2886874 2892366 2910910 2930788 2946056 2949244 2952946 2955492 2955855 2964133 2966933 2970684 2992873 3026831 3028811 3050044 3054741 3058010 3060803 3066133 3073953 3079177 3081981 3104272 3118767 3120955 3138922 3141221 3142290 3144728 3156024 3159692 3182853 3183038 3205235 3206901 3208744 3242867 3258169 3272630 3278368 3281827 3285893 3286298 3301211 3306588 3343293 3373051 3374309 3385488 3422005 3424382 3431558 3435103 3463637 3473729 3482361 3531101 3535187 3554991 3559151 3562742 3566974 3578987 3585062 3589019 3591230 3604124 3618948 3646372 3646788 3649260 3659717 3667343 3669558 3696884 3723739 3741892 3748292 3755626 3757544 3766385 3775242 3778527 3799281 3806671 3816920 3817906 3818998 3824100 3826486 3827278 3835571 3839783 3844303 3846187 3847134 3848799 3862316 3863131 3865208 3866187 3867840 3921166 3922136 3942331 3945753 3956098 3969837 4092476 4114919 4132494 4134336 4171422 4173005 4180653 4191342 4250424 4257132 4275497 4276997 4296508 4312764 4318917 4322465 4322503 4347335 4357363 4357417 4400699 4409660 4418407 4418568 4425792 4432562 4441462 4442149 4442906 4456213 4464323 4488273 4499217 4508701 4508704 4513638 4518322 4518431 4522909 4543177 4557218 4560778 4581134 4591884 4602479 4631088 4643512 4645594 4648568 4649484 4650397 4651970 4739618 4757662 4779650 4813513 4827059 4837053 4837446 4845911 4851608 4892361 4917427 4935018 4974359 4986705 4989732 5001564 5002257 5055699 5067001 5072543 5091564 5104094 5106848 5129047 5133227 5133375 5156086 5158643 5162049 5163021 5174420 5192532 5192600 5197288 5211244 5215633 5220738 5224797 5226356 5231228 5237636 5238776 5242075 5253363 5264787 5297707 5337388 5342786 5355976 5361532 5388814 5422931 5427098 5452434 5455458 5457422 5459772 5467430 5503982 5507964 5537052 5539334 5569195 5602739 5607519 5614349 5618194 5628478 5639954 5652862 5657587 5658156 5663734 5666371 5671392 5683009 5686282 5687289 5688922 5695279 5714123 5729817 5739414 5752029 5755396 5757693 5763137 5766670 5767517 5782063 5794373 5819211 5835946 5851869 5859392 5868765 5889339 5895816 5912195 5915277 5923015 5972975 5987560 6015889 6017855 6066492 6083527 6090857 6092291 6095358 6104110 6104880 6107649 6109372 6111863 6126873 6149212 6169896 6174749 6178034 6179590 6197636 6200748 6209808 6212576 6214903 6220726 6232265 6233807 6239804 6249475 6253608 6254319 6256854 6258260 6268005 6271090 6272220 6273645 6276932 6285059 6301775 6302519 6320494 6338741 6382823 6408365 6444631 6450256 6457613 6493041 6527490 6540179 6543219 6565733 6575413 6576410 6596774 6601352 6612359 6615924 6621611 6623363 6633941 6637940 6650701 6658529 6662787 6663253 6664068 6673185 6674227 6685004 6691899 6694442 6700522 6706478 6733626 6742954 6746585 6747371 6748310 6785507 6796132 6804438 6813895 6815266 6817064 6817275 6833726 6881133 6887020 6894844 6903358 6906402 6954381 6960923 6968340 7000793 7001123 7001808 7014713 7023823 7033175 7036894 7040031 7040348 7042909 7049925 7057287 7110713 7120984 7127927 7142236 7150671 7205177 7207197 7208104 7209853 7210283 7215524 7217404 7222381 7261362 7264139 7282852 7293144 7313536 7313693 7323823 7334310 7340454 7390724 7392511 7414504 7432215 7440764 7450264 7485294 7514511 7561532 7567065 7625806 7647199 7657248 7657514 7658643 7661713 7683496 7720049 7727876 7773688 7797239 7802554 7807192 7810665 7826166 7851145 7910447 7911244 7915100 7916317 8032662 8074695 8075330 8135660 8188002 8251242 8272970 8306732 8327934 8335918 8353385 8370546 8377163 8390624 8441818 8523396 8532610 8539518 8557923 8575071 8577859 8590386 8633216 8636657 8677503 8731640 8734583 8738982 8747885 8751287 8768890 8775265 8798539 8818355 8818779 8824385 8830912 8831166 8839291 8839448 8911464 8967392 8978976 8996332 9005306 9032311 9141219 9154999 9169797 9169908 9203495 9209668 9216846 9223378 9231327 9232695 9250653 9253256 9269941 9315343 9324646 9382103 9387849 9398848 9451948 9546305 9582324 9601905 9629536 9670356 9700039 9713608 9730874 9885241 9891616 9896484 9905826 9923994 9927749 9931308 9950524 9988306 10016208 10047199 10070028 10076646 10117400 10144256 10196243 10217472 10257740 10275462 10291769 10309399 10315311 10330104 10349986 10360837 10408017 10443893 10538640 10540314 10545410 10552101 10574075 10630636 10637297 10645222 10654061 10661073 10677309 10706170 10773843 10779051 10782174 10782494 10782965 10862307 10921065 10929075 10981545 10994428 11055207 11069926 11101601 11197720 11218256 11249304 11273494 11277257 11284390 11284463 11297144 11303925 11332982 11336383 11336725 11337235 11380539 11384800 11390177 11390454 11390981 11430551 11442127 11453134 11502756 11505269 11506324 11529413 11569998 11580162 11600964 11603316 11646876 11695345 11719412 11733939 11839366 11888833 11944135 11957163 11971464 11984130 12103238 12104406 12198228 12206861 12358798 12458402 12476065 12527735 12618727 12635656 12660319 12660979 12661240 15629111 

625 0 7523


626 0 7523


627 0 7523


628 0 7523


629 0 7523


630 0 7523


631 0 7523


632 0 7523


633 0 7523


634 0 7523


635 1 7524
1854024 

636 0 7524


637 0 7524


638 0 7524


639 0 7524


640 1 7525
4464235 

641 0 7525


642 0 7525


643 0 7525


644 114 7639
106006 311917 330473 371175 992650 1209220 1442684 1466447 1612031 1638889 1849237 1851383 2138065 2359099 2392060 2444501 2481664 2712781 3193933 3324593 3687860 3711182 3748512 3754651 3797635 4199919 4405539 4409358 4578445 4739104 4861057 4973977 5027622 5093413 5102152 5125959 5130050 5248342 5314737 5424075 5439651 5522847 5586724 5641652 5693424 5694151 6013063 6015261 6193024 6440786 6530613 6699072 6717407 6719723 6763853 6779917 6804429 6871826 6903785 7010335 7082146 7091430 7114564 7239763 7274424 7314836 7393589 7639321 7655616 7834486 7918706 7963950 8129584 8152431 8168703 8189259 8196149 8609181 8637601 8643081 8724461 8883206 8947951 9013888 9072471 9160348 9280122 9546773 9666842 9901325 9954783 9984316 10192813 10577644 10589181 10915237 11039559 11059581 11192906 11493751 11549692 11564797 11635224 11667194 11768125 11784432 11908603 11961431 11994259 12029725 12298013 12446983 12535541 12593463 

645 0 7639


646 0 7639


647 0 7639


648 0 7639


649 0 7639


650 0 7639


651 0 7639


652 0 7639


653 0 7639


654 0 7639


655 0 7639


656 0 7639


657 9 7648
639197 3548592 4199082 8320432 8537963 8622522 10641606 10775726 12127246 

658 0 7648


659 0 7648


660 0 7648


661 0 7648


662 0 7648


663 8 7656
1446946 2729642 3252783 4121312 5278466 7801367 9306388 12916314 

664 0 7656


665 0 7656


666 0 7656


667 0 7656


668 0 7656


669 0 7656


670 0 7656


671 0 7656


672 0 7656


673 15 7671
1050301 1655677 3482602 3747639 3854020 4892952 5405783 6621676 6898459 7270933 7322490 7967786 9941744 10137231 10986662 

674 0 7671


675 0 7671


676 0 7671


677 0 7671


678 0 7671


679 0 7671


680 259 7930
1443 132688 168291 190315 208549 261427 414635 449107 618056 663166 802299 821944 831043 867273 885446 939958 1007234 1065296 1066347 1069585 1126409 1143188 1286121 1308673 1356144 1410242 1490846 1496711 1601978 1618681 1696213 1728606 1861107 1873126 1926629 1950167 1957422 1993956 2191948 2202254 2222634 2273281 2286930 2295271 2359734 2378427 2436461 2478122 2497181 2504274 2531768 2552588 2566554 2603792 2610188 2623070 2684682 2755972 2828632 2889221 2953366 2959117 2986384 3005343 3125036 3143904 3202516 3211845 3251138 3293967 3306546 3538922 3591486 3669463 3696495 3729474 3753744 3810265 3814970 3826053 3840555 3846994 3848684 3865766 3881651 3963837 3966672 4175679 4274753 4330390 4374369 4399405 4428786 4458673 4466985 4472220 4510828 4643352 4827358 4895091 4928712 5010322 5033059 5048321 5089532 5109144 5133250 5216145 5358433 5368236 5377253 5401144 5455173 5518992 5529157 5573513 5579124 5581519 5624061 5655867 5679596 5731234 5825163 5836649 5910482 6028586 6062576 6130517 6252632 6271379 6322754 6337728 6423852 6438400 6460221 6466784 6467878 6524179 6601582 6603741 6678836 6736053 6769341 6877108 7068566 7115747 7228277 7258567 7289544 7290656 7321034 7325926 7372633 7502779 7513366 7536028 7557639 7575568 7720758 7736426 7849547 7861681 8064635 8153384 8169675 8280433 8288422 8344729 8449197 8452127 8517858 8577957 8641335 8676751 8729823 8737136 8753387 8817989 8981569 9007312 9042374 9090879 9102364 9158010 9186269 9193272 9228554 9243655 9262890 9263431 9362591 9391276 9571980 9610665 9642906 9660728 9664830 9673507 9718826 9832249 9878409 9936906 9967209 10070186 10168878 10171268 10184366 10226432 10253318 10318203 10371610 10528809 10534053 10544225 10583963 10610924 10620912 10635768 10724196 10739109 10780485 10791285 10819455 10837509 10840029 10847048 10850154 10852926 10952055 10958497 10988819 11255638 11266018 11287768 11344777 11389973 11445334 11563378 11638674 11731270 11736857 11772925 11781484 11792110 11913347 11922706 11998916 12007082 12022247 12116665 12148647 12160477 12202043 12211634 12378879 12476741 12510575 12564384 12666182 

681 0 7930


682 0 7930


683 0 7930


684 1 7931
7372100 

685 0 7931


686 0 7931


687 0 7931


688 0 7931


689 0 7931


690 1 7932
14168574 

691 0 7932


692 0 7932


693 0 7932


694 0 7932


695 0 7932


696 1 7933
4912999 

697 0 7933


698 0 7933


699 0 7933


