265
476
193
145
108
249
386
568
515
153
84
526
471
278
472
315
92
252
505
345
82
226
396
103
249
59
6
25
158
335
335
335
284
223
408
159
189
505
18
247
10
635
109
374
246
371
640
302
210
543
325
531
12
42
566
69
94
16
211
110
252
394
150
533
547
146
338
102
571
394
265
518
169
265
449
247
489
332
597
189
521
102
314
421
300
12
486
251
252
81
320
390
330
12
161
411
252
76
460
24
71
126
467
563
299
232
253
255
451
159
507
494
52
130
56
321
634
73
339
257
132
19
95
201
531
308
39
457
93
435
204
97
553
510
185
120
202
172
132
553
361
428
567
141
159
492
507
639
403
86
520
132
390
50
197
464
19
461
108
297
159
444
30
197
335
90
438
247
534
420
317
402
174
376
145
36
51
636
62
170
26
359
528
252
323
298
185
591
520
387
441
5
12
460
74
149
94
139
439
610
322
353
166
54
335
252
668
385
496
608
426
216
88
25
111
291
320
296
187
102
320
145
516
266
155
355
148
282
535
303
251
163
604
585
104
119
66
523
650
252
249
406
85
325
505
96
49
209
168
134
94
249
514
159
152
214
176
15
6
474
205
681
287
73
57
28
25
607
99
567
100
616
602
113
556
653
447
247
78
660
101
463
101
6
13
647
388
288
45
207
19
219
370
175
404
212
274
6
470
626
577
67
367
231
307
87
413
472
564
233
31
400
140
219
676
7
145
64
12
127
217
271
68
383
405
13
657
200
462
159
265
531
381
341
96
674
507
181
532
25
126
618
25
460
269
649
360
410
7
500
460
203
234
177
335
465
137
569
659
247
126
418
65
505
499
106
252
33
354
378
652
252
295
293
494
425
375
319
373
137
520
574
34
519
309
121
268
55
159
558
590
247
551
571
189
129
478
55
430
27
249
89
276
230
417
282
511
58
136
252
507
495
536
23
344
198
368
508
605
685
642
605
70
401
243
3
497
6
613
37
629
115
683
258
422
3
651
27
160
145
335
644
272
83
199
460
72
350
598
587
6
77
579
219
107
262
14
615
548
412
339
437
17
679
592
380
442
544
124
50
615
481
662
556
156
6
342
147
259
122
638
167
390
671
611
96
459
486
627
396
434
485
503
221
646
363
55
476
25
648
79
112
422
252
348
612
599
248
116
630
667
325
27
12
96
645
617
384
456
11
12
390
542
463
479
306
316
588
320
157
476
179
117
477
120
562
561
213
242
584
379
346
680
312
41
399
572
283
38
505
427
432
46
352
12
219
600
294
625
126
143
623
120
522
220
494
94
457
493
4
240
432
135
20
169
531
325
285
403
483
393
94
27
362
224
289
453
610
327
183
12
446
473
213
682
63
480
273
440
491
541
409
390
96
410
390
333
144
596
537
597
357
245
9
403
372
614
452
407
476
358
469
466
19
48
624
17
365
190
545
261
622
131
559
301
313
390
606
556
13
251
454
552
517
145
402
8
601
545
250
94
252
252
460
389
582
656
182
12
225
560
164
2
94
654
432
609
206
672
416
578
539
669
310
21
437
436
178
347
329
475
12
192
151
50
251
43
154
484
513
53
137
507
290
523
397
498
334
578
196
244
227
512
180
80
431
603
661
398
673
239
655
238
538
369
91
415
125
394
142
282
663
675
424
684
188
466
507
678
494
159
61
292
460
631
349
183
280
422
165
13
422
501
133
455
277
55
637
414
549
527
314
490
504
633
576
356
252
482
433
281
256
666
40
337
114
35
75
476
524
450
562
468
407
325
229
128
540
10
325
530
395
529
460
364
178
60
503
126
443
377
249
138
432
567
300
410
408
29
580
327
619
423
32
509
44
506
123
22
664
118
286
507
263
13
191
556
171
237
222
414
252
575
252
173
94
325
439
183
98
502
392
628
557
460
578
218
115
595
251
12
466
620
632
346
351
593
241
12
275
393
279
641
331
487
393
194
686
550
270
235
570
186
252
555
670
251
7
22
304
162
260
162
47
525
658
578
328
422
195
556
573
215
391
677
382
249
665
366
419
267
343
311
509
340
1
594
554
448
326
185
511
505
643
458
586
264
562
188
336
429
390
105
208
12
445
249
520
659
225
390
546
236
581
318
300
621
254
583
565
183
589
520
228
184
305
488
324
252
