0 1 1
600 

1 1 2
2221 

2 2 4
7213 4689108 

3 15 19
18994 1448456 2104696 2954761 3240104 3701845 3702100 4395683 6940857 7416866 7564556 8061631 8128248 9352994 10886926 

4 11 30
19490 101070 362613 1787833 2249307 4007180 5753202 6378933 6488582 9299900 11477408 

5 74 104
43318 89258 109929 460900 473009 710731 1394284 1497956 1708948 1916860 2194389 2376703 2529291 2861149 2936029 3324708 3530127 3560062 3627135 3653990 3712494 3945005 3961954 4129423 4178584 4304499 4398986 4706387 4869752 5287287 5360972 5492866 5638329 5752641 5905725 5972885 6041854 6067775 6323938 6434810 6512173 6662126 6956361 7235096 7259333 7315620 7724561 7916343 7941540 8029191 8243084 8400235 8442661 8714016 8727588 8874957 9200728 9541331 9775422 10072941 10229460 10245747 10403690 10638189 11061533 11203085 11410435 11425448 11960711 11981310 12282971 12371879 12422810 12546741 

6 8 112
51206 1807603 2116971 6487757 8283984 11523212 11755967 11953520 

7 1 113
51671 

8 2 115
56401 57878 

9 1 116
81349 

10 1 117
98919 

11 26 143
104750 110155 1997116 2698861 2958199 3029793 3151922 4546858 6363114 6470891 6595965 6639684 7138387 7163648 7886303 8162150 8184995 8787092 9103831 11041294 11074162 11485448 11827740 11916955 12546435 12574941 

12 17 160
109295 1084731 1811196 1836203 2513377 3570228 3599625 4807163 4983959 5791324 5889492 5972946 6323161 7177879 8741325 9862653 9986617 

13 4 164
111787 714407 881621 6518913 

14 13 177
115805 2710285 5818350 6389737 6434308 6952619 8459272 9503632 9567666 9813438 10772266 6355508 10916341 

15 16 193
125527 4330165 4872771 6463725 7132676 8926276 10371933 10905139 11298128 7389786 2146394 3465699 7080434 4012396 4474334 4635287 

16 2 195
140256 6337687 

17 25 220
152317 1067156 1727180 1758124 3845206 4008912 4019406 4266301 4541863 5769623 5804793 5949273 6014420 6283268 6550181 6989147 7801038 8669232 8718558 9350333 10208827 11210121 11826166 12048094 12078202 

18 2 222
171694 10296750 

19 14 236
178218 206621 387191 2060200 2629088 2946241 5238005 7485816 7881103 7891397 8260968 10788988 12419176 5753197 

20 14 250
182634 636187 1258279 1565620 1917586 2605533 3855889 4194245 4678221 4793277 7444874 9388698 9588593 11862937 

21 1 251
184609 

22 1 252
205367 

23 7 259
224614 2153961 4270089 7052772 8086954 8768478 11613729 

24 5 264
228385 1612086 9525871 11450437 12143921 

25 1 265
233660 

26 1 266
235920 

27 2 268
237239 6786753 

28 7 275
240104 1358764 1955930 8488293 9836323 11724967 12601838 

29 29 304
253544 953335 955552 991975 1022972 1095638 2006026 2223160 3402691 4911213 4970789 5776269 6405756 7093816 7479812 8492597 9406380 10848263 10867556 11467034 11519120 11528408 11970600 12065215 12504996 3495629 2253340 5851920 7808605 

30 1 305
256058 

31 8 313
288018 2120567 2522595 5532870 7935809 8124359 9371987 12201981 

32 1 314
295096 

33 3 317
302563 7636528 10263918 

34 1 318
307148 

35 1 319
308569 

36 14 333
318708 1096633 1779624 1968264 2055555 2059300 4748046 7661785 8016252 8431372 8432727 8656778 10299292 11615184 

37 8 341
320079 1732348 1745090 4183258 4547921 4594726 11577433 12396154 

38 1 342
324733 

39 1 343
330934 

40 1 344
336379 

41 1 345
337994 

42 1 346
340910 

43 1 347
343270 

44 4 351
352390 1289890 1478414 7959792 

45 5 356
353787 4481841 6199648 11432188 4996065 

46 43 399
355302 508392 1947121 2781597 2957886 3169159 3301020 3718324 3965420 4043455 4180043 4570307 4630320 5158848 5283646 5627529 5810092 5810616 5872706 6029032 6173449 6297552 6469991 7163068 7366848 7989583 7997663 8097280 8712188 8904274 8916453 8949347 9086592 9448057 10174306 10298625 11001091 11122941 11199564 11459747 11499872 11800688 12340931 

47 8 407
371329 1169858 4724273 6129473 7163723 7290695 7291215 12454904 

48 20 427
371565 1377331 1383376 1458738 1792385 1794555 2002334 2106283 2208694 5168325 7544438 7741875 7772368 8083170 8423282 8524235 8593777 10437506 10957049 11827114 

49 3 430
373473 1621173 8126469 

50 2 432
389256 12530768 

51 1 433
416576 

52 1 434
425591 

53 3 437
428465 1012739 6402204 

54 1 438
432369 

55 2 440
439103 12021413 

56 3 443
440195 7609791 12344613 

57 1 444
442337 

58 2 446
445370 11927085 

59 1 447
453760 

60 5 452
460269 5144757 7351223 8564665 9481745 

61 1 453
462359 

62 4 457
483590 4149656 9551002 11727128 

63 1 458
486837 

64 1 459
490694 

65 1 460
495033 

66 1 461
501103 

67 1 462
509042 

68 1 463
523522 

69 1 464
533681 

70 1 465
535130 

71 2 467
538334 8059361 

72 28 495
541425 595030 1026145 1177322 2193313 2568819 2842975 5272683 5552262 6013738 6395368 6442422 6694517 7081793 7415712 7704100 7866086 8780953 9125577 9587895 10081987 10084519 10394132 11015627 11936856 11938187 1428151 6896949 

73 7 502
549144 6002485 6583628 8330184 8479543 8972708 11031692 

74 4 506
570648 881860 8756163 11599549 

75 15 521
582476 1051555 1857835 3335560 4108550 5848438 7505051 8751720 10198704 11743945 1285786 2473662 2551347 9201402 2696832 

76 1 522
598563 

77 5 527
632887 2289074 4448871 7589404 11350291 

78 5 532
650934 4626258 11234002 12408581 6833805 

79 4 536
656415 2826775 7093627 8149769 

80 2 538
692579 812028 

81 1 539
718471 

82 5 544
732121 3194919 8000522 10289604 10707757 

83 2 546
732997 6991039 

84 3 549
740077 1934606 6420837 

85 2 551
746816 6706279 

86 2 553
754954 8575712 

87 1 554
765418 

88 4 558
765628 8004148 10663100 11733689 

89 5 563
803110 1465711 6679691 10451060 10899613 

90 1 564
804663 

91 1 565
847995 

92 3 568
859675 6416852 11134568 

93 6 574
863379 3354757 3710845 6431605 7233622 7961366 

94 1 575
874062 

95 14 589
878266 1766131 1769412 2559072 3726759 4078767 5286984 6370845 7460315 8149702 9539904 10692705 11155116 11411405 

96 7 596
917277 2842472 3057484 4579264 6758079 8934998 9136007 

97 1 597
925808 

98 1 598
933453 

99 1 599
942323 

100 6 605
964902 1257598 3959552 5263400 5918039 7637236 

101 1 606
968377 

102 3 609
976705 4906796 12153165 

103 1 610
989788 

104 1 611
1001603 

105 1 612
1003680 

106 3 615
1006054 2794241 3656176 

107 1 616
1015948 

108 1 617
1017296 

109 1 618
1027990 

110 1 619
1049991 

111 3 622
1049995 7037417 11683207 

112 4 626
1054496 2634236 4859126 8893381 

113 5 631
1059597 2082475 2712411 3495343 4014986 

114 1 632
1064465 

115 2 634
1080491 1790219 

116 1 635
1084620 

117 1 636
1089621 

118 1 637
1115545 

119 1 638
1133931 

120 1 639
1137247 

121 2 641
1140449 11542983 

122 11 652
1151294 2233542 2547014 3692982 4769771 6561536 6598031 6700188 6773045 10508760 10645854 

123 1 653
1158180 

124 1 654
1173668 

125 5 659
1176679 4542978 5159789 7890496 9890520 

126 3 662
1218092 5902256 8508426 

127 1 663
1220473 

128 1 664
1244501 

129 1 665
1248598 

130 1 666
1255924 

131 2 668
1274954 8765152 

132 2 670
1296522 1969319 

133 1 671
1303135 

134 13 684
1303628 1922540 2618460 2694235 3300511 6304908 6561570 7025162 7592401 7906014 8971543 9788611 12472394 

135 1 685
1316754 

136 1 686
1320339 

137 3 689
1324721 2974461 3247775 

138 4 693
1328311 2859169 3987675 6975028 

139 1 694
1332386 

140 2 696
1347046 4141357 

141 4 700
1350528 1842553 9757617 10980659 

142 1 701
1364067 

143 4 705
1366468 3468110 3913700 5807919 

144 3 708
1367407 7378332 9694144 

145 4 712
1377382 4970692 5136686 5747517 

146 4 716
1380876 3180437 4766825 10177157 

147 1 717
1385741 

148 1 718
1422793 

149 1 719
1424264 

150 1 720
1424520 

151 3 723
1454037 5329352 8938842 

152 5 728
1510358 1843953 6013027 11859098 5297047 

153 1 729
1515592 

154 7 736
1534665 3783529 4809925 6156316 7640322 7865795 8248913 

155 6 742
1535784 6814922 7326543 9781382 10273226 10481525 

156 1 743
1537941 

157 1 744
1542061 

158 4 748
1545745 2893276 3952563 10354266 

159 2 750
1556907 11154229 

160 1 751
1563455 

161 10 761
1587872 1794791 4090242 4248323 4400763 7448773 8061502 11826126 12613520 15779179 

162 4 765
1589754 4451769 5853846 10800730 

163 1 766
1600808 

164 16 782
1606498 11643206 5235789 5542735 6530493 7255670 7572324 7668564 7931023 8750083 9030068 10232475 10507864 10551416 11450714 12415606 

165 1 783
1618386 

166 2 785
1633225 5843222 

167 1 786
1664787 

168 1 787
1667393 

169 1 788
1698534 

170 1 789
1732266 

171 6 795
1755372 2252900 3320279 11144193 11539708 12042125 

172 1 796
1756106 

173 1 797
1756571 

174 1 798
1763713 

175 3 801
1763747 2007297 2152864 

176 1 802
1778138 

177 1 803
1779076 

178 1 804
1803963 

179 2 806
1812142 4212394 

180 1 807
1839237 

181 1 808
1842308 

182 2 810
1858356 4560191 

183 3 813
1859352 2216924 12143485 

184 1 814
1860074 

185 2 816
1870742 2033083 

186 1 817
1873584 

187 1 818
1875075 

188 1 819
1880937 

189 2 821
1896408 10193359 

190 1 822
1901961 

191 1 823
1914186 

192 1 824
1914352 

193 4 828
1914927 3445170 3731090 8296875 

194 6 834
1917299 3024751 3710125 4044791 4178165 8363847 

195 6 840
1924324 2597666 4083602 5201071 5389034 5913479 

196 1 841
1934969 

197 2 843
1936378 9356666 

198 2 845
1954050 8275705 

199 1 846
1972841 

200 1 847
1973766 

201 2 849
1977739 11633997 

202 2 851
1986259 11409808 

203 1 852
1996409 

204 1 853
2007035 

205 1 854
2016713 

206 3 857
2028563 9528648 12126869 

207 1 858
2035411 

208 1 859
2045961 

209 3 862
2047620 2602411 2956893 

210 4 866
2063618 3510993 10340765 11656159 

211 1 867
2069157 

212 1 868
2079204 

213 1 869
2080607 

214 1 870
2084421 

215 2 872
2100158 2101163 

216 1 873
2126014 

217 1 874
2126304 

218 1 875
2142562 

219 2 877
2159823 12563788 

220 1 878
2163654 

221 5 883
2166757 4027597 6968725 8111602 10595516 

222 1 884
2172925 

223 1 885
2201168 

224 2 887
2203506 5427189 

225 1 888
2206939 

226 1 889
2207981 

227 1 890
2215562 

228 2 892
2230865 3252255 

229 1 893
2238165 

230 3 896
2259064 6739015 11079165 

231 2 898
2273747 6925896 

232 9 907
2279827 4533349 4546075 4554746 5362896 6916492 7043722 9004626 12248643 

233 1 908
2281877 

234 1 909
2284150 

235 2 911
2296311 4160679 

236 2 913
2299604 3666263 

237 1 914
2332959 

238 1 915
2344658 

239 3 918
2351526 5969451 9852203 

240 1 919
2351778 

241 1 920
2353200 

242 1 921
2361728 

243 1 922
2365038 

244 1 923
2372565 

245 1 924
2381001 

246 2 926
2396232 8282186 

247 2 928
2402741 8445338 

248 1 929
2414071 

249 1 930
2427488 

250 2 932
2511038 11339773 

251 1 933
2512553 

252 1 934
2529495 

253 3 937
2535785 2641499 5975085 

254 1 938
2543588 

255 1 939
2557836 

256 1 940
2558265 

257 2 942
2569842 7403929 

258 1 943
2578439 

259 1 944
2584425 

260 1 945
2590050 

261 1 946
2596062 

262 2 948
2600935 7116662 

263 1 949
2603324 

264 1 950
2618297 

265 1 951
2620208 

266 1 952
2634575 

267 1 953
2641397 

268 2 955
2646345 8879661 

269 1 956
2662338 

270 3 959
2681027 3799735 3893137 

271 1 960
2683921 

272 3 963
2698782 7051620 10625055 

273 1 964
2725293 

274 4 968
2726165 8418759 9431442 12539184 

275 1 969
2745780 

276 1 970
2759439 

277 2 972
2760794 2861895 

278 2 974
2764191 4996799 

279 1 975
2776963 

280 2 977
2800304 2954944 

281 3 980
2802857 4396081 9508986 

282 1 981
2803030 

283 1 982
2830088 

284 3 985
2848587 4785015 4839610 

285 1 986
2856403 

286 3 989
2879396 8045374 10818779 

287 2 991
2884086 3302060 

288 1 992
2892209 

289 1 993
2892714 

290 1 994
2917529 

291 1 995
2932560 

292 1 996
2950023 

293 1 997
2958006 

294 1 998
2965609 

295 2 1000
2972178 5869681 

296 1 1001
2982520 

297 1 1002
2982957 

298 1 1003
2995448 

299 3 1006
3001466 10339135 12006034 

300 2 1008
3020428 5598354 

301 1 1009
3029506 

302 1 1010
3046296 

303 2 1012
3055466 9108189 

304 2 1014
3068561 11661161 

305 1 1015
3077484 

306 1 1016
3115405 

307 3 1019
3128780 6549758 11710632 

308 2 1021
3133959 5446347 

309 2 1023
3158863 9186389 

310 1 1024
3162238 

311 1 1025
3174898 

312 1 1026
3215045 

313 1 1027
3218774 

314 1 1028
3257598 

315 1 1029
3258631 

316 3 1032
3279995 6814666 8214963 

317 1 1033
3280161 

318 1 1034
3283707 

319 1 1035
3302796 

320 1 1036
3313181 

321 3 1039
3340432 4590720 10904583 

322 1 1040
3381616 

323 1 1041
3382407 

324 1 1042
3385547 

325 1 1043
3394368 

326 1 1044
3404767 

327 1 1045
3406776 

328 2 1047
3426130 6358184 

329 2 1049
3427839 4071650 

330 1 1050
3432667 

331 1 1051
3454034 

332 2 1053
3466201 10837534 

333 1 1054
3474388 

334 6 1060
3479292 3581297 4176489 12297141 5732169 6589306 

335 1 1061
3512256 

336 3 1064
3515296 5262434 10450621 

337 2 1066
3585525 7542303 

338 3 1069
3586931 6334207 6372003 

339 1 1070
3592330 

340 1 1071
3605402 

341 1 1072
3607794 

342 1 1073
3617236 

343 6 1079
3619125 3934855 8877543 9305107 9425263 10212005 

344 2 1081
3647932 8233917 

345 1 1082
3674822 

346 2 1084
3676797 6325459 

347 1 1085
3682472 

348 1 1086
3708328 

349 3 1089
3716693 5506748 6844132 

350 1 1090
3749894 

351 1 1091
3779136 

352 1 1092
3809499 

353 1 1093
3887319 

354 1 1094
3890346 

355 3 1097
3905374 4358042 7554924 

356 1 1098
3909746 

357 5 1103
3929135 4087106 4087998 11286705 12178313 

358 3 1106
3930311 5786981 8543953 

359 1 1107
3933347 

360 1 1108
3952656 

361 1 1109
3959493 

362 1 1110
3963277 

363 3 1113
3987746 7301899 11089660 

364 2 1115
4010884 12506092 

365 1 1116
4010912 

366 1 1117
4017345 

367 1 1118
4030005 

368 1 1119
4041574 

369 1 1120
4046406 

370 1 1121
4047016 

371 5 1126
4047867 6108662 7352849 10622927 11866150 

372 1 1127
4048780 

373 1 1128
4053163 

374 3 1131
4058184 7910580 10223149 

375 1 1132
4083022 

376 7 1139
4089546 4796393 6331853 7129601 7521989 10843929 11622326 

377 2 1141
4101716 7398298 

378 1 1142
4108038 

379 1 1143
4108504 

380 1 1144
4109933 

381 2 1146
4120842 10218781 

382 1 1147
4129314 

383 1 1148
4144164 

384 1 1149
4148953 

385 1 1150
4173516 

386 1 1151
4191404 

387 1 1152
4216129 

388 2 1154
4217175 12574632 

389 2 1156
4217498 9048999 

390 1 1157
4233972 

391 1 1158
4239800 

392 3 1161
4294057 6998738 9387416 

393 4 1165
4298952 7475621 11661447 12358454 

394 1 1166
4328247 

395 1 1167
4336337 

396 1 1168
4344800 

397 1 1169
4381370 

398 1 1170
4396687 

399 1 1171
4456277 

400 3 1174
4462409 4847862 6500709 

401 3 1177
4480989 6387820 7657449 

402 1 1178
4486949 

403 1 1179
4504257 

404 1 1180
4509004 

405 1 1181
4531070 

406 2 1183
4542586 11245989 

407 1 1184
4550444 

408 1 1185
4555491 

409 2 1187
4593968 11402084 

410 1 1188
4625102 

411 2 1190
4629564 11573319 

412 1 1191
4642272 

413 4 1195
4648536 5350630 6519133 10636402 

414 1 1196
4652988 

415 1 1197
4657781 

416 1 1198
4668780 

417 1 1199
4669530 

418 1 1200
4674726 

419 2 1202
4682398 10064311 

420 1 1203
4695395 

421 2 1205
4697097 5138703 

422 1 1206
4723984 

423 1 1207
4805289 

424 1 1208
4807527 

425 1 1209
4833938 

426 1 1210
4838679 

427 2 1212
4843927 5480442 

428 2 1214
4852288 7208436 

429 1 1215
4863930 

430 1 1216
4867680 

431 1 1217
4868935 

432 1 1218
4888589 

433 1 1219
4901526 

434 1 1220
4902222 

435 1 1221
4910893 

436 1 1222
4921611 

437 1 1223
4932107 

438 1 1224
4949810 

439 1 1225
4956724 

440 1 1226
4971151 

441 1 1227
4976951 

442 1 1228
4985711 

443 1 1229
5014679 

444 3 1232
5051823 6445067 10363518 

445 1 1233
5054323 

446 1 1234
5056178 

447 1 1235
5077900 

448 1 1236
5102130 

449 1 1237
5118051 

450 1 1238
5135484 

451 2 1240
5151275 7546288 

452 6 1246
5156523 5778227 7399789 8945371 9088563 11146253 

453 2 1248
5159497 6583091 

454 1 1249
5173184 

455 1 1250
5195833 

456 1 1251
5198928 

457 1 1252
5215990 

458 1 1253
5220100 

459 1 1254
5221631 

460 1 1255
5250456 

461 2 1257
5258059 6051964 

462 1 1258
5269626 

463 1 1259
5323454 

464 1 1260
5324096 

465 1 1261
5372055 

466 1 1262
5444521 

467 1 1263
5447005 

468 1 1264
5454813 

469 1 1265
5479979 

470 1 1266
5488432 

471 1 1267
5496524 

472 2 1269
5514033 7973838 

473 1 1270
5553551 

474 1 1271
5560713 

475 1 1272
5626164 

476 1 1273
5628500 

477 1 1274
5631919 

478 2 1276
5634093 6186431 

479 1 1277
5643711 

480 1 1278
5749105 

481 1 1279
5760422 

482 1 1280
5768754 

483 2 1282
5787728 7137541 

484 1 1283
5804220 

485 2 1285
5814924 8666763 

486 1 1286
5822242 

487 1 1287
5826150 

488 1 1288
5828183 

489 1 1289
5835424 

490 1 1290
5837704 

491 1 1291
5838208 

492 3 1294
5846675 8943906 11067382 

493 1 1295
5847069 

494 1 1296
5852196 

495 1 1297
5859023 

496 2 1299
5860973 6748261 

497 1 1300
5863420 

498 1 1301
5886914 

499 1 1302
5903663 

500 3 1305
5919062 6769890 11162272 

501 3 1308
5928673 6371618 7883737 

502 1 1309
5941279 

503 1 1310
5944618 

504 1 1311
5945212 

505 3 1314
5946252 10652618 12628208 

506 3 1317
5952938 6443631 11899197 

507 1 1318
5957097 

508 1 1319
5966064 

509 1 1320
5993051 

510 1 1321
5995487 

511 1 1322
6015640 

512 1 1323
6037668 

513 1 1324
6044005 

514 2 1326
6097011 9734618 

515 1 1327
6107711 

516 1 1328
6113591 

517 1 1329
6130152 

518 1 1330
6170626 

519 1 1331
6297985 

520 1 1332
6311700 

521 1 1333
6314337 

522 2 1335
6336748 9682389 

523 1 1336
6341070 

524 1 1337
6358641 

525 1 1338
6374855 

526 1 1339
6376655 

527 2 1341
6392551 7349655 

528 1 1342
6395078 

529 1 1343
6420842 

530 1 1344
6424998 

531 1 1345
6447191 

532 1 1346
6463186 

533 1 1347
6470859 

534 1 1348
6490677 

535 1 1349
6491561 

536 1 1350
6493878 

537 2 1352
6520271 9846990 

538 3 1355
6531818 10857803 11875190 

539 2 1357
6549865 7586345 

540 1 1358
6553479 

541 1 1359
6612009 

542 2 1361
6621460 9900671 

543 1 1362
6635132 

544 1 1363
6651080 

545 1 1364
6680358 

546 2 1366
6724478 8519435 

547 1 1367
6750874 

548 1 1368
6828915 

549 1 1369
6834659 

550 1 1370
6846905 

551 1 1371
6851735 

552 1 1372
6859191 

553 3 1375
6873234 8883008 12366480 

554 1 1376
6874321 

555 2 1378
6879542 7044455 

556 1 1379
6879923 

557 1 1380
6906933 

558 1 1381
6931148 

559 1 1382
6933265 

560 1 1383
6934520 

561 1 1384
6944636 

562 1 1385
6955289 

563 1 1386
6965509 

564 1 1387
6982490 

565 1 1388
6991801 

566 1 1389
7029942 

567 1 1390
7056397 

568 2 1392
7067724 12438292 

569 1 1393
7077144 

570 1 1394
7077551 

571 1 1395
7083852 

572 1 1396
7103849 

573 1 1397
7111955 

574 2 1399
7112231 11083562 

575 1 1400
7130737 

576 1 1401
7141984 

577 1 1402
7145330 

578 3 1405
7174282 10683571 11420372 

579 1 1406
7251118 

580 1 1407
7268763 

581 1 1408
7281329 

582 1 1409
7294396 

583 1 1410
7309310 

584 1 1411
7353335 

585 1 1412
7365933 

586 1 1413
7378583 

587 1 1414
7400089 

588 2 1416
7413350 9309260 

589 1 1417
7430710 

590 1 1418
7439679 

591 2 1420
7440644 11955652 

592 1 1421
7448375 

593 1 1422
7454598 

594 1 1423
7458383 

595 1 1424
7468074 

596 2 1426
7499772 12197912 

597 1 1427
7501009 

598 1 1428
7512118 

599 1 1429
7529852 

600 1 1430
7546519 

601 1 1431
7547458 

602 1 1432
7548915 

603 1 1433
7550794 

604 1 1434
7560562 

605 2 1436
7571183 8564776 

606 1 1437
7582731 

607 1 1438
7600347 

608 1 1439
7620568 

609 1 1440
7627963 

610 1 1441
7654289 

611 1 1442
7661864 

612 1 1443
7661927 

613 1 1444
7678344 

614 1 1445
7678723 

615 1 1446
7698264 

616 1 1447
7707852 

617 1 1448
7711333 

618 1 1449
7763860 

619 1 1450
7774195 

620 1 1451
7776376 

621 1 1452
7856969 

622 1 1453
7861910 

623 1 1454
7864798 

624 1 1455
7866336 

625 1 1456
7872613 

626 1 1457
7876639 

627 1 1458
7881542 

628 1 1459
7898601 

629 1 1460
7910681 

630 1 1461
7943218 

631 1 1462
7945577 

632 2 1464
7954607 10329762 

633 1 1465
7963876 

634 1 1466
7967078 

635 1 1467
7971623 

636 1 1468
7972916 

637 1 1469
7977449 

638 1 1470
7984653 

639 1 1471
7994279 

640 1 1472
8002612 

641 1 1473
8017632 

642 1 1474
8024362 

643 1 1475
8085717 

644 1 1476
8099364 

645 1 1477
8114997 

646 1 1478
8143928 

647 1 1479
8145969 

648 1 1480
8196956 

649 1 1481
8207020 

650 1 1482
8211980 

651 1 1483
8219955 

652 1 1484
8220836 

653 2 1486
8223388 10314727 

654 1 1487
8233456 

655 1 1488
8233627 

656 1 1489
8249344 

657 1 1490
8253122 

658 1 1491
8253288 

659 1 1492
8277906 

660 1 1493
8304787 

661 1 1494
8323899 

662 1 1495
8326212 

663 1 1496
8378283 

664 1 1497
8389460 

665 2 1499
8405756 8940793 

666 1 1500
8418669 

667 1 1501
8426380 

668 1 1502
8432443 

669 1 1503
8438135 

670 1 1504
8448913 

671 1 1505
8451526 

672 1 1506
8465013 

673 1 1507
8473805 

674 1 1508
8508491 

675 1 1509
8542628 

676 1 1510
8557079 

677 1 1511
8558345 

678 2 1513
8560348 8995691 

679 1 1514
8597391 

680 1 1515
8599030 

681 1 1516
8619520 

682 1 1517
8623407 

683 1 1518
8640963 

684 1 1519
8641915 

685 1 1520
8688635 

686 2 1522
8695360 11145685 

687 1 1523
8716875 

688 1 1524
8728097 

689 1 1525
8730714 

690 1 1526
8746398 

691 1 1527
8748441 

692 1 1528
8838620 

693 1 1529
8841005 

694 1 1530
8868661 

695 1 1531
8888639 

696 1 1532
8889018 

697 1 1533
8891898 

698 2 1535
8894699 12392739 

699 1 1536
8909895 

700 2 1538
8912101 10524826 

701 1 1539
8918503 

702 1 1540
8921580 

703 1 1541
8938422 

704 1 1542
8945542 

705 1 1543
8974564 

706 1 1544
8977809 

707 1 1545
8985835 

708 1 1546
8996418 

709 1 1547
8997267 

710 1 1548
8998432 

711 1 1549
9007350 

712 1 1550
9060675 

713 2 1552
9075548 9542006 

714 1 1553
9078592 

715 1 1554
9084660 

716 1 1555
9130750 

717 1 1556
9133488 

718 1 1557
9169085 

719 1 1558
9199215 

720 1 1559
9210806 

721 1 1560
9219901 

722 2 1562
9263466 11043317 

723 1 1563
9352225 

724 1 1564
9368938 

725 1 1565
9376299 

726 1 1566
9379033 

727 1 1567
9384672 

728 1 1568
9409631 

729 1 1569
9422282 

730 1 1570
9447347 

731 1 1571
9448761 

732 1 1572
9465059 

733 1 1573
9487909 

734 2 1575
9503267 9865554 

735 1 1576
9510690 

736 1 1577
9517958 

737 1 1578
9538877 

738 2 1580
9541055 11045159 

739 2 1582
9543607 10460550 

740 1 1583
9572597 

741 1 1584
9631200 

742 1 1585
9667301 

743 1 1586
9684436 

744 1 1587
9692727 

745 1 1588
9725204 

746 2 1590
9743849 11090453 

747 1 1591
9751354 

748 1 1592
9751613 

749 1 1593
9754329 

750 1 1594
9755689 

751 1 1595
9804209 

752 1 1596
9824638 

753 1 1597
9830840 

754 1 1598
9832662 

755 1 1599
9856412 

756 2 1601
9861010 10552296 

757 3 1604
9866943 11188272 11681090 

758 1 1605
9912273 

759 1 1606
9941959 

760 1 1607
9960361 

761 1 1608
9966482 

762 1 1609
10026013 

763 1 1610
10104797 

764 1 1611
10121117 

765 1 1612
10172371 

766 1 1613
10178005 

767 1 1614
10190327 

768 2 1616
10203752 10500912 

769 1 1617
10214462 

770 1 1618
10221341 

771 1 1619
10226573 

772 1 1620
10230355 

773 1 1621
10241871 

774 1 1622
10244677 

775 1 1623
10246818 

776 1 1624
10257860 

777 1 1625
10267672 

778 1 1626
10274396 

779 1 1627
10286675 

780 1 1628
10302500 

781 1 1629
10310732 

782 1 1630
10313430 

783 1 1631
10316951 

784 1 1632
10327871 

785 1 1633
10332881 

786 1 1634
10350980 

787 1 1635
10382890 

788 1 1636
10384596 

789 1 1637
10415262 

790 1 1638
10450979 

791 1 1639
10452978 

792 1 1640
10484523 

793 1 1641
10499811 

794 1 1642
10522014 

795 1 1643
10523869 

796 1 1644
10529482 

797 1 1645
10532842 

798 1 1646
10580030 

799 1 1647
10638450 

800 1 1648
10640044 

801 1 1649
10643335 

802 1 1650
10672025 

803 1 1651
10690344 

804 1 1652
10702489 

805 1 1653
10705372 

806 1 1654
10710050 

807 1 1655
10711138 

808 1 1656
10721026 

809 1 1657
10733872 

810 1 1658
10735253 

811 1 1659
10738233 

812 1 1660
10766620 

813 1 1661
10775744 

814 1 1662
10776732 

815 1 1663
10785791 

816 1 1664
10804046 

817 1 1665
10855792 

818 2 1667
10870355 11092596 

819 1 1668
10969611 

820 1 1669
10999042 

821 1 1670
11004257 

822 1 1671
11023774 

823 2 1673
11048221 12237480 

824 2 1675
11051571 12177602 

825 1 1676
11053722 

826 1 1677
11067960 

827 1 1678
11081490 

828 2 1680
11084759 11390346 

829 1 1681
11090197 

830 1 1682
11103594 

831 1 1683
11117433 

832 1 1684
11139103 

833 1 1685
11145749 

834 1 1686
11157607 

835 1 1687
11179440 

836 1 1688
11188979 

837 1 1689
11225178 

838 1 1690
11229537 

839 1 1691
11271934 

840 1 1692
11285835 

841 1 1693
11362016 

842 1 1694
11388599 

843 1 1695
11402713 

844 1 1696
11422628 

845 1 1697
11423368 

846 1 1698
11425693 

847 1 1699
11430276 

848 1 1700
11443743 

849 1 1701
11447764 

850 1 1702
11451305 

851 1 1703
11456282 

852 1 1704
11459892 

853 1 1705
11460848 

854 1 1706
11473889 

855 1 1707
11490251 

856 1 1708
11502221 

857 1 1709
11527233 

858 1 1710
11536068 

859 1 1711
11559534 

860 1 1712
11565182 

861 1 1713
11566907 

862 1 1714
11584316 

863 1 1715
11620022 

864 1 1716
11623076 

865 1 1717
11624690 

866 1 1718
11686793 

867 1 1719
11689916 

868 1 1720
11690752 

869 1 1721
11700707 

870 1 1722
11705694 

871 1 1723
11734576 

872 1 1724
11762531 

873 1 1725
11816819 

874 1 1726
11821030 

875 1 1727
11844104 

876 1 1728
11854594 

877 1 1729
11856727 

878 1 1730
11869125 

879 1 1731
11869827 

880 1 1732
11872826 

881 1 1733
11875277 

882 1 1734
11881958 

883 1 1735
11882761 

884 1 1736
11892710 

885 1 1737
11909381 

886 1 1738
11911072 

887 1 1739
11925103 

888 1 1740
11926484 

889 1 1741
11936093 

890 1 1742
11940718 

891 1 1743
11954987 

892 1 1744
11964351 

893 1 1745
11969741 

894 1 1746
11969953 

895 1 1747
11971268 

896 1 1748
11993702 

897 1 1749
11997955 

898 1 1750
12003907 

899 1 1751
12010560 

900 1 1752
12044252 

901 1 1753
12174004 

902 1 1754
12194148 

903 1 1755
12201446 

904 1 1756
12213425 

905 1 1757
12215143 

906 1 1758
12219250 

907 1 1759
12231663 

908 1 1760
12239443 

909 1 1761
12256179 

910 1 1762
12261371 

911 1 1763
12265529 

912 1 1764
12275190 

913 1 1765
12278618 

914 1 1766
12284076 

915 1 1767
12291738 

916 1 1768
12299378 

917 1 1769
12318809 

918 1 1770
12333260 

919 1 1771
12342365 

920 1 1772
12381451 

921 1 1773
12383291 

922 1 1774
12403114 

923 1 1775
12415219 

924 1 1776
12420646 

925 1 1777
12443822 

926 1 1778
12445373 

927 1 1779
12491684 

928 1 1780
12508514 

929 1 1781
12528328 

930 1 1782
12541566 

931 1 1783
12549115 

932 1 1784
12587964 

933 1 1785
12595438 

934 1 1786
12615857 

935 1 1787
12639421 

936 1 1788
12641071 

937 1 1789
13796896 

938 1 1790
15283535 

