1,14
1,20
1,35
1,87
1,106
1,114
1,117
1,138
1,158
1,190
1,196
1,199
1,204
1,208
1,239
1,287
1,298
1,330
1,374
1,376
1,397
1,434
1,453
1,491
1,503
1,536
1,624
1,633
1,641
1,651
1,663
1,683
1,745
1,747
1,763
1,772
1,775
1,785
1,872
1,927
1,944
1,976
1,1016
1,1048
1,1056
1,1073
1,1121
1,1168
1,1275
1,1294
1,1313
1,1385
1,1423
1,1454
1,1470
1,1601
1,1627
1,1648
1,1673
1,1687
1,1777
1,1809
1,1820
1,1836
1,1840
1,1908
1,1960
1,1971
1,1985
1,2026
1,2032
1,2069
1,2077
1,2085
1,2094
1,2110
1,2142
1,2147
1,2240
1,2282
1,2342
1,2360
1,2439
1,2473
1,2539
1,2570
1,2673
1,2696
1,2704
1,2708
1,2812
1,2893
1,3087
1,3180
1,3238
1,3257
1,3374
1,3394
1,3412
1,3421
1,3474
1,3477
1,3659
1,3711
1,3865
1,3987
1,4046
1,4081
1,4154
1,4156
1,4174
1,4218
1,4312
1,4635
1,4668
1,4745
1,4780
1,4849
1,4869
1,4904
1,4934
1,5156
1,5201
1,5245
1,5266
1,5383
1,5387
1,5418
1,5463
1,5586
1,5653
1,5701
1,5706
1,5720
1,5736
1,5805
1,5832
1,5875
1,5979
1,6042
1,6066
1,6184
1,6210
1,6277
1,6325
1,6333
1,6367
1,6439
1,6514
1,6529
1,6584
1,6684
1,6704
1,6793
1,6828
1,6852
1,6873
1,6897
1,6914
1,6950
1,7019
1,7124
1,7188
1,7202
1,7221
1,7479
1,7499
1,7568
1,8061
1,8065
1,8094
1,8176
1,8192
1,8327
1,8535
1,8668
1,8695
1,8825
1,8970
1,9058
1,9192
1,9263
1,9335
1,9350
1,9503
1,9517
1,9573
1,9608
1,9650
1,9863
1,9945
1,10060
1,10092
1,10145
1,10197
1,10332
1,10364
1,10402
1,10450
1,10456
1,10501
1,10513
1,10519
1,10539
1,10554
1,10585
1,10590
1,10592
1,10619
1,10651
1,10767
1,10801
1,10849
1,10882
1,10883
1,10907
1,10915
1,10986
1,11028
1,11068
1,11090
1,11125
1,11128
1,11131
1,11169
1,11181
1,11358
1,11456
1,11664
1,11744
1,11962
1,12134
1,12203
1,12703
1,12879
1,13051
1,13149
1,13251
1,13291
1,13364
1,13687
1,13697
1,13828
1,13830
1,13842
1,13851
1,13884
1,13924
0.875,111
0.875,115
0.875,187
0.875,194
0.875,217
0.875,292
0.875,324
0.875,393
0.875,495
0.875,546
0.875,590
0.875,613
0.875,657
0.875,685
0.875,711
0.875,834
0.875,894
0.875,1030
0.875,1049
0.875,1283
0.875,1446
0.875,1592
0.875,1838
0.875,1946
0.875,2029
0.875,2118
0.875,2661
0.875,2669
0.875,3230
0.875,3575
0.875,3975
0.875,4839
0.875,4919
0.875,6692
0.875,6705
0.875,6742
0.875,6921
0.875,7375
0.875,8150
0.875,8190
0.875,9199
0.875,9407
0.875,9597
0.875,10517
0.875,10535
0.875,10573
0.875,10587
0.875,10606
0.875,10665
0.875,10701
0.875,10891
0.875,10919
0.875,10960
0.875,11069
0.875,13412
0.875,13607
0.8,176
0.8,181
0.8,363
0.8,1018
0.8,2143
0.8,2213
0.8,3859
0.8,4131
0.8,6218
0.8,6630
0.8,6764
0.8,10165
0.8,10317
0.8,11527
0.8,11565
0.77778,152
0.77778,180
0.77778,214
0.77778,329
0.77778,481
0.77778,504
0.77778,677
0.77778,729
0.77778,764
0.77778,822
0.77778,825
0.77778,1129
0.77778,2787
0.77778,2842
0.77778,3099
0.77778,3383
0.77778,3901
0.77778,4430
0.77778,4698
0.77778,5116
0.77778,6023
0.77778,6124
0.77778,6958
0.77778,7886
0.77778,8430
0.77778,9493
0.77778,10571
0.77778,10954
0.77778,10958
0.77778,11118
0.75,211
0.75,673
0.75,6158
0.75,10359
0.66667,266
0.66667,602
0.66667,3551
0.66667,4195
0.66667,6497
0.66667,10542
0.55556,29
0.55556,267
0.55556,929
0.55556,1040
0.55556,4338
0.55556,6576
0.55556,7431
0.55556,12969
0.5,5126
0.5,10922
0.5,12089
0.33333,248
0.33333,380
0.33333,879
0.33333,1026
0.33333,1653
0.33333,1693
0.33333,1716
0.33333,1741
0.33333,2053
0.33333,2347
0.33333,2799
0.33333,3497
0.33333,3800
0.33333,3834
0.33333,4333
0.33333,4492
0.33333,4986
0.33333,4990
0.33333,5083
0.33333,5103
0.33333,5208
0.33333,5396
0.33333,5714
0.33333,6040
0.33333,6930
0.33333,6953
0.33333,9726
0.33333,9823
0.33333,10058
0.33333,10287
0.33333,10415
0.33333,10564
0.33333,11677
0.33333,12265
0.33333,12981
0.33333,13833
0.33333,24
0.33333,557
0.33333,1255
0.33333,13711
0.28571,424
0.28571,531
0.28571,1293
0.28571,1334
0.28571,2777
0.28571,5964
0.28571,7454
0.28571,7511
0.28571,7532
0.28571,7790
0.28571,10552
0.28571,12941
0.25,369
0.25,445
0.25,715
0.25,885
0.25,945
0.25,1204
0.25,1658
0.25,1757
0.25,2965
0.25,3058
0.25,4659
0.25,5671
0.25,6532
0.25,7720
0.25,10522
0.22222,8
0.22222,91
0.22222,120
0.22222,144
0.22222,294
0.22222,304
0.22222,312
0.22222,429
0.22222,669
0.22222,860
0.22222,918
0.22222,1084
0.22222,1148
0.22222,1402
0.22222,1465
0.22222,1539
0.22222,1640
0.22222,1771
0.22222,1808
0.22222,2179
0.22222,2280
0.22222,3410
0.22222,3415
0.22222,4705
0.22222,4720
0.22222,4787
0.22222,5333
0.22222,7761
0.22222,9292
0.22222,9707
0.22222,9857
0.22222,10786
0.22222,13274
0.22222,13603
0.22222,13864
0.22222,13870
0.22222,13913
0.2,359
0.2,2398
0.2,3210
0.2,3360
0.2,3803
0.2,4497
0.2,11529
0.14815,7
0.14815,27
0.14815,229
0.14815,432
0.14815,2163
0.14815,10508
0.14815,11002
0.097561,10
0.097561,45
0.097561,51
0.097561,60
0.097561,192
0.097561,279
0.097561,293
0.097561,364
0.097561,475
0.097561,477
0.097561,569
0.097561,575
0.097561,643
0.097561,644
0.097561,680
0.097561,721
0.097561,758
0.097561,779
0.097561,814
0.097561,877
0.097561,994
0.097561,999
0.097561,1078
0.097561,1156
0.097561,1308
0.097561,1322
0.097561,1386
0.097561,1524
0.097561,1527
0.097561,1563
0.097561,1618
0.097561,1667
0.097561,1720
0.097561,1869
0.097561,2121
0.097561,2133
0.097561,2223
0.097561,2517
0.097561,2577
0.097561,2651
0.097561,2656
0.097561,2690
0.097561,2997
0.097561,3178
0.097561,3267
0.097561,3465
0.097561,3540
0.097561,3592
0.097561,3629
0.097561,3683
0.097561,3722
0.097561,3734
0.097561,3801
0.097561,3820
0.097561,3900
0.097561,4045
0.097561,4086
0.097561,4173
0.097561,4225
0.097561,4281
0.097561,4346
0.097561,4618
0.097561,4733
0.097561,4756
0.097561,4758
0.097561,4759
0.097561,4879
0.097561,4996
0.097561,5048
0.097561,5475
0.097561,5479
0.097561,5729
0.097561,5842
0.097561,5905
0.097561,5930
0.097561,6139
0.097561,6180
0.097561,6686
0.097561,6706
0.097561,6868
0.097561,7247
0.097561,7277
0.097561,7616
0.097561,7706
0.097561,7709
0.097561,7889
0.097561,7904
0.097561,8221
0.097561,8493
0.097561,8687
0.097561,8781
0.097561,8792
0.097561,8870
0.097561,9399
0.097561,9411
0.097561,9488
0.097561,9593
0.097561,9613
0.097561,9718
0.097561,9895
0.097561,9968
0.097561,10277
0.097561,10358
0.097561,10819
0.097561,11129
0.097561,11144
0.097561,11633
0.097561,13076
0.097561,13281
0.097561,13546
0.097561,13773
0.090909,600
0.090909,3072
0.090909,5432
0.090909,9115
0.090909,10551
0.090909,10577
0.069307,1325
0.069307,2703
0.069307,6177
0.069307,6489
0.069307,9483
0.069307,10417
0.069307,10880
0.069307,12720
0.025641,6
0.025641,23
0.025641,34
0.025641,63
0.025641,77
0.025641,83
0.025641,175
0.025641,186
0.025641,218
0.025641,226
0.025641,245
0.025641,258
0.025641,348
0.025641,360
0.025641,398
0.025641,402
0.025641,421
0.025641,427
0.025641,450
0.025641,527
0.025641,576
0.025641,606
0.025641,671
0.025641,697
0.025641,709
0.025641,731
0.025641,741
0.025641,753
0.025641,784
0.025641,806
0.025641,820
0.025641,846
0.025641,853
0.025641,898
0.025641,980
0.025641,1057
0.025641,1179
0.025641,1219
0.025641,1290
0.025641,1362
0.025641,1474
0.025641,1549
0.025641,1576
0.025641,1588
0.025641,1590
0.025641,1603
0.025641,1613
0.025641,1643
0.025641,2187
0.025641,2383
0.025641,2503
0.025641,2578
0.025641,2732
0.025641,2749
0.025641,3208
0.025641,3399
0.025641,3404
0.025641,3438
0.025641,3450
0.025641,3473
0.025641,3534
0.025641,3569
0.025641,3688
0.025641,4190
0.025641,4295
0.025641,4348
0.025641,4598
0.025641,4678
0.025641,4744
0.025641,4859
0.025641,4917
0.025641,4927
0.025641,5003
0.025641,5398
0.025641,5517
0.025641,5638
0.025641,5672
0.025641,5686
0.025641,5695
0.025641,5702
0.025641,5934
0.025641,6000
0.025641,6010
0.025641,6220
0.025641,6224
0.025641,6676
0.025641,6739
0.025641,6775
0.025641,6802
0.025641,6872
0.025641,6942
0.025641,7267
0.025641,7272
0.025641,7610
0.025641,7715
0.025641,7725
0.025641,7793
0.025641,7815
0.025641,7859
0.025641,7902
0.025641,8044
0.025641,8073
0.025641,8106
0.025641,8220
0.025641,8267
0.025641,8468
0.025641,8597
0.025641,8674
0.025641,8791
0.025641,8875
0.025641,9149
0.025641,9184
0.025641,9412
0.025641,9427
0.025641,9636
0.025641,9876
0.025641,9884
0.025641,9892
0.025641,9951
0.025641,9994
0.025641,10154
0.025641,10164
0.025641,10255
0.025641,10411
0.025641,10507
0.025641,10553
0.025641,10616
0.025641,10729
0.025641,11264
0.025641,12902
0.025641,12958
0.014286,4
0.014286,26
0.014286,53
0.014286,57
0.014286,68
0.014286,125
0.014286,129
0.014286,145
0.014286,153
0.014286,185
0.014286,275
0.014286,288
0.014286,289
0.014286,300
0.014286,314
0.014286,404
0.014286,415
0.014286,416
0.014286,422
0.014286,440
0.014286,496
0.014286,507
0.014286,520
0.014286,614
0.014286,634
0.014286,690
0.014286,761
0.014286,790
0.014286,923
0.014286,1034
0.014286,1118
0.014286,1264
0.014286,1277
0.014286,1341
0.014286,1503
0.014286,1511
0.014286,1975
0.014286,2120
0.014286,2276
0.014286,4114
0.014286,4597
0.014286,4725
0.014286,5618
0.014286,9070
0,22
0,31
0,37
0,40
0,43
0,48
0,59
0,62
0,65
0,66
0,69
0,71
0,74
0,88
0,101
0,105
0,116
0,128
0,141
0,155
0,177
0,184
0,195
0,206
0,225
0,236
0,250
0,252
0,253
0,254
0,268
0,315
0,343
0,351
0,353
0,356
0,361
0,378
0,388
0,405
0,409
0,411
0,423
0,441
0,476
0,479
0,492
0,493
0,501
0,537
0,544
0,553
0,579
0,592
0,597
0,617
0,618
0,696
0,714
0,733
0,749
0,757
0,765
0,766
0,783
0,801
0,838
0,850
0,876
0,895
0,950
0,1006
0,1011
0,1014
0,1023
0,1029
0,1038
0,1061
0,1063
0,1090
0,1128
0,1130
0,1160
0,1164
0,1203
0,1210
0,1222
0,1259
0,1280
0,1282
0,1307
0,1361
0,1381
0,1391
0,1419
0,1447
0,1448
0,1542
0,1580
0,1607
0,1623
0,1624
0,1662
0,1675
0,1676
0,1690
0,1830
0,1832
0,1853
0,1883
0,1892
0,1940
0,1964
0,1984
0,2014
0,2033
0,2075
0,2080
0,2134
0,2141
0,2159
0,2184
0,2193
0,2199
0,2217
0,2224
0,2283
0,2340
0,2358
0,2387
0,2495
0,2536
0,2540
0,2561
0,2590
0,2679
0,2695
0,2713
0,2727
0,2741
0,2781
0,2792
0,2833
0,2866
0,2875
0,2886
0,2910
0,2933
0,2939
0,3029
0,3033
0,3034
0,3043
0,3049
0,3056
0,3113
0,3119
0,3186
0,3198
0,3214
0,3245
0,3268
0,3365
0,3416
0,3458
0,3470
0,3483
0,3509
0,3525
0,3570
0,3612
0,3620
0,3625
0,3676
0,3737
0,3779
0,3903
0,3912
0,3938
0,3941
0,3948
0,3978
0,4008
0,4062
0,4089
0,4166
0,4177
0,4343
0,4397
0,4484
0,4551
0,4558
0,4626
0,4632
0,4679
0,4734
0,4754
0,4814
0,4847
0,4854
0,4860
0,4931
0,4933
0,5032
0,5084
0,5092
0,5112
0,5171
0,5227
0,5275
0,5373
0,5389
0,5424
0,5442
0,5556
0,5570
0,5601
0,5603
0,5643
0,5708
0,5774
0,5817
0,5818
0,5900
0,5947
0,5960
0,6069
0,6070
0,6071
0,6140
0,6230
0,6254
0,6303
0,6317
0,6394
0,6425
0,6449
0,6462
0,6463
0,6471
0,6547
0,6578
0,6591
0,6651
0,6662
0,6713
0,6754
0,6761
0,6787
0,6795
0,6833
0,6838
0,6894
0,6983
0,6995
0,7082
0,7106
0,7129
0,7198
0,7240
0,7317
0,7320
0,7338
0,7397
0,7414
0,7463
0,7560
0,7571
0,7732
0,7758
0,7764
0,7784
0,7830
0,7840
0,7934
0,8016
0,8142
0,8143
0,8163
0,8179
0,8261
0,8482
0,8557
0,8562
0,8602
0,8644
0,8869
0,8883
0,8901
0,8925
0,8934
0,8962
0,8982
0,8989
0,9083
0,9092
0,9144
0,9157
0,9252
0,9261
0,9269
0,9289
0,9317
0,9319
0,9326
0,9372
0,9426
0,9549
0,9576
0,9584
0,9619
0,9691
0,9692
0,9701
0,9715
0,9736
0,9843
0,9861
0,9909
0,9938
0,9955
0,10004
0,10007
0,10013
0,10022
0,10101
0,10110
0,10247
0,10265
0,10267
0,10268
0,10279
0,10282
0,10379
0,10386
0,10388
0,10403
0,10470
0,10518
0,10525
0,10536
0,10547
0,10550
0,10586
0,10596
0,10603
0,10613
0,10618
0,10627
0,10650
0,10655
0,10660
0,10661
0,10664
0,10669
0,10681
0,10682
0,10700
0,10709
0,10710
0,10727
0,10730
0,10740
0,10751
0,10775
0,10797
0,10811
0,10814
0,10825
0,10846
0,10857
0,10873
0,10894
0,10909
0,10916
0,10926
0,10939
0,10945
0,11014
0,11015
0,11056
0,11107
0,11309
0,11342
0,11506
0,11607
0,11651
0,11916
0,12080
0,12110
0,12112
0,12129
0,12196
0,12432
0,12447
0,12453
0,12825
0,12900
0,12954
0,13012
0,13386
0,13423
0,13441
0,13535
0,13600
0,13601
0,13717
0,13860
