1,23
1,24
1,45
1,59
1,62
1,114
1,116
1,128
1,181
1,184
1,195
1,199
1,208
1,211
1,225
1,226
1,252
1,268
1,287
1,298
1,353
1,380
1,393
1,479
1,495
1,531
1,613
1,624
1,641
1,657
1,677
1,764
1,806
1,820
1,850
1,872
1,885
1,929
1,950
1,1016
1,1018
1,1049
1,1084
1,1160
1,1168
1,1204
1,1219
1,1325
1,1588
1,1607
1,1624
1,1964
1,2032
1,2069
1,2077
1,2276
1,2398
1,2787
1,2965
1,3230
1,3410
1,3509
1,3534
1,3570
1,3592
1,3901
1,4062
1,4131
1,4598
1,4847
1,4927
1,5126
1,5333
1,5418
1,5424
1,5517
1,5570
1,5638
1,5672
1,5695
1,5842
1,6124
1,6303
1,6394
1,6651
1,6873
1,6894
1,6995
1,7106
1,7317
1,7397
1,7886
1,8016
1,8106
1,8792
1,9092
1,9199
1,9317
1,9426
1,9483
1,9573
1,9584
1,9692
1,9857
1,9884
1,10164
1,10197
1,10522
1,10710
1,10909
1,10915
1,10954
1,11090
1,11118
1,11144
1,11264
1,12089
1,12112
1,12129
1,12265
1,12703
1,13076
1,13441
1,13860
1,13884
0.9,214
0.9,361
0.9,423
0.9,590
0.9,741
0.9,876
0.9,994
0.9,1290
0.9,1454
0.9,1984
0.9,2026
0.9,2134
0.9,2347
0.9,2578
0.9,2708
0.9,3394
0.9,3569
0.9,3575
0.9,3711
0.9,4558
0.9,4917
0.9,5686
0.9,5832
0.9,5905
0.9,6676
0.9,6775
0.9,6828
0.9,6921
0.9,7889
0.9,7902
0.9,8143
0.9,8220
0.9,8267
0.9,8825
0.9,9350
0.9,9608
0.9,9619
0.9,9691
0.9,10539
0.9,10729
0.9,10907
0.9,11181
0.8,6
0.8,27
0.8,144
0.8,152
0.8,229
0.8,294
0.8,475
0.8,477
0.8,493
0.8,643
0.8,651
0.8,669
0.8,673
0.8,680
0.8,683
0.8,1030
0.8,1078
0.8,1210
0.8,1307
0.8,1465
0.8,1603
0.8,1653
0.8,1836
0.8,1840
0.8,1908
0.8,1971
0.8,2142
0.8,2147
0.8,2179
0.8,2282
0.8,2473
0.8,2561
0.8,2590
0.8,3208
0.8,3268
0.8,3474
0.8,3625
0.8,3683
0.8,3975
0.8,4081
0.8,4173
0.8,4919
0.8,5714
0.8,5805
0.8,6158
0.8,6180
0.8,6706
0.8,6953
0.8,7454
0.8,7709
0.8,9115
0.8,10092
0.8,10402
0.8,10508
0.8,10619
0.8,10819
0.8,10958
0.8,11028
0.8,12134
0.8,12720
0.8,13830
0.8,13851
0.8,13924
0.75,504
0.7,1121
0.7,1255
0.7,2075
0.7,3374
0.7,12196
0.7,12958
0.66667,427
0.66667,491
0.66667,749
0.66667,758
0.66667,853
0.66667,877
0.66667,1985
0.66667,2193
0.66667,3800
0.66667,6868
0.66667,10586
0.625,1662
0.625,10550
0.625,10681
0.55556,11565
0.42857,1771
0.33333,1275
0.33333,1720
0.33333,2014
0.33333,2141
0.33333,2495
0.33333,4990
0.33333,7904
0.33333,8602
0.28571,3072
0.21875,2163
0.2,10
0.2,69
0.2,101
0.2,217
0.2,253
0.2,378
0.2,409
0.2,879
0.2,894
0.2,1011
0.2,1023
0.2,1130
0.2,1385
0.2,1676
0.2,1892
0.2,2159
0.2,2213
0.2,2358
0.2,2536
0.2,2792
0.2,2812
0.2,3180
0.2,3267
0.2,3483
0.2,3620
0.2,3722
0.2,3865
0.2,3978
0.2,4156
0.2,4225
0.2,4343
0.2,4348
0.2,4626
0.2,4787
0.2,4814
0.2,4934
0.2,5171
0.2,5227
0.2,5383
0.2,5463
0.2,6184
0.2,6254
0.2,6333
0.2,6463
0.2,6578
0.2,6838
0.2,6852
0.2,7124
0.2,7221
0.2,7571
0.2,7610
0.2,7793
0.2,8065
0.2,8073
0.2,8094
0.2,8327
0.2,8493
0.2,8668
0.2,8695
0.2,8791
0.2,8870
0.2,8875
0.2,8883
0.2,9372
0.2,9411
0.2,9726
0.2,9876
0.2,9895
0.2,9955
0.2,10007
0.2,10022
0.2,10110
0.2,10247
0.2,10268
0.2,10279
0.2,10282
0.2,10450
0.2,10553
0.2,10613
0.2,10939
0.2,13842
0.2,258
0.2,279
0.2,356
0.2,369
0.2,445
0.2,766
0.2,838
0.2,1063
0.2,1090
0.2,1623
0.2,1757
0.2,2080
0.2,2539
0.2,2732
0.2,3113
0.2,3186
0.2,4744
0.2,5092
0.2,5960
0.2,6042
0.2,6462
0.2,6761
0.2,6897
0.2,7019
0.2,7320
0.2,8150
0.2,8221
0.2,8261
0.2,8482
0.2,9994
0.2,10058
0.2,10552
0.2,10590
0.2,10596
0.2,10603
0.2,10606
0.2,10650
0.2,10660
0.2,10661
0.2,10664
0.2,10682
0.2,10701
0.2,10709
0.2,10727
0.2,10730
0.2,10751
0.2,10797
0.2,10811
0.2,10846
0.2,10849
0.2,10857
0.2,10894
0.2,10960
0.2,11128
0.2,11169
0.2,11506
0.2,12203
0.2,12879
0.2,13546
0.2,13607
0.19048,31
0.19048,11607
0.16667,138
0.16667,176
0.16667,293
0.16667,329
0.16667,411
0.16667,696
0.16667,1038
0.16667,1693
0.16667,1716
0.16667,1883
0.16667,2085
0.16667,2143
0.16667,2713
0.16667,2727
0.16667,2933
0.16667,3477
0.16667,3676
0.16667,3859
0.16667,4484
0.16667,4618
0.16667,4756
0.16667,5818
0.16667,6218
0.16667,6367
0.16667,7463
0.16667,8190
0.16667,8562
0.16667,8989
0.16667,9718
0.16667,10525
0.16667,10655
0.16667,10926
0.16667,10945
0.16667,11014
0.16667,11529
0.16667,11677
0.16667,12080
0.16667,12447
0.16667,12981
0.16667,13833
0.14286,10573
0.14286,196
0.14286,2673
0.13043,22
0.13043,29
0.13043,37
0.13043,40
0.13043,43
0.13043,71
0.13043,87
0.13043,106
0.13043,158
0.13043,175
0.13043,180
0.13043,194
0.13043,206
0.13043,218
0.13043,248
0.13043,292
0.13043,312
0.13043,324
0.13043,363
0.13043,397
0.13043,398
0.13043,434
0.13043,453
0.13043,476
0.13043,553
0.13043,569
0.13043,579
0.13043,597
0.13043,618
0.13043,644
0.13043,685
0.13043,733
0.13043,745
0.13043,765
0.13043,775
0.13043,783
0.13043,822
0.13043,927
0.13043,1006
0.13043,1026
0.13043,1282
0.13043,1283
0.13043,1313
0.13043,1419
0.13043,1446
0.13043,1448
0.13043,1474
0.13043,1563
0.13043,1590
0.13043,1613
0.13043,1673
0.13043,1741
0.13043,1869
0.13043,2094
0.13043,2184
0.13043,2224
0.13043,2240
0.13043,2280
0.13043,2340
0.13043,2342
0.13043,2383
0.13043,2503
0.13043,2661
0.13043,2669
0.13043,2690
0.13043,2695
0.13043,2696
0.13043,2875
0.13043,2886
0.13043,2910
0.13043,2939
0.13043,2997
0.13043,3033
0.13043,3099
0.13043,3119
0.13043,3198
0.13043,3399
0.13043,3412
0.13043,3416
0.13043,3458
0.13043,3473
0.13043,3497
0.13043,3779
0.13043,3903
0.13043,3941
0.13043,3987
0.13043,4089
0.13043,4166
0.13043,4177
0.13043,4190
0.13043,4346
0.13043,4492
0.13043,4720
0.13043,4734
0.13043,4759
0.13043,4780
0.13043,4854
0.13043,4860
0.13043,4879
0.13043,4931
0.13043,5048
0.13043,5083
0.13043,5084
0.13043,5112
0.13043,5275
0.13043,5389
0.13043,5556
0.13043,5653
0.13043,5701
0.13043,5774
0.13043,5930
0.13043,5934
0.13043,5964
0.13043,6000
0.13043,6210
0.13043,6220
0.13043,6449
0.13043,6471
0.13043,6497
0.13043,6514
0.13043,6529
0.13043,6547
0.13043,6576
0.13043,6630
0.13043,6684
0.13043,6686
0.13043,6692
0.13043,6713
0.13043,6742
0.13043,6787
0.13043,6795
0.13043,6872
0.13043,6950
0.13043,6958
0.13043,7188
0.13043,7198
0.13043,7240
0.13043,7375
0.13043,7511
0.13043,7732
0.13043,7764
0.13043,7790
0.13043,7859
0.13043,7934
0.13043,8176
0.13043,8430
0.13043,8781
0.13043,9083
0.13043,9157
0.13043,9263
0.13043,9269
0.13043,9335
0.13043,9399
0.13043,9493
0.13043,9517
0.13043,9576
0.13043,9597
0.13043,9861
0.13043,9863
0.13043,9892
0.13043,9909
0.13043,9968
0.13043,10004
0.13043,10013
0.13043,10265
0.13043,10287
0.13043,10379
0.13043,10386
0.13043,10411
0.13043,10415
0.13043,10470
0.13043,10501
0.13043,10587
0.13043,10922
0.13043,11069
0.13043,11107
0.13043,11125
0.13043,11129
0.13043,11342
0.13043,11744
0.13043,12110
0.13043,12453
0.13043,12825
0.13043,12900
0.13043,13012
0.13043,13051
0.13043,13291
0.13043,13535
0.13043,13600
0.13043,13601
0.13043,13717
0.13043,13870
0.12,20
0.12,34
0.12,35
0.12,48
0.12,51
0.12,60
0.12,66
0.12,77
0.12,88
0.12,105
0.12,120
0.12,155
0.12,177
0.12,187
0.12,190
0.12,192
0.12,236
0.12,239
0.12,254
0.12,315
0.12,348
0.12,402
0.12,527
0.12,544
0.12,575
0.12,576
0.12,715
0.12,721
0.12,729
0.12,731
0.12,747
0.12,753
0.12,772
0.12,784
0.12,785
0.12,825
0.12,846
0.12,860
0.12,918
0.12,980
0.12,999
0.12,1029
0.12,1048
0.12,1056
0.12,1057
0.12,1073
0.12,1156
0.12,1203
0.12,1222
0.12,1293
0.12,1294
0.12,1322
0.12,1362
0.12,1381
0.12,1386
0.12,1402
0.12,1423
0.12,1447
0.12,1470
0.12,1524
0.12,1640
0.12,1643
0.12,1648
0.12,1658
0.12,1667
0.12,1687
0.12,1777
0.12,1808
0.12,1820
0.12,1853
0.12,2118
0.12,2121
0.12,2133
0.12,2187
0.12,2199
0.12,2217
0.12,2540
0.12,2577
0.12,2679
0.12,2777
0.12,2781
0.12,2799
0.12,2842
0.12,3056
0.12,3058
0.12,3214
0.12,3383
0.12,3438
0.12,3450
0.12,3470
0.12,3540
0.12,3629
0.12,3659
0.12,3688
0.12,3734
0.12,3801
0.12,4045
0.12,4659
0.12,4668
0.12,4679
0.12,4705
0.12,4733
0.12,4758
0.12,4869
0.12,4933
0.12,4986
0.12,4996
0.12,5003
0.12,5103
0.12,5116
0.12,5156
0.12,5201
0.12,5208
0.12,5396
0.12,5475
0.12,5479
0.12,5586
0.12,5601
0.12,5603
0.12,5671
0.12,5720
0.12,5979
0.12,6010
0.12,6023
0.12,6071
0.12,6177
0.12,6224
0.12,6277
0.12,6439
0.12,6764
0.12,7267
0.12,7272
0.12,7338
0.12,7414
0.12,7532
0.12,7706
0.12,7715
0.12,7720
0.12,7725
0.12,7761
0.12,7784
0.12,7815
0.12,8163
0.12,8179
0.12,8597
0.12,8901
0.12,9149
0.12,9184
0.12,9289
0.12,9407
0.12,9412
0.12,9427
0.12,9593
0.12,9613
0.12,9650
0.12,9707
0.12,9736
0.12,10154
0.12,10267
0.12,10277
0.12,10359
0.12,10403
0.12,10517
0.12,10536
0.12,10616
0.12,10665
0.12,10700
0.12,10786
0.12,10825
0.12,10873
0.12,11068
0.12,11358
0.12,11527
0.12,11633
0.12,11962
0.12,12432
0.12,12902
0.12,12941
0.12,12954
0.12,13251
0.12,13281
0.12,13364
0.12,13412
0.12,13773
0.12,13913
0.11111,267
0.11111,492
0.11111,1014
0.11111,1259
0.11111,1627
0.11111,2033
0.11111,2360
0.11111,3029
0.11111,4174
0.11111,6066
0.11111,6584
0.11111,7202
0.11111,8644
0.11111,9058
0.11111,9503
0.11111,10986
0.11111,11015
0.11111,13828
0.1,117
0.1,245
0.1,388
0.1,441
0.1,1838
0.1,2387
0.1,2517
0.1,10767
0.1,10882
0.1,10883
0.1,63
0.1,83
0.1,111
0.1,115
0.1,304
0.1,330
0.1,351
0.1,364
0.1,405
0.1,421
0.1,429
0.1,450
0.1,481
0.1,537
0.1,606
0.1,697
0.1,709
0.1,945
0.1,976
0.1,1061
0.1,1334
0.1,1361
0.1,1391
0.1,1527
0.1,1549
0.1,1576
0.1,1809
0.1,1960
0.1,2029
0.1,2439
0.1,2570
0.1,2656
0.1,2741
0.1,2749
0.1,2833
0.1,2893
0.1,3034
0.1,3178
0.1,3360
0.1,3365
0.1,3404
0.1,3465
0.1,3551
0.1,3612
0.1,3803
0.1,3820
0.1,3900
0.1,3948
0.1,4086
0.1,4154
0.1,4295
0.1,4497
0.1,4678
0.1,4698
0.1,4754
0.1,4839
0.1,4904
0.1,5373
0.1,5387
0.1,5708
0.1,5729
0.1,5875
0.1,6069
0.1,6139
0.1,6325
0.1,6489
0.1,6793
0.1,6802
0.1,6942
0.1,6983
0.1,7247
0.1,7499
0.1,7560
0.1,7616
0.1,7758
0.1,7840
0.1,8044
0.1,8468
0.1,8535
0.1,8674
0.1,8687
0.1,8970
0.1,9488
0.1,9636
0.1,9701
0.1,9843
0.1,9938
0.1,10145
0.1,10255
0.1,10358
0.1,10507
0.1,10542
0.1,10554
0.1,10919
0.1,11131
0.1,13274
0.1,13423
0.083333,1946
0.074074,4
0.074074,53
0.074074,57
0.074074,129
0.074074,600
0.074074,1118
0.074074,1264
0.074074,1341
0.074074,2120
0.074074,4725
0.074074,5618
0.066667,91
0.066667,557
0.066667,814
0.066667,834
0.066667,1308
0.066667,1539
0.066667,3415
0.066667,3421
0.066667,3912
0.066667,9144
0.066667,10364
0.066667,10551
0.05,7
0.05,266
0.05,432
0.05,11002
0.025,65
0.025,141
0.025,204
0.025,343
0.025,374
0.025,536
0.025,617
0.025,663
0.025,711
0.025,757
0.025,779
0.025,801
0.025,944
0.025,1040
0.025,1128
0.025,1129
0.025,1164
0.025,1179
0.025,1542
0.025,1580
0.025,1618
0.025,1675
0.025,1690
0.025,1832
0.025,1940
0.025,2053
0.025,2223
0.025,2651
0.025,2703
0.025,2704
0.025,2866
0.025,3049
0.025,3238
0.025,3245
0.025,3257
0.025,3525
0.025,3834
0.025,3938
0.025,4008
0.025,4046
0.025,4195
0.025,4218
0.025,4312
0.025,4333
0.025,4338
0.025,4430
0.025,4551
0.025,4632
0.025,4635
0.025,4745
0.025,4849
0.025,4859
0.025,5032
0.025,5266
0.025,5398
0.025,5432
0.025,5442
0.025,5643
0.025,5736
0.025,5817
0.025,5947
0.025,6040
0.025,6140
0.025,6230
0.025,6591
0.025,6662
0.025,6704
0.025,6754
0.025,6833
0.025,6914
0.025,6930
0.025,7082
0.025,7129
0.025,7277
0.025,7431
0.025,7568
0.025,7830
0.025,8061
0.025,8192
0.025,8557
0.025,8925
0.025,8934
0.025,8962
0.025,8982
0.025,9192
0.025,9292
0.025,9319
0.025,9326
0.025,9823
0.025,9945
0.025,10060
0.025,10101
0.025,10332
0.025,10388
0.025,10456
0.025,10518
0.025,10585
0.025,10627
0.025,10775
0.025,10916
0.025,11056
0.025,11309
0.025,11456
0.025,11651
0.025,11664
0.025,11916
0.025,12969
0.025,13149
0.025,13386
0.025,13687
0.025,13711
0,8
0,14
0,26
0,68
0,74
0,125
0,145
0,153
0,185
0,186
0,250
0,275
0,288
0,289
0,300
0,314
0,359
0,360
0,376
0,404
0,415
0,416
0,422
0,424
0,440
0,496
0,501
0,503
0,507
0,520
0,546
0,592
0,602
0,614
0,633
0,634
0,671
0,690
0,714
0,761
0,763
0,790
0,895
0,898
0,923
0,1034
0,1148
0,1277
0,1280
0,1503
0,1511
0,1592
0,1601
0,1830
0,1975
0,2110
0,2283
0,3043
0,3087
0,3210
0,3737
0,4114
0,4281
0,4397
0,4597
0,5245
0,5702
0,5706
0,5900
0,6070
0,6317
0,6425
0,6532
0,6705
0,6739
0,7479
0,8142
0,8869
0,9070
0,9252
0,9261
0,9549
0,9715
0,9951
0,10165
0,10317
0,10417
0,10513
0,10519
0,10535
0,10547
0,10564
0,10571
0,10577
0,10592
0,10618
0,10651
0,10669
0,10740
0,10801
0,10814
0,10880
0,10891
0,13603
0,13697
0,13864
