_corr_DT: [12,14,20,27,31,32,33,34,39,40]
_nmi_DT: [2,7,13,15,18,20,21,29,31,32,33,34,37,39,40]
_relief_DT: [5,6,8,9,12,13,16,17,19,25,26,27,28,29,33,34,35,38,41,43]
_forward_DT: [8,9,10,11,14,27,32,39,42,44]
_backward_DT: [5,6,12,22,23,24,28,31,34,43]
_float_DT: [6,12,17,20,26,27,28,33,34,35,37,38,40,42]

_corr_NB: [2,3,12,13,14,15,22,27,31,33,34,35,36,37,39,40,41,42,44,45]
_nmi_NB: [19,20,21,29,31,34,37,39,41,44]
_relief_NB: [5,6,13,16,17,19,25,26,27,28,29,33,34,41,43]
_forward_NB: [1,2,8,9,17,23,24,25,26,34,35,36,37,39,43]
_backward_NB: [1,6,8,9,10,11,14,16,17,18,20,21,23,24,25,26,27,30,32,34,35,38,43]
_float_NB: [6,11,14,15,18,22,25,26,29,31,33,34,35,36,39,40,41]